1694395973074 -5.117544892156085 0
1694395973778 -5.470848359301002 1
1694395974480 -5.419005722379076 2
1694395975105 -5.779374120973266 3
1694395975692 -5.28806405119101 4
1694395976392 -4.946680635601158 5
1694395977140 -7.0512570321059815 6
1694395977885 -5.363590215938606 7
1694395978567 -5.765028281935165 8
1694395979236 -5.37300564021627 9
1694395979856 -5.631177492955337 10
1694395980530 -5.8767271159003105 11
1694395981243 -5.036812672420774 12
1694395981949 -7.856379707787552 13
1694395982597 -5.065292666927194 14
1694395983315 -5.582308939118408 15
1694395984007 -4.786136984079629 16
1694395984666 -5.5075331703956945 17
1694395985331 -6.285994319269903 18
1694395986005 -5.099276088272335 19
1694395986628 -5.448983834537385 20
1694395987226 -5.722106907641873 21
1694395987911 -5.763497758815478 22
1694395988612 -5.44722167989251 23
1694395989348 -5.81990067084686 24
1694395990003 -5.439650382023353 25
1694395990754 -4.867782710030394 26
1694395991427 -5.642459207758809 27
1694395992146 -6.150571562168989 28
1694395992842 -8.48378015529314 29
1694395993548 -5.225728670198426 30
1694395994300 -5.82741295640377 31
1694395995045 -5.084262996088129 32
1694395995757 -5.195602901135912 33
1694395996487 -6.221654308735725 34
1694395997169 -5.908782553403965 35
1694395997761 -5.961207515752535 36
1694395998502 -5.639204309702673 37
1694395999206 -6.359897112772766 38
1694395999833 -5.301948010473547 39
1694396000483 -5.148882828386406 40
1694396001145 -9.769292283319945 41
1694396001822 -6.659971427091472 42
1694396002429 -5.678656431465335 43
1694396003057 -4.452375880667831 44
1694396003779 -16.546984201786398 45
1694396004447 -4.804242680942065 46
1694396005200 -5.962086129506355 47
1694396005953 -5.233123062021183 48
1694396006731 -6.167811392415338 49
1694396007486 -5.217393621947586 50
1694396008231 -5.132246691023081 51
1694396008910 -5.4641419880853785 52
1694396009577 -5.731599214460803 53
1694396010242 -6.2478151404907845 54
1694396010926 -5.33589602486886 55
1694396011577 -5.331286621311636 56
1694396012213 -5.425155424192775 57
1694396013069 -6.0885565541923 58
1694396013808 -6.150060511798833 59
1694396014481 -5.314987569279911 60
1694396015236 -5.760580055190074 61
1694396015939 -5.29623504204821 62
1694396016628 -5.879326482778611 63
1694396017262 -5.318610972261695 64
1694396018016 -5.7794951861337225 65
1694396018660 -4.90815098889589 66
1694396019345 -4.667055253738546 67
1694396019940 -5.621802397136792 68
1694396020583 -5.761442051776611 69
1694396021277 -5.208884317383262 70
1694396021921 -5.466728309491859 71
1694396022532 -5.919318802442305 72
1694396023147 -5.216829521235683 73
1694396023793 -5.231128633575805 74
1694396024460 -5.685079434834318 75
1694396025089 -5.741911076831499 76
1694396025769 -4.448061657994846 77
1694396026415 -5.235661333388094 78
1694396027185 -6.63500043013998 79
1694396027889 -5.463732244821243 80
1694396028568 -5.4098649794521885 81
1694396029315 -5.1042730410373265 82
1694396030004 -5.7654425659902 83
1694396030738 -35.55596062148191 84
1694396031575 -5.24149243503727 85
1694396032272 -5.427621309571355 86
1694396032979 -5.60770627471546 87
1694396033682 -5.230336304943097 88
1694396034375 -5.267997573416605 89
1694396035020 -4.786678263818178 90
1694396035642 -5.663322358683976 91
1694396036330 -5.423881738686207 92
1694396036994 -5.222165003190803 93
1694396037754 -6.031378716468121 94
1694396038367 -5.758408636927555 95
1694396039074 -5.347933398235033 96
1694396039661 -5.1540017423989966 97
1694396040354 -5.0984537912122665 98
1694396041056 -4.651619861290515 99
