1694395972663 3.1857264909387406 0
1694395973315 6.727096530289679 1
1694395974058 0.10735728764060064 2
1694395974701 4.164075588140562 3
1694395975319 7.650523927262716 4
1694395975946 0.23497549674109902 5
1694395976687 0.2428605878958589 6
1694395977405 2.0963450785610305 7
1694395978181 0.28572214651887046 8
1694395978826 3.920177401582321 9
1694395979506 2.7287138349816975 10
1694395980094 1.1935193827477542 11
1694395980787 0.002886808045622825 12
1694395981580 0.1619584344898767 13
1694395982190 0.08925238311595918 14
1694395982855 1.2128758605586867 15
1694395983593 16.365290878459913 16
1694395984250 3.771650415276953 17
1694395984932 8.944927004719976e-05 18
1694395985582 1.1074454505604638 19
1694395986222 4.765112547749671 20
1694395986847 4.021005757515506 21
1694395987492 5.191712656722906 22
1694395988168 3.5539036649157496 23
1694395988935 0.03242142851836964 24
1694395989631 3.453486373079044 25
1694395990302 24.483956772955334 26
1694395990999 1.0395885173587611 27
1694395991681 4.006335136164393 28
1694395992415 9.971880513079878 29
1694395993093 0.21570988127686389 30
1694395993810 5.776635969392393e-05 31
1694395994612 1.061596729916257 32
1694395995305 5.626007711884993 33
1694395996031 0.3129340203383294 34
1694395996753 0.22980378196986417 35
1694395997415 4.313162665570146 36
1694395998042 0.2083704944750877 37
1694395998794 0.00149274690817252 38
1694395999500 3.01187033662667 39
1694396000080 2.030071162778553 40
1694396000730 10.241529119509233 41
1694396001439 34.78341607801902 42
1694396002056 17.57569577429641 43
1694396002683 0.43783949934576577 44
1694396003337 11.173061971447737 45
1694396004034 3.4446323974344764 46
1694396004747 1.0538583204529541 47
1694396005518 0.6816572188968254 48
1694396006241 1.078899009380915 49
1694396006994 0.09743222566538018 50
1694396007774 0.2277704897698318 51
1694396008468 6.7128755613593905 52
1694396009202 0.3171762560908043 53
1694396009841 15.973682229531445 54
1694396010516 17.606439688126958 55
1694396011161 10.931934137274617 56
1694396011846 0.12965754402269436 57
1694396012502 0.468176512145069 58
1694396013379 0.1404931754855205 59
1694396014047 0.133618123319035 60
1694396014785 0.13562196446080713 61
1694396015497 10.137813956174526 62
1694396016198 0.8222658474170244 63
1694396016884 0.8419176384026169 64
1694396017520 3.202163883320226 65
1694396018261 0.5763476294309656 66
1694396018933 1.2399187922508248 67
1694396019564 0.0003063202629849191 68
1694396020224 6.1737659449412705 69
1694396020886 2.581893062921127 70
1694396021542 1.9164580355058696 71
1694396022173 1.0144771997158115 72
1694396022808 0.9025703824093231 73
1694396023359 6.3629388176742125 74
1694396024025 22.282639321062764 75
1694396024746 1.5306344372985108 76
1694396025339 0.26488209699666276 77
1694396026061 16.207556999617378 78
1694396026708 0.8882645558701867 79
1694396027462 0.013056839418208444 80
1694396028205 27.60583920637462 81
1694396028833 51.577347559471555 82
1694396029596 0.011553733891803848 83
1694396030291 7.83440234043606 84
1694396031024 0.020162688780105475 85
1694396031872 0.10336280267723894 86
1694396032555 7.044584878002363 87
1694396033255 0.06494329124597206 88
1694396033980 0.04239939637335002 89
1694396034641 0.4816694430247962 90
1694396035265 0.5320708387340214 91
1694396035940 0.7103230214135335 92
1694396036591 0.6947529236395283 93
1694396037275 14.041601045507047 94
1694396038022 0.0982618236986011 95
1694396038664 3.8596675452688607 96
1694396039354 0.10522310726633533 97
1694396039898 0.0031203962931548976 98
1694396040649 1.8076504950781147 99
