1694492202907 0.37292595681171525 0
1694492203334 0.32326509922322655 1
1694492203743 0.32495732148280415 2
1694492204219 0.33768263324347203 3
1694492204606 0.31046502096719863 4
1694492205031 0.32005920307492663 5
1694492205499 0.34296409842046666 6
1694492205895 0.34057134927301047 7
1694492206279 0.3126031737231558 8
1694492206650 0.32248018126078043 9
1694492207066 0.3379003537301101 10
1694492207479 0.3234335248205336 11
1694492207981 0.32787151958212124 12
1694492208351 0.29284569379930475 13
1694492208756 0.3577372400692025 14
1694492209190 0.3261880409057826 15
1694492209577 0.30125160524478733 16
1694492209999 0.3055889249896461 17
1694492210452 0.3139525314746312 18
1694492210884 0.31992414790893936 19
1694492211377 0.3057966951084783 20
1694492211790 0.32640790212929083 21
1694492212202 0.31890876024655285 22
1694492212585 0.6433317738777792 23
1694492212979 0.3258441410292422 24
1694492213413 0.3507814270752792 25
1694492213838 0.3416073563916963 26
1694492214224 0.30615341015577424 27
1694492214656 0.32216285104415626 28
1694492215038 0.3183862880469095 29
1694492215428 0.31468819331103354 30
1694492215866 0.32946875418288774 31
1694492216269 0.3469100612444121 32
1694492216704 0.3172900104517325 33
1694492217126 0.3144112676422874 34
1694492217559 0.32983737218101616 35
1694492217935 0.31148376692535 36
1694492218303 0.4287373620855549 37
1694492218672 0.3043615133968191 38
1694492219073 0.3130103782515837 39
1694492219473 0.3206384796134159 40
1694492219874 0.32655748818654545 41
1694492220290 0.3160765298932089 42
1694492220704 0.29694852530536453 43
1694492221120 0.30355345357373825 44
1694492221528 0.34169785032309363 45
1694492221933 0.3180720556482645 46
1694492222310 0.8730159054334791 47
1694492222722 0.32717329925200533 48
1694492223105 0.3208768557628855 49
