1694492203063 0.4723135886027304 0
1694492203461 0.5425831937324457 1
1694492203906 0.5401887165577341 2
1694492204367 0.5221825306802288 3
1694492204759 0.5606951734355312 4
1694492205198 0.5471195039648353 5
1694492205623 0.5147093115189918 6
1694492206041 0.5180950270690426 7
1694492206400 0.5576697091732519 8
1694492206804 0.543693844614421 9
1694492207183 0.521874458420352 10
1694492207677 0.5423448732363605 11
1694492208121 0.5360651560786609 12
1694492208483 0.5856263410162168 13
1694492208912 0.4938054673126717 14
1694492209308 0.5384472611725938 15
1694492209729 0.5737320623687547 16
1694492210136 0.5675947993291572 17
1694492210621 0.5557603817677406 18
1694492211093 0.5473106056422026 19
1694492211523 0.567300806737868 20
1694492211936 0.5381361597919594 21
1694492212317 0.548747368790369 22
1694492212726 0.08969212548859384 23
1694492213102 0.5389338759775353 24
1694492213593 0.5036478714952453 25
1694492213968 0.5166290876012856 26
1694492214371 0.5667960585974909 27
1694492214783 0.5441428636225638 28
1694492215154 0.5494866616045291 29
1694492215598 0.5547194277999021 30
1694492216010 0.5338050854688171 31
1694492216396 0.5091258145163251 32
1694492216851 0.5510378831795568 33
1694492217257 0.5551112747864027 34
1694492217698 0.5332834947748579 35
1694492218082 0.559253658333235 36
1694492218422 0.39334102145889804 37
1694492218820 0.5693315741684943 38
1694492219199 0.5570935189339135 39
1694492219605 0.5462998335926914 40
1694492220001 0.5379244970521958 41
1694492220410 0.5527549457479608 42
1694492220827 0.5798208764341592 43
1694492221237 0.5704749705463741 44
1694492221657 0.5165010396147081 45
1694492222069 0.5499312972319425 46
1694492222417 -0.23530856947970613 47
1694492222847 0.5370531306983775 48
1694492223260 0.5459625337813515 49
