1694492202789 0.005555460396355973 0
1694492203202 0.44875821618787326 1
1694492203621 0.5420371279347457 2
1694492204068 0.0008601966453021993 3
1694492204502 0.359340471662985 4
1694492204904 0.13260930116424272 5
1694492205342 0.0019543054799312973 6
1694492205758 3.150666662417017e-05 7
1694492206176 0.24617209910320978 8
1694492206539 0.05595974217354492 9
1694492206933 0.17869616871578026 10
1694492207359 0.37013878099753417 11
1694492207868 0.15786124179386152 12
1694492208257 0.2058601954672852 13
1694492208625 0.09750247327803399 14
1694492209043 0.016506655074404287 15
1694492209456 0.01781721167407171 16
1694492209856 1.0168069238149189 17
1694492210307 0.12809190479145022 18
1694492210763 0.1354499240618091 19
1694492211239 0.32633429837728384 20
1694492211660 0.54213206858815 21
1694492212071 1.4989359099759727 22
1694492212461 0.09711881479292991 23
1694492212861 0.16174345870174175 24
1694492213277 0.03370117703018037 25
1694492213730 0.6477157695006955 26
1694492214116 0.06808819234370662 27
1694492214527 0.14530264751460611 28
1694492214929 0.5695285790589768 29
1694492215278 0.9414120484172734 30
1694492215747 1.0164210312319195 31
1694492216147 0.747260452411609 32
1694492216568 0.027788515208429822 33
1694492216992 0.17687068247959575 34
1694492217400 0.10012895505497174 35
1694492217831 0.003321586790256906 36
1694492218211 0.0009388833755840067 37
1694492218567 0.22868164867094123 38
1694492218974 0.28190558850143627 39
1694492219357 0.019979910778670132 40
1694492219747 0.45957005832849984 41
1694492220160 0.1750824218108086 42
1694492220565 0.21262859956953545 43
1694492220997 0.00082816633805423 44
1694492221414 0.6094268085321196 45
1694492221790 0.23858573485285253 46
1694492222196 0.2663900662536624 47
1694492222563 6.602617351411393e-05 48
1694492222972 0.24872521839996664 49
