1694397661213 4.218451668792335 0
1694397661611 4.646801985832118 1
1694397661968 4.696145815742462 2
1694397662389 4.668947997664142 3
1694397662807 3.7586477988556224 4
1694397663247 4.558532078747352 5
1694397663566 4.499448805616277 6
1694397664038 4.039218253791053 7
1694397664417 4.2238211099483625 8
1694397664795 3.8901981174842124 9
1694397665169 4.680917820417888 10
1694397665586 4.2328300011022275 11
1694397665895 4.470305828891455 12
1694397666190 8.24889694086806 13
1694397666487 4.105495196923493 14
1694397666795 4.499332948804546 15
1694397667105 4.465557457375722 16
1694397667377 4.300629468158321 17
1694397667661 4.563247761917841 18
1694397667978 4.4403648841359695 19
1694397668249 4.488509178770856 20
1694397668695 4.933171340843536 21
1694397669083 4.288422959470358 22
1694397669453 4.111626247359438 23
1694397669839 4.251079464965426 24
1694397670266 4.488832869339846 25
1694397670609 4.514332913381413 26
1694397671014 4.495645629885424 27
1694397671330 5.80177084710266 28
1694397671627 4.4659408525815145 29
1694397672030 12.703062658932645 30
1694397672363 4.5337681690862075 31
1694397672777 3.951743038789114 32
1694397673157 3.957559585110423 33
1694397673563 3.9139406774427385 34
1694397673934 4.136430996991473 35
1694397674257 4.146860285872961 36
1694397674733 5.008660379385435 37
1694397675075 4.950268752643647 38
1694397675429 4.6934667940139825 39
1694397675748 3.8225555061392784 40
1694397676086 4.520721024303265 41
1694397676411 5.231070418767333 42
1694397676719 4.284825662155092 43
1694397677051 4.245259883233344 44
1694397677349 4.849575864442209 45
1694397677667 4.313326772438285 46
1694397678014 3.969395986574662 47
1694397678378 4.065305607276634 48
1694397678702 4.557137263393326 49
1694397679082 3.9235134845525153 50
1694397679412 4.295341864919488 51
1694397679721 4.294120989237273 52
1694397680095 4.810162533432417 53
1694397680463 4.8402621983584115 54
1694397680837 4.1124659697212795 55
1694397681095 4.240781354212473 56
1694397681361 4.729921417868712 57
1694397681602 4.144832481528821 58
1694397681868 4.4565364788800546 59
1694397682130 4.461541191977678 60
1694397682394 4.072413907628222 61
1694397682649 4.0878593148349145 62
1694397682883 4.052844992794816 63
1694397683208 4.226781204274682 64
1694397683623 4.458983301026089 65
1694397684001 4.73517562541441 66
1694397684340 4.331733022796904 67
1694397684721 4.928947016832714 68
1694397685071 4.693456380755974 69
1694397685483 4.645884257443933 70
1694397685850 6.203816074142142 71
1694397686271 4.652752342025224 72
1694397686706 3.9832913984585048 73
1694397687090 4.376094289684058 74
1694397687461 4.088896797623935 75
1694397687869 4.179407969143007 76
1694397688228 4.510942901917962 77
1694397688593 4.096981455867294 78
1694397688994 3.9604220190111756 79
1694397689363 4.156892310687429 80
1694397689720 4.689757098312655 81
1694397690118 4.856812273506279 82
1694397690474 3.992059992241608 83
1694397690793 6.108842284752119 84
1694397691226 4.519581904292051 85
1694397691649 4.181798345293824 86
1694397692055 4.340976281340792 87
1694397692456 4.588781459480883 88
1694397692797 4.641524409498257 89
1694397693189 4.275924878323523 90
1694397693566 4.494055547730327 91
1694397693905 4.81295777428424 92
1694397694259 7.088850173467853 93
1694397694604 4.506510540279015 94
1694397695011 4.806428717732208 95
1694397695335 4.837387269173234 96
1694397695681 9.822279205747495 97
1694397696071 3.8852282948019763 98
1694397696472 5.052794964465503 99
