1694397661360 -5.2208509708353645 0
1694397661718 -5.852529059108313 1
1694397662145 -5.9252952388119615 2
1694397662546 -5.885187259325366 3
1694397662971 -4.542789071525155 4
1694397663353 -5.722359513432089 5
1694397663720 -5.6352308070072485 6
1694397664176 -4.956539690000882 7
1694397664535 -5.228769158798836 8
1694397664936 -4.736783217151729 9
1694397665344 -5.902838874027801 10
1694397665731 -5.242054357653968 11
1694397666020 -5.592254348039416 12
1694397666309 -11.164453352054291 13
1694397666621 -5.054276731550885 14
1694397666931 -5.63505995570532 15
1694397667197 -5.5852520367952065 16
1694397667485 -5.3420366292486 17
1694397667813 -5.72931361994617 18
1694397668067 -5.54810114447712 19
1694397668428 -5.619098397861646 20
1694397668815 -6.27483117846631 21
1694397669215 -5.324035979393161 22
1694397669587 -5.063318046718451 23
1694397670026 -5.268966410678178 24
1694397670372 -5.619575736693151 25
1694397670790 -5.657180048935454 26
1694397671130 -5.629622353646846 27
1694397671429 -7.555734340579837 28
1694397671749 -5.58581742064346 29
1694397672169 -17.7329062601366 30
1694397672482 -5.685840761161705 31
1694397672901 -4.827542057956273 32
1694397673280 -4.836119581339439 33
1694397673691 -4.771795809155751 34
1694397674017 -5.099897024728634 35
1694397674426 -5.1152768505409085 36
1694397674827 -6.38615307938434 37
1694397675204 -6.3000443275423885 38
1694397675529 -5.921344548788939 39
1694397675854 -4.637032256966985 40
1694397676202 -5.666600445125837 41
1694397676531 -6.714135907692646 42
1694397676831 -5.318731130066189 43
1694397677150 -5.260384411046488 44
1694397677440 -6.1515549052365355 45
1694397677767 -5.3607610437633735 46
1694397678123 -4.853574442819714 47
1694397678479 -4.995010093598931 48
1694397678837 -5.720302612196637 49
1694397679198 -4.785912601542642 50
1694397679511 -5.334239125727336 51
1694397679834 -5.332438729214757 52
1694397680235 -6.093432997549416 53
1694397680599 -6.137820261995733 54
1694397680931 -5.064556365438217 55
1694397681201 -5.253780030151595 56
1694397681448 -5.975103320964953 57
1694397681698 -5.112286495402737 58
1694397681945 -5.571949013022809 59
1694397682235 -5.579329345139074 60
1694397682476 -5.005492536119323 61
1694397682721 -5.028269513067409 62
1694397682959 -4.9766347199352055 63
1694397683382 -5.233134339938608 64
1694397683754 -5.575557283809749 65
1694397684092 -5.9828515766468735 66
1694397684477 -5.3879043061266545 67
1694397684837 -6.268601667691478 68
1694397685232 -5.9213291926034755 69
1694397685605 -5.8511757067452095 70
1694397686021 -8.148620934362787 71
1694397686458 -5.861303908746758 72
1694397686877 -4.874065678300079 73
1694397687233 -5.453322817905278 74
1694397687606 -5.029799464414973 75
1694397687994 -5.163274149779108 76
1694397688378 -5.6521808791548525 77
1694397688750 -5.0417217188416705 78
1694397689153 -4.840340744957878 79
1694397689507 -5.130070840423076 80
1694397689881 -5.915873948218633 81
1694397690219 -6.162226266647312 82
1694397690588 -4.886996516302093 83
1694397690947 -8.00856533190048 84
1694397691424 -5.664920611768948 85
1694397691813 -5.1667991809910285 86
1694397692227 -5.4015351210324685 87
1694397692584 -5.766967560241173 88
1694397692928 -5.844746342026822 89
1694397693332 -5.305605354524078 90
1694397693665 -5.627277497075081 91
1694397694022 -6.097555073166738 92
1694397694375 -9.453759802432105 93
1694397694750 -5.645644580206895 94
1694397695127 -6.0879268277868475 95
1694397695467 -6.133580671876685 96
1694397695840 -13.484682990425956 97
1694397696219 -4.729454337106383 98
1694397696601 -6.451237308859785 99
