1694397661130 19.13984230091475 0
1694397661495 0.06252719137354025 1
1694397661841 14.822257944170333 2
1694397662279 0.8939714811917964 3
1694397662676 31.36336886189058 4
1694397663115 0.37068683708474937 5
1694397663474 0.000454167105246846 6
1694397663889 0.0646948152165123 7
1694397664307 0.6646033450356127 8
1694397664691 6.240008854200405 9
1694397665048 0.902784727284823 10
1694397665483 0.8352513796272341 11
1694397665821 3.0544073571738055 12
1694397666123 2.072221021174932 13
1694397666421 4.755310151891958 14
1694397666720 8.905802246954341 15
1694397667038 5.961291038143348 16
1694397667302 1.2893366045182288 17
1694397667589 5.0940378961966575 18
1694397667918 4.222596895403888 19
1694397668172 0.4110993356266857 20
1694397668583 1.8689507911731547 21
1694397668930 0.003016567325845836 22
1694397669333 0.5632304482441611 23
1694397669722 10.791255018907217 24
1694397670155 0.017099645282051216 25
1694397670489 0.06813406794456749 26
1694397670909 0.3587845742714303 27
1694397671233 0.18925797693286797 28
1694397671546 1.3567793472150678 29
1694397671930 9.98503135288531 30
1694397672285 1.8078522134399857 31
1694397672619 0.002240270856302637 32
1694397673033 0.001439637626957707 33
1694397673440 3.5711771118528244 34
1694397673831 3.7406796252167713 35
1694397674148 0.3699778005547948 36
1694397674589 2.895542943299063 37
1694397674969 5.2417054773266925 38
1694397675317 0.01275132489113736 39
1694397675652 2.8375860692220884 40
1694397675977 4.421228739963704 41
1694397676316 5.611100046749739 42
1694397676637 0.6671434279535549 43
1694397676947 0.34473808852122845 44
1694397677268 1.0904478044626005 45
1694397677555 0.048472231440179675 46
1694397677886 3.848526591618386 47
1694397678265 0.05974760700974373 48
1694397678610 1.0536140196374484 49
1694397678950 0.974429342880202 50
1694397679314 0.23556602165930207 51
1694397679626 11.17642829004043 52
1694397679953 4.003170440521937 53
1694397680361 0.45368868356277436 54
1694397680766 8.491045472845771 55
1694397681028 0.6527923884134293 56
1694397681298 4.157943321463234 57
1694397681540 0.006024715796421375 58
1694397681801 7.842776145530001 59
1694397682063 4.887942987405903 60
1694397682327 3.049387826740245 61
1694397682582 7.2710955829594734 62
1694397682824 2.6262379456991907 63
1694397683085 2.6848268451472594 64
1694397683501 2.1617699358214564 65
1694397683883 5.970831969247358 66
1694397684227 1.8679355066460281 67
1694397684625 0.06626899394584466 68
1694397684971 1.429317086841903 69
1694397685370 0.8231540595019539 70
1694397685738 1.603449822605995 71
1694397686159 0.231359735728946 72
1694397686592 0.17221377419655476 73
1694397687004 3.2848930266674654 74
1694397687360 0.13915325188098646 75
1694397687747 0.29719272611140657 76
1694397688122 11.63128692071908 77
1694397688502 3.0608574689323196 78
1694397688886 4.805175620750739 79
1694397689271 7.630069716531392 80
1694397689628 2.546862746681358 81
1694397690012 0.4748510727159544 82
1694397690349 3.7392507136249002 83
1694397690696 0.15487053896670572 84
1694397691096 0.06058819944823825 85
1694397691547 0.003153695327216595 86
1694397691947 0.20030904840665176 87
1694397692357 0.03484142581276991 88
1694397692709 5.244300804463548 89
1694397693075 0.1074008108380668 90
1694397693462 1.511860373449164 91
1694397693790 0.13354195382034498 92
1694397694139 11.976901225326413 93
1694397694497 0.6648507488883956 94
1694397694889 1.1644646701163468 95
1694397695245 0.009806281881384698 96
1694397695591 13.859760941583572 97
1694397695976 1.4401737413366054 98
1694397696357 3.9427464902466043 99
