1694509090566 168.63153374285602 0
1694509090877 167.9566750223532 1
1694509091217 167.28476783025795 2
1694509091514 166.6157988701709 3
1694509091821 165.94975490654014 4
1694509092105 165.2866227643801 5
1694509092408 164.62638932899202 6
1694509092699 163.9690415456857 7
1694509093002 163.31456641950228 8
1694509093313 162.66295101493864 9
1694509093631 162.01418245567285 10
1694509093948 161.36824792429118 11
1694509094278 160.72513466201582 12
1694509094638 160.0848299684345 13
1694509094968 159.447321201231 14
1694509095329 158.81259577591703 15
1694509095681 158.18064116556522 16
1694509096026 157.55144490054352 17
1694509096362 156.9249945682507 18
1694509096706 156.30127781285339 19
1694509097044 155.68028233502358 20
1694509097380 155.06199589167838 21
1694509097680 154.44640629572015 22
1694509098065 153.83350141577816 23
1694509098387 153.22326917595157 24
1694509098703 152.61569755555325 25
1694509099046 152.01077458885527 26
1694509099370 151.40848836483497 27
1694509099675 150.8088270269228 28
1694509100076 150.2117787727511 29
1694509100421 149.61733185390366 30
1694509100762 149.02547457566718 31
1694509101123 148.43619529678335 32
1694509101461 147.8494824292021 33
1694509101817 147.26532443783645 34
1694509102138 146.68370984031776 35
1694509102481 146.1046272067529 36
1694509102825 145.5280651594819 37
1694509103153 144.95401237283718 38
1694509103505 144.38245757290358 39
1694509103881 143.8133895372797 40
1694509104204 143.24679709484033 41
1694509104580 142.68266912549984 42
1694509104931 142.1209945599768 43
1694509105250 141.5617623795597 44
1694509105620 141.00496161587364 45
1694509105955 140.45058135064824 46
1694509106282 139.89861071548648 47
1694509106641 139.3490388916348 48
1694509106962 138.8018551097541 49
