1694509090677 -247.67693712324098 0
1694509091005 -246.68173891872567 1
1694509091314 -245.69089326339224 2
1694509091622 -244.70438054935477 3
1694509091918 -243.72218125845768 4
1694509092204 -242.74427596186115 5
1694509092509 -241.77064531962893 6
1694509092807 -240.80127008031792 7
1694509093123 -239.8361310805694 8
1694509093432 -238.87520924470266 9
1694509093724 -237.91848558431013 10
1694509094063 -236.96594119785468 11
1694509094421 -236.01755727026824 12
1694509094753 -235.07331507255304 13
1694509095100 -234.13319596138416 14
1694509095449 -233.19718137871413 15
1694509095789 -232.26525285137927 16
1694509096151 -231.3373919907079 17
1694509096473 -230.4135804921304 18
1694509096811 -229.49380013479123 19
1694509097161 -228.57803278116222 20
1694509097483 -227.6662603766583 21
1694509097844 -226.7584649492547 22
1694509098174 -225.85462860910565 23
1694509098483 -224.95473354816565 24
1694509098814 -224.0587620398115 25
1694509099141 -223.16669643846706 26
1694509099481 -222.2785191792287 27
1694509099796 -221.3942127774936 28
1694509100194 -220.51375982858903 29
1694509100533 -219.63714300740332 30
1694509100887 -218.76434506801922 31
1694509101229 -217.8953488433482 32
1694509101578 -217.03013724476676 33
1694509101934 -216.1686932617547 34
1694509102274 -215.31099996153446 35
1694509102612 -214.45704048871272 36
1694509102932 -213.60679806492328 37
1694509103297 -212.7602559884718 38
1694509103637 -211.91739763398215 39
1694509103993 -211.07820645204413 40
1694509104331 -210.2426659688635 41
1694509104702 -209.41075978591277 42
1694509105026 -208.58247157958425 43
1694509105365 -207.75778510084453 44
1694509105731 -206.93668417489033 45
1694509106074 -206.11915270080644 46
1694509106408 -205.3051746512247 47
1694509106750 -204.4947340719848 48
1694509107096 -203.687815081797 49
