1694509090466 169.9766840142897 0
1694509090756 169.30322832062294 1
1694509091093 168.6327046268442 2
1694509091393 167.96509974601352 3
1694509091703 167.30040055153515 4
1694509091999 166.6385939768788 5
1694509092284 165.9796670153021 6
1694509092592 165.3236067195744 7
1694509092886 164.67040020170174 8
1694509093205 164.02003463265325 9
1694509093516 163.3724972420887 10
1694509093805 162.72777531808748 11
1694509094158 162.08585620687845 12
1694509094522 161.44672731257174 13
1694509094863 160.8103760968909 14
1694509095209 160.17679007890717 15
1694509095546 159.54595683477433 16
1694509095891 158.91786399746516 17
1694509096252 158.292499256509 18
1694509096566 157.66985035773044 19
1694509096910 157.04990510298933 20
1694509097258 156.43265134992217 21
1694509097577 155.81807701168424 22
1694509097943 155.2061700566933 23
1694509098290 154.59691850837456 24
1694509098579 153.99031044490627 25
1694509098924 153.38633399896733 26
1694509099240 152.78497735748527 27
1694509099577 152.18622876138588 28
1694509099911 151.59007650534397 29
1694509100289 150.99650893753494 30
1694509100634 150.40551445938803 31
1694509100986 149.81708152534028 32
1694509101331 149.23119864259183 33
1694509101680 148.64785437086232 34
1694509102023 148.06703732214845 35
1694509102378 147.48873616048255 36
1694509102723 146.91293960169247 37
1694509103031 146.33963641316245 38
1694509103391 145.76881541359504 39
1694509103737 145.2004654727743 40
1694509104094 144.63457551133 41
1694509104439 144.07113450050284 42
1694509104805 143.51013146191104 43
1694509105139 142.95155546731746 44
1694509105500 142.39539563839872 45
1694509105835 141.8416411465142 46
1694509106176 141.29028121247723 47
1694509106512 140.74130510632656 48
1694509106848 140.19470214709938 49
