1694512607542 164.04259591096493 0
1694512607827 158.55543505049866 1
1694512608083 153.26152283895365 2
1694512608368 148.1548249083354 3
1694512608655 143.22831540791478 4
1694512608920 138.47597773927768 5
1694512609196 133.89107353451098 6
1694512609470 129.46753092047234 7
1694512609729 125.20076712597248 8
1694512609984 121.08427948413004 9
1694512610243 117.11261690175675 10
1694512610508 113.28074830920818 11
1694512610754 109.5832387148204 12
1694512611023 106.0163358275929 13
1694512611295 102.57412624558083 14
1694512611559 99.2523397726074 15
1694512611812 96.04779034835504 16
1694512612105 92.95560960923699 17
1694512612391 89.9717070875267 18
1694512612699 87.09231766504155 19
1694512612990 84.31339310265145 20
1694512613279 81.63180979317458 21
1694512613558 79.04413040054216 22
1694512613830 76.54664525639842 23
1694512614103 74.13613929550668 24
1694512614388 71.81010517133582 25
1694512614676 69.56467263204448 26
1694512614948 67.39733790610521 27
1694512615205 65.30541749617271 28
1694512615511 63.286439911235234 29
1694512615787 61.33722649386504 30
1694512616066 59.4558131573572 31
1694512616333 57.639573323583086 32
1694512616608 55.88599923722411 33
1694512616891 54.19292562392116 34
1694512617167 52.5582765274593 35
1694512617448 50.980713511153965 36
1694512617753 49.457338351447135 37
1694512618073 47.986496200826394 38
1694512618375 46.56602377125211 39
1694512618662 45.19456317160178 40
1694512618980 43.87015907975209 41
1694512619296 42.59145347029096 42
1694512619624 41.355983564936594 43
1694512619966 40.16310297628274 44
1694512620302 39.011392752879054 45
1694512620630 37.89851741968454 46
1694512620945 36.82405443956002 47
1694512621253 35.78611439567327 48
1694512621567 34.783151058487306 49
