1694512607657 -228.83648654529964 0
1694512607945 -221.1485457011853 1
1694512608195 -213.73136130451095 2
1694512608494 -206.5764787345077 3
1694512608755 -199.674054225673 4
1694512609021 -193.0156580538076 5
1694512609310 -186.59184923928302 6
1694512609570 -180.39412061368955 7
1694512609828 -174.41605135673387 8
1694512610080 -168.64853072433834 9
1694512610340 -163.08392130928402 10
1694512610603 -157.71517419013546 11
1694512610851 -152.53467451916663 12
1694512611124 -147.5371650436789 13
1694512611400 -142.7143606257848 14
1694512611661 -138.06027838719177 15
1694512611915 -133.57045440860344 16
1694512612215 -129.2380677324765 17
1694512612531 -125.0573872941117 18
1694512612827 -121.02313786892657 19
1694512613108 -117.12964755778304 20
1694512613403 -113.37253994310475 21
1694512613679 -109.74699904864639 22
1694512613933 -106.24782733936287 23
1694512614197 -102.87052025780122 24
1694512614504 -99.61156481567895 25
1694512614779 -96.46553848794808 26
1694512615050 -93.4289332951854 27
1694512615342 -90.49798944806265 28
1694512615631 -87.66924419467979 29
1694512615909 -84.93824398776722 30
1694512616162 -82.3022369884807 31
1694512616457 -79.7575431557592 32
1694512616734 -77.300648928577 33
1694512616994 -74.92852058847619 34
1694512617276 -72.63824955869342 35
1694512617583 -70.4279605849185 36
1694512617898 -68.2935930296316 37
1694512618206 -66.23282832224496 38
1694512618498 -64.24263552728934 39
1694512618792 -62.32111213326779 40
1694512619110 -60.46551858119938 41
1694512619440 -58.67395217143697 42
1694512619776 -56.94296235929561 43
1694512620102 -55.27164350554438 44
1694512620440 -53.65800754839899 45
1694512620767 -52.09878230495562 46
1694512621056 -50.59337576768742 47
1694512621381 -49.139140716072646 48
1694512621709 -47.733910761788785 49
