1694512607446 155.9153435521048 0
1694512607742 158.9709752545473 1
1694512608012 152.781464162605 2
1694512608271 143.70908347730523 3
1694512608569 145.18389308907842 4
1694512608843 143.9367842034097 5
1694512609106 128.97256745753012 6
1694512609386 126.87299529131167 7
1694512609646 124.0622929347365 8
1694512609909 127.11223606938515 9
1694512610162 111.53407717088221 10
1694512610428 118.17725018362765 11
1694512610681 99.92851833789766 12
1694512610938 105.80183190742555 13
1694512611204 98.2132778246859 14
1694512611473 99.40326458840862 15
1694512611737 101.62660340477062 16
1694512611999 79.92329622969555 17
1694512612312 96.4114569352116 18
1694512612610 83.80108453853533 19
1694512612906 76.66292505785339 20
1694512613194 78.27428186689282 21
1694512613487 74.02786680952948 22
1694512613758 71.81762733956387 23
1694512614021 73.9315362704517 24
1694512614296 63.591597353179985 25
1694512614589 66.1631571474339 26
1694512614863 66.3479010586892 27
1694512615130 60.80929913062168 28
1694512615431 56.91683235459866 29
1694512615710 57.73694513645947 30
1694512615986 54.65974375619976 31
1694512616248 54.91057422558916 32
1694512616534 57.283055822680595 33
1694512616809 58.26449878628447 34
1694512617081 52.82378221044322 35
1694512617365 46.64139495118299 36
1694512617664 46.717245618046505 37
1694512617981 48.34645451984737 38
1694512618292 48.00049060064361 39
1694512618583 44.24016928570515 40
1694512618876 44.52857372362745 41
1694512619206 41.551057262269005 42
1694512619533 45.0125137852533 43
1694512619872 39.1168071362618 44
1694512620196 33.77207782317731 45
1694512620534 42.52763104213867 46
1694512620857 30.7174990872496 47
1694512621157 34.59009813695055 48
1694512621475 39.27522830659854 49
