1694494469423 161.97127997482804 0
1694494469856 155.56870208624406 1
1694494470251 149.43044840357936 2
1694494470678 143.54550706705453 3
1694494471178 137.90332715733678 4
1694494471633 132.49379946812553 5
1694494472021 127.3072379482207 6
1694494472356 122.33436192538612 7
1694494472673 117.5662790790006 8
1694494473029 112.9944691298871 9
1694494473419 108.61076821704711 10
1694494473799 104.40735393230784 11
1694494474213 100.37673098511527 12
1694494474593 96.51171747088043 13
1694494475038 92.80543171741024 14
1694494475486 89.2512796850311 15
1694494475962 85.84294289704413 16
1694494476344 82.5743668781393 17
1694494476753 79.43975007933999 18
1694494477201 76.43353326895613 19
1694494477576 73.55038936989119 20
1694494478017 70.78521372447834 21
1694494478529 68.13311476881715 22
1694494479008 65.58940509934335 23
1694494479444 63.149592915094544 24
1694494479823 60.809373819831976 25
1694494480203 58.5646229688495 26
1694494480544 56.41138754593968 27
1694494480978 54.345879556602014 28
1694494481416 52.36446892416536 29
1694494481822 50.463676876059715 30
1694494482248 48.64016960801123 31
1694494482641 46.89075221445092 32
1694494483005 45.21236287392192 33
1694494483427 43.602067278743135 34
1694494483846 42.057053298641335 35
1694494484323 40.57462586849734 36
1694494484681 39.152202090768526 37
1694494485022 37.78730654354745 38
1694494485457 36.47756678559868 39
1694494485856 35.2207090500808 40
1694494486277 34.01455411901047 41
1694494486735 32.857013370860884 42
1694494487178 31.746084994007653 43
1694494487597 30.679850359042533 44
1694494487980 29.656470543270043 45
1694494488379 28.674183000983827 46
1694494488816 27.731298373389574 47
1694494489208 26.826197432300216 48
1694494489620 25.957328151976554 49
