1694494469575 -237.855218309829 0
1694494469988 -228.4134880255399 1
1694494470383 -219.36155040029024 2
1694494470838 -210.68316650473403 3
1694494471321 -202.3627771475072 4
1694494471773 -194.38547452101426 5
1694494472148 -186.73697483448493 6
1694494472465 -179.40359209992567 7
1694494472774 -172.37221302229068 8
1694494473177 -165.63027294725848 9
1694494473557 -159.16573282197135 10
1694494473936 -152.96705712598325 11
1694494474347 -147.02319273146895 12
1694494474747 -141.32354865347887 13
1694494475214 -135.8579766526815 14
1694494475689 -130.61675265462347 15
1694494476110 -125.59055895105722 16
1694494476493 -120.77046715034344 17
1694494476897 -116.14792184532871 18
1694494477327 -111.71472496843482 19
1694494477702 -107.46302080497551 20
1694494478220 -103.38528163694059 21
1694494478717 -99.47429399066051 22
1694494479186 -95.72314546288811 23
1694494479596 -92.12521210091 24
1694494479970 -88.67414631332939 25
1694494480318 -85.36386528915078 26
1694494480684 -82.1885399037398 27
1694494481140 -79.14258409113759 28
1694494481549 -76.22064466307587 29
1694494481963 -73.41759155586811 30
1694494482408 -70.72850848714772 31
1694494482753 -68.14868400518525 32
1694494483165 -65.67360291424586 33
1694494483581 -63.29893806014606 34
1694494483992 -61.02054246083794 35
1694494484433 -58.83444176748939 36
1694494484795 -56.73682704214235 37
1694494485166 -54.724047838617686 38
1694494485580 -52.792605573899316 39
1694494485974 -50.93914717776775 40
1694494486428 -49.160459008969845 41
1694494486885 -47.45346102670557 42
1694494487341 -45.81520120668624 43
1694494487722 -44.242850191471234 44
1694494488119 -42.73369616522535 45
1694494488523 -41.28513994345405 46
1694494488940 -39.89469026867216 47
1694494489329 -38.55995930334343 48
1694494489773 -37.27865831179317 49
