1694494469252 169.291911417836 0
1694494469702 162.64967604257706 1
1694494470119 156.2871389447932 2
1694494470548 150.18595489354377 3
1694494471028 144.33525405613972 4
1694494471471 138.72462162917367 5
1694494471894 133.34407884062904 6
1694494472235 128.18406461394179 7
1694494472549 123.23541800550065 8
1694494472871 118.48936138288383 9
1694494473289 113.93748431251949 10
1694494473666 109.57172812678266 11
1694494474051 105.3843711418111 12
1694494474448 101.36801449853837 13
1694494474892 97.51556860060695 14
1694494475319 93.82024012393941 15
1694494475797 90.27551957381255 16
1694494476233 86.87516936630301 17
1694494476605 83.61321241195124 18
1694494477010 80.48392118042835 19
1694494477419 77.4818072258887 20
1694494477830 74.6016111535505 21
1694494478344 71.83829300887012 22
1694494478849 69.1870230714648 23
1694494479294 66.64317303669237 24
1694494479698 64.20230756852138 25
1694494480066 61.860176208015694 26
1694494480422 59.612705622422084 27
1694494480787 57.45599218048365 28
1694494481247 55.386294840210006 29
1694494481666 53.40002833591813 30
1694494482091 51.49375665191461 31
1694494482502 49.66418677072461 32
1694494482845 47.90816268428436 33
1694494483279 46.22265965700323 34
1694494483694 44.60477873007127 35
1694494484135 43.05174145683627 36
1694494484536 41.56088485950564 37
1694494484888 40.12965659783942 38
1694494485276 38.75561034089563 39
1694494485726 37.436401333267106 40
1694494486121 36.16978214761038 41
1694494486545 34.95359861561381 42
1694494487051 33.785785929884234 43
1694494487462 32.6643649095486 44
1694494487833 31.58743842267193 45
1694494488223 30.553187958884056 46
1694494488666 29.55987034588678 47
1694494489063 28.605814603780384 48
1694494489451 27.689418931404408 49
