1694492633537 10.793680205414065 0
1694492634028 4.467274130264156 1
1694492634409 3.5067284358248645 2
1694492634778 3.050799921058562 3
1694492635203 2.754638639729746 4
1694492635599 2.525521484553391 5
1694492636023 2.3327315686500496 6
1694492636435 2.1731073127157847 7
1694492636830 2.0229008244340694 8
1694492637229 1.893961419227986 9
1694492637610 1.7807177152510405 10
1694492638016 1.67112559075142 11
1694492638382 1.572394649107876 12
1694492638773 1.4884751978507689 13
1694492639183 1.4013847194234226 14
1694492639582 1.3230674667216433 15
1694492640063 1.2498420220854307 16
1694492640513 1.1833481100271248 17
1694492640898 1.1185458529141195 18
1694492641246 1.0587551456376474 19
1694492641658 1.005927930205953 20
1694492642056 0.9528580950198625 21
1694492642418 0.9077985778209265 22
1694492642815 0.8656425345682993 23
1694492643174 0.8211236940407536 24
1694492643521 0.7857002423416808 25
1694492643883 0.7512155765132259 26
1694492644259 0.7163631439247721 27
1694492644616 0.6863682892410768 28
1694492644999 0.6539232022439652 29
1694492645393 0.6250182916467797 30
1694492645768 0.6010059212062832 31
1694492646233 0.5764771309299612 32
1694492646648 0.5530971057893083 33
1694492647014 0.5325940136417151 34
1694492647434 0.5151508261849169 35
1694492647921 0.49541028940714027 36
1694492648334 0.4803584527156226 37
1694492648711 0.4669914455626139 38
1694492649048 0.4514469938374217 39
1694492649450 0.4392856703736226 40
1694492649793 0.4286762286180973 41
1694492650210 0.41712633508226205 42
1694492650585 0.40884271239140196 43
1694492651027 0.39960086634983266 44
1694492651487 0.3922294598327703 45
1694492651824 0.38427501941020964 46
1694492652178 0.37860724988067407 47
1694492652553 0.37175284166157374 48
1694492652931 0.3665584380368816 49
