1694492633768 -14.272947000147683 0
1694492634179 -5.321147164655868 1
1694492634536 -3.96198483973978 2
1694492634958 -3.3168506585001882 3
1694492635351 -2.897785477102468 4
1694492635783 -2.573587047907034 5
1694492636206 -2.3007912904157455 6
1694492636575 -2.074924602277331 7
1694492636965 -1.8623839589614173 8
1694492637375 -1.6799360204950462 9
1694492637751 -1.5196973385973966 10
1694492638157 -1.3646256042804281 11
1694492638539 -1.2249223325232976 12
1694492638951 -1.1061771680437738 13
1694492639326 -0.9829450325788767 14
1694492639790 -0.8721269217077139 15
1694492640298 -0.7685136671265607 16
1694492640649 -0.6744254622351846 17
1694492641051 -0.5827309317746254 18
1694492641376 -0.4981276930315641 19
1694492641793 -0.42337772396643003 20
1694492642184 -0.3482844504324252 21
1694492642569 -0.2845256948518773 22
1694492642976 -0.2248753251836748 23
1694492643340 -0.16188162155845687 24
1694492643663 -0.11175780001973323 25
1694492644050 -0.06296235087796487 26
1694492644371 -0.013646515535476356 27
1694492644747 0.02879589679682737 28
1694492645128 0.07470536277058404 29
1694492645518 0.11560551537779062 30
1694492645972 0.14958277374622564 31
1694492646387 0.18429076089597385 32
1694492646767 0.21737325713819178 33
1694492647184 0.24638492264522271 34
1694492647621 0.27106685433777844 35
1694492648078 0.2989995118024882 36
1694492648474 0.32029770664145674 37
1694492648836 0.3392118849303498 38
1694492649220 0.3612071249992682 39
1694492649582 0.3784152732100231 40
1694492649943 0.3934275246895522 41
1694492650357 0.40977050581119756 42
1694492650737 0.4214917471226891 43
1694492651214 0.4345688646664915 44
1694492651615 0.44499932943004494 45
1694492651947 0.4562547812015977 46
1694492652304 0.4642746170672396 47
1694492652687 0.47397353453147806 48
1694492653069 0.4813235624874208 49
