1694492633394 8.084544216052958 0
1694492633885 4.356304279226075 1
1694492634287 3.3559120354196796 2
1694492634655 3.470341332256975 3
1694492635090 1.7456640337062919 4
1694492635476 2.5446587196853687 5
1694492635907 3.6637108759433836 6
1694492636331 2.2593813279834594 7
1694492636697 1.1199406358973936 8
1694492637100 1.9503836807119086 9
1694492637491 0.4424932549145081 10
1694492637883 2.7417528448714235 11
1694492638269 0.8035405680959241 12
1694492638657 1.7790173645717273 13
1694492639058 0.8666385426890554 14
1694492639451 1.3742553838309957 15
1694492639894 1.1971092501622478 16
1694492640405 0.4403835202287805 17
1694492640775 1.0516678398457144 18
1694492641150 1.0469401385911836 19
1694492641517 0.6056950880972249 20
1694492641910 1.4177338926394745 21
1694492642301 1.1067782716253243 22
1694492642685 0.7010204282780854 23
1694492643062 0.6942533333280817 24
1694492643427 0.7281120660814239 25
1694492643781 0.5692658940239985 26
1694492644155 1.0026478024500913 27
1694492644494 0.7908740468440366 28
1694492644845 0.7046943052204013 29
1694492645262 0.5862522917894178 30
1694492645644 0.693233756420952 31
1694492646105 0.6055043366816308 32
1694492646507 0.5202314472869788 33
1694492646886 0.506719671013977 34
1694492647286 0.604549817100898 35
1694492647766 1.3400274748609333 36
1694492648191 0.40261407809749067 37
1694492648582 0.30716346933878746 38
1694492648930 0.5291368295552146 39
1694492649318 0.44420633559044104 40
1694492649681 0.3197179321831539 41
1694492650066 0.3469034518037384 42
1694492650480 0.6361888234872486 43
1694492650864 0.32098186954112856 44
1694492651362 0.36030963332058785 45
1694492651716 0.26115471460470413 46
1694492652049 0.2656655754542291 47
1694492652416 0.46771581894377584 48
1694492652794 0.36146046277251803 49
