1694438837050 4.567744141828827 0
1694438837625 5.3660533867304805 1
1694438838102 4.471806874855954 2
1694438838639 5.0128046906427 3
1694438839145 4.915222693164918 4
1694438839836 34.072070929896164 5
1694438840537 5.341587258674865 6
1694438841225 4.039706677534267 7
1694438841917 4.527475321602161 8
1694438842640 4.837183568944898 9
1694438843391 4.334069409082121 10
1694438844199 4.644987807739049 11
1694438844964 4.329885041874826 12
1694438845695 4.805530352543755 13
1694438846556 5.324311420029975 14
1694438847303 5.364586921892635 15
1694438848079 30.30076195058954 16
1694438848841 4.185368222514684 17
1694438849559 5.353883441885688 18
1694438850263 4.406977783099204 19
1694438851103 5.117368070353873 20
1694438851799 4.397459302733077 21
1694438852527 4.352618189276205 22
1694438853350 4.4406145629958225 23
1694438854035 5.08713601566033 24
1694438854811 4.490587019651209 25
1694438855769 4.975045888983064 26
1694438856332 5.17566998025806 27
1694438856860 4.243201574586468 28
1694438857413 4.1534975744404505 29
1694438857980 4.693907064372008 30
1694438858710 4.594370737845922 31
1694438859476 4.636919181896518 32
1694438860272 4.5951642699323765 33
1694438861029 5.07539048924999 34
1694438861770 5.407653820161138 35
1694438862533 6.166466309844998 36
1694438863416 4.689547272164959 37
1694438864222 5.8820837117614815 38
1694438864993 5.00805465279521 39
1694438865725 4.516565059063764 40
1694438866481 5.067039883011027 41
1694438867183 4.833026044623858 42
1694438867926 3.958905753852199 43
1694438868643 4.736393025002666 44
1694438869385 4.4839866971848235 45
1694438870119 5.0941191153873655 46
1694438870937 4.787043980835163 47
1694438871625 4.33406671240304 48
1694438872293 5.023278842505617 49
