1694438837256 -5.399766226362426 0
1694438837779 -6.518259816432241 1
1694438838275 -5.265350623833365 2
1694438838820 -6.02333080891038 3
1694438839322 -5.88661081051107 4
1694438840015 -46.73763197517246 5
1694438840736 -6.483980860527874 6
1694438841441 -4.65994450576724 7
1694438842095 -5.3433464647339 8
1694438842881 -5.777271903599742 9
1694438843663 -5.072369678711689 10
1694438844438 -5.507990634066388 11
1694438845176 -5.066507053507551 12
1694438845951 -5.732923275701624 13
1694438846735 -6.459776061559562 14
1694438847523 -6.516205184681867 15
1694438848340 -41.45373360312386 16
1694438849056 -4.864027704628771 17
1694438849784 -6.50120877338428 18
1694438850525 -5.174520003941313 19
1694438851294 -6.169832268977262 20
1694438851990 -5.1611838696741605 21
1694438852819 -5.0983579681912286 22
1694438853551 -5.221647759188082 23
1694438854277 -6.127474799606437 24
1694438855148 -5.291663073185826 25
1694438855987 -5.970427779295304 26
1694438856495 -6.251517797402647 27
1694438857012 -4.945056746942456 28
1694438857557 -4.819374437977961 29
1694438858176 -5.576530332590968 30
1694438858919 -5.437072166586341 31
1694438859684 -5.496685859202287 32
1694438860541 -5.43818396700439 33
1694438861216 -6.111018399926914 34
1694438862029 -6.576545272141888 35
1694438862859 -7.639700823949225 36
1694438863668 -5.570421923263677 37
1694438864477 -7.2412585973118535 38
1694438865169 -6.016675634967529 39
1694438865966 -5.328060334962624 40
1694438866661 -6.099318548508273 41
1694438867380 -5.771446887375339 42
1694438868148 -4.546736102147605 43
1694438868861 -5.636056481056408 44
1694438869579 -5.282415506007827 45
1694438870404 -6.137258667616723 46
1694438871125 -5.70702242538358 47
1694438871812 -5.07236590045372 48
1694438872460 -6.038005913570521 49
