1694507866404 4.486783151426234 0
1694507866755 4.056343156954855 1
1694507867122 4.50715638087655 2
1694507867466 5.032894836778547 3
1694507867804 4.40895214559849 4
1694507868138 4.869998323578992 5
1694507868470 4.808888215825253 6
1694507868767 4.516904366751691 7
1694507869101 4.586960926805935 8
1694507869404 4.862850971244536 9
1694507869722 4.334151392471204 10
1694507870049 4.443530156572613 11
1694507870397 10.411889497440532 12
1694507870722 4.517812240836534 13
1694507871073 4.571521105482396 14
1694507871404 4.258180125175627 15
1694507871768 4.1101737140443495 16
1694507872107 4.491935485672956 17
1694507872469 5.115679432250082 18
1694507872817 5.00090564114473 19
1694507873187 4.642553297955779 20
1694507873561 3.748091326051589 21
1694507873907 4.654091323424643 22
1694507874288 5.23065399392573 23
1694507874619 4.606135398954964 24
1694507874943 4.127620796693413 25
1694507875321 4.699681800344345 26
1694507875643 5.306298995171772 27
1694507875958 4.667793192148975 28
1694507876281 4.399787176325459 29
1694507876616 4.772308262665591 30
1694507876962 5.137083319173387 31
1694507877360 4.40264384973001 32
1694507877691 4.671294943955818 33
1694507878020 4.755595852537733 34
1694507878341 4.492567353226717 35
1694507878682 4.317179906117897 36
1694507879042 4.472257458980711 37
1694507879392 9.36330209351481 38
1694507879764 4.3935716556247595 39
1694507880093 4.674978912895693 40
1694507880442 4.396687704860976 41
1694507880792 4.411678971048885 42
1694507881148 4.411372366013886 43
1694507881508 4.916944069301318 44
1694507881852 4.739578786539375 45
1694507882203 6.0452827433379746 46
1694507882547 4.259884676090898 47
1694507882882 4.663036111476197 48
1694507883238 4.548197304559432 49
