1694507866542 -5.348752229894297 0
1694507866890 -4.73968404395641 1
1694507867258 -5.3775801410140325 2
1694507867594 -6.121494674344663 3
1694507867925 -5.238622153372383 4
1694507868277 -5.89099777567263 5
1694507868564 -5.804527598760402 6
1694507868886 -5.391373441241191 7
1694507869224 -5.490502756577441 8
1694507869527 -5.8808843452839135 9
1694507869827 -5.132779853402153 10
1694507870176 -5.2875496849397345 11
1694507870503 -13.732717056601295 12
1694507870838 -5.392658073777707 13
1694507871204 -5.468655567455802 14
1694507871563 -5.025281287865868 15
1694507871895 -4.81585373119653 16
1694507872258 -5.356042730111058 17
1694507872619 -6.238634029504661 18
1694507872967 -6.076230289983195 19
1694507873331 -5.5691653926779825 20
1694507873691 -4.303510858676878 21
1694507874043 -5.585491580606352 22
1694507874426 -6.401321857327888 23
1694507874744 -5.517634438387047 24
1694507875077 -4.840541174546266 25
1694507875437 -5.650001638756565 26
1694507875766 -6.508358759743932 27
1694507876059 -5.604879584590826 28
1694507876414 -5.225653815669107 29
1694507876739 -5.75276733949358 30
1694507877100 -6.268920310398253 31
1694507877490 -5.229695979293942 32
1694507877819 -5.6098345275515005 33
1694507878139 -5.729119450240805 34
1694507878480 -5.35693681623146 35
1694507878825 -5.108765373942424 36
1694507879160 -5.328198523777487 37
1694507879543 -12.24897661400907 38
1694507879879 -5.216858917503373 39
1694507880228 -5.615047305890132 40
1694507880584 -5.22126809527489 41
1694507880925 -5.242480583471289 42
1694507881298 -5.242046740485357 43
1694507881642 -5.957425525305221 44
1694507881986 -5.706455465813315 45
1694507882326 -7.55401319872311 46
1694507882674 -5.027693209962183 47
1694507883007 -5.598148364135145 48
1694507883355 -5.435652627906071 49
