1694507866312 5.954630154539779 0
1694507866666 9.298660185514922 1
1694507867011 0.5504775516034272 2
1694507867380 0.5062221170812408 3
1694507867710 0.16063335825726177 4
1694507868043 36.98297436552802 5
1694507868389 0.22886797150904314 6
1694507868681 0.5305517860343213 7
1694507869016 0.003393401941742382 8
1694507869332 1.068128557985466 9
1694507869643 0.4137017868991896 10
1694507869956 3.802757855910173 11
1694507870298 0.8948919170221048 12
1694507870632 3.9017811329600915 13
1694507870976 1.516916480239383 14
1694507871331 0.19921280964266158 15
1694507871689 1.8306301923276034 16
1694507872024 0.024980815098614422 17
1694507872380 10.351963135836085 18
1694507872731 5.893897261047885 19
1694507873093 3.448892106521996 20
1694507873454 4.0262674532073595 21
1694507873815 0.06577613965327604 22
1694507874184 0.5290870882669233 23
1694507874541 1.001515137915078 24
1694507874856 2.6861802402265096 25
1694507875236 0.31925478789013934 26
1694507875562 0.5398952872439907 27
1694507875873 4.67779969268427 28
1694507876186 0.2243053776636694 29
1694507876526 0.1829348642634662 30
1694507876875 0.014947940526475254 31
1694507877249 1.2486129258266774 32
1694507877609 0.016923645171980944 33
1694507877937 5.990944054627254 34
1694507878260 0.14566628472168183 35
1694507878596 15.480827972422206 36
1694507878947 1.4231617960909502 37
1694507879302 6.801307358431773 38
1694507879679 3.1611413253484644 39
1694507879995 0.41338726687635935 40
1694507880352 4.701474372805154 41
1694507880705 5.083744590892633 42
1694507881060 10.049880313614338 43
1694507881424 2.0493668133542973 44
1694507881765 4.949299604057794 45
1694507882116 4.421815317164062 46
1694507882457 5.023734934651459 47
1694507882796 0.5793823862273525 48
1694507883140 0.0033342984732876234 49
