1694494690191 4.540617194392639 0
1694494690585 4.57874587263438 1
1694494691023 4.594104075561574 2
1694494691475 8.284504035315006 3
1694494691894 4.536655176597189 4
1694494692292 4.562774185383233 5
1694494692700 4.3964045535089245 6
1694494693138 4.491277544096332 7
1694494693607 4.703001406611053 8
1694494694031 4.179563450109824 9
1694494694415 3.983059508459121 10
1694494694832 3.81893141676158 11
1694494695207 4.406120416701473 12
1694494695637 4.84854551635696 13
1694494696062 4.80077568473071 14
1694494696480 4.39809715986467 15
1694494696842 4.713263845887987 16
1694494697302 4.296072308480145 17
1694494697729 4.912443585818966 18
1694494698165 4.3209076186862525 19
1694494698557 4.6419043873535 20
1694494698982 4.59832009979628 21
1694494699387 4.418443496546154 22
1694494699757 4.388887259072362 23
1694494700259 5.1238452315616705 24
1694494700705 4.129526991704984 25
1694494701106 4.734915115188026 26
1694494701503 5.8486301379563495 27
1694494701915 4.621093103225698 28
1694494702328 4.831873652180639 29
1694494702712 4.7607912275136615 30
1694494703123 4.702527803641703 31
1694494703527 4.577751213817854 32
1694494703889 3.8309378576229944 33
1694494704300 4.477481586379474 34
1694494704781 4.869232707404669 35
1694494705138 4.553443403448537 36
1694494705555 4.2879263406108645 37
1694494706017 4.733804159085843 38
1694494706448 4.246927917551172 39
1694494706870 4.317997837813422 40
1694494707285 4.900113936566546 41
1694494707696 4.238014533463482 42
1694494708084 4.213870117274929 43
1694494708451 5.204265675344063 44
1694494708853 4.252486982015256 45
1694494709242 4.202661265801938 46
1694494709645 7.888337853397109 47
1694494710048 4.684603967935434 48
1694494710441 4.896965795757568 49
