1694494690331 -5.695940856901094 0
1694494690768 -5.752168317514554 1
1694494691175 -5.7748166963727785 2
1694494691639 -11.216962292644414 3
1694494692027 -5.6900981629023395 4
1694494692432 -5.728615247823793 5
1694494692858 -5.4832738839249595 6
1694494693281 -5.623180840775479 7
1694494693762 -5.935405016630687 8
1694494694167 -5.163503433886006 9
1694494694551 -4.873723715598819 10
1694494694962 -4.631687898018788 11
1694494695336 -5.497601637735915 12
1694494695775 -6.150035475267992 13
1694494696208 -6.079590433631689 14
1694494696602 -5.485769930512213 15
1694494696988 -5.9505387932746965 16
1694494697452 -5.335316293581854 17
1694494697875 -6.244264448042029 18
1694494698315 -5.371940338548306 19
1694494698697 -5.845306686388988 20
1694494699088 -5.781033967663941 21
1694494699516 -5.515774192320952 22
1694494699926 -5.472188307494229 23
1694494700405 -6.556013458439292 24
1694494700836 -5.089715851312131 25
1694494701237 -5.982467408373309 26
1694494701645 -7.624836629259912 27
1694494702056 -5.814616777570422 28
1694494702460 -6.125449871214693 29
1694494702823 -6.020626299625572 30
1694494703273 -5.934706605525621 31
1694494703663 -5.750701517667062 32
1694494704030 -4.649393512579115 33
1694494704442 -5.60283626800452 34
1694494704916 -6.180542386954344 35
1694494705271 -5.714855364242212 36
1694494705705 -5.323303627298891 37
1694494706164 -5.980829107667401 38
1694494706626 -5.262844221830196 39
1694494707018 -5.367649353469213 40
1694494707457 -6.226082205706671 41
1694494707833 -5.249699864988196 42
1694494708214 -5.214094665099818 43
1694494708571 -6.674607586109345 44
1694494708962 -5.271042042804221 45
1694494709395 -5.19756523675919 46
1694494709786 -10.632745387748209 47
1694494710199 -5.908274748648058 48
1694494710568 -6.221439716863491 49
