1694494690061 6.055468222351223 0
1694494690460 3.5164181101643583 1
1694494690910 4.778622868996599 2
1694494691362 10.881098355657684 3
1694494691779 0.17851035004085994 4
1694494692152 5.857555857930053 5
1694494692579 0.355780123842978 6
1694494692999 0.3016040468400073 7
1694494693466 2.7405723184176645 8
1694494693911 6.635429248341238 9
1694494694304 0.35363316746512663 10
1694494694696 0.4637133288593405 11
1694494695090 6.468348517757667 12
1694494695487 0.11281640543471809 13
1694494695936 0.8287611430402704 14
1694494696363 0.31038377031335385 15
1694494696737 1.0104140926715928 16
1694494697150 24.626780272934113 17
1694494697600 0.11293762610454727 18
1694494698017 0.8830509184717832 19
1694494698457 1.7376813794000319 20
1694494698859 0.24927010749638595 21
1694494699226 0.4533364397403703 22
1694494699662 4.4974721149357215 23
1694494700140 9.603592668699198 24
1694494700568 14.11635582726387 25
1694494700981 2.652692031329684 26
1694494701382 0.6066222169232149 27
1694494701789 0.24045532616677995 28
1694494702202 1.3363436358369505 29
1694494702594 1.5284128712324636 30
1694494702967 3.276450399473086 31
1694494703426 0.04125679666356908 32
1694494703797 0.012108720859478913 33
1694494704185 0.3828902053614384 34
1694494704581 1.594840197467732 35
1694494705043 4.913716703713956 36
1694494705434 7.082037515161473 37
1694494705888 4.085660928874792 38
1694494706305 1.564931776251242 39
1694494706756 3.3906492109459943 40
1694494707148 0.09639987864858253 41
1694494707594 0.3874164456346452 42
1694494707984 16.75463289546826 43
1694494708346 1.5347298819796555 44
1694494708738 2.7113713843921685 45
1694494709093 1.1157978677034457 46
1694494709522 9.378924583250593e-05 47
1694494709925 25.375161375459786 48
1694494710326 0.07612679296191559 49
