1694512644104 162.0140191022444 0
1694512644432 155.60290908395848 1
1694512644732 149.4567388143389 2
1694512645019 143.564459655748 3
1694512645360 137.9154860532299 4
1694512645657 132.4996760570299 5
1694512645957 127.30731266654224 6
1694512646272 122.32908596097137 7
1694512646547 117.55607598345915 8
1694512646812 112.97973634684055 9
1694512647085 108.59187853053608 10
1694512647407 104.38465683938047 11
1694512647697 100.35055399642333 12
1694512647991 96.48236734292061 13
1694512648325 92.773195619869 14
1694512648696 89.21642630652104 15
1694512649008 85.8057234923579 16
1694512649326 82.53501625999183 17
1694512649657 79.39848755742396 18
1694512649989 76.39056353899504 19
1694512650320 73.50590335524156 20
1694512650662 70.73938937270636 21
1694512650983 68.08611780555408 22
1694512651320 65.54138974161025 23
1694512651620 63.10070254617684 24
1694512651986 60.75974162768202 25
1694512652341 58.51437254989539 26
1694512652636 56.36063347608576 27
1694512652965 54.29472793111686 28
1694512653295 52.31301786806811 29
1694512653619 50.4120170265351 30
1694512654010 48.58838457030693 31
1694512654370 46.838918992637595 32
1694512654667 45.16055227782712 33
1694512655045 43.550344308304304 34
1694512655390 42.00547750686001 35
1694512655724 40.5232517041175 36
1694512656046 39.101079221744676 37
1694512656398 37.73648016231476 38
1694512656713 36.42707789710567 39
1694512657015 35.17059474349646 40
1694512657351 33.9648478239716 41
1694512657695 32.80774509908105 42
1694512658006 31.697281567027378 43
1694512658413 30.631535622860795 44
1694512658736 29.608665570558895 45
1694512659059 28.62690628155237 46
1694512659383 27.684565993529183 47
1694512659749 26.780023243610533 48
1694512660088 25.911723930240846 49
