1694512644221 -237.9182446908701 0
1694512644534 -228.4639322765705 1
1694512644840 -219.40032024765085 2
1694512645172 -210.71111543932676 3
1694512645462 -202.38070758389944 4
1694512645789 -194.39414058777552 5
1694512646058 -186.7370850198277 6
1694512646384 -179.39581175990318 7
1694512646640 -172.35716675845077 8
1694512646915 -165.60854686031615 9
1694512647190 -159.13787664774037 10
1694512647513 -152.93358625949995 11
1694512647814 -146.98459014495063 12
1694512648111 -141.2802667134809 13
1694512648478 -135.81043884155307 14
1694512648806 -130.56535520111103 15
1694512649111 -125.53567237466494 16
1694512649448 -120.71243772383214 17
1694512649751 -116.08707297951868 18
1694512650102 -111.65135852327141 19
1694512650428 -107.39741833062004 20
1694512650780 -103.31770554846301 21
1694512651115 -99.40498867973228 22
1694512651430 -95.65233834970516 23
1694512651797 -92.05311462941444 24
1694512652108 -88.60095489264656 25
1694512652434 -85.28976218401196 26
1694512652738 -82.11369407652305 27
1694512653086 -79.0671519980279 28
1694512653389 -76.14477100671971 29
1694512653732 -73.34140999677955 30
1694512654131 -70.65214231600945 31
1694512654478 -68.07224677808024 32
1694512654804 -65.59719905275321 33
1694512655166 -63.22266341813719 34
1694512655511 -60.94448485971664 35
1694512655826 -58.7586815015315 36
1694512656215 -56.66143735550645 37
1694512656492 -54.649095375519785 38
1694512656816 -52.71815080336781 39
1694512657136 -50.865244794323544 40
1694512657458 -49.087158310508194 41
1694512657806 -47.38080627079114 42
1694512658135 -45.74323194641089 43
1694512658518 -44.171601591966045 44
1694512658860 -42.66319930186173 45
1694512659171 -41.215422082716465 46
1694512659530 -39.8257751326343 47
1694512659871 -38.491867318631904 48
1694512660204 -37.21140684387722 49
