1694512643934 169.35337134490703 0
1694512644311 162.70867850110017 1
1694512644620 156.3373373026923 2
1694512644916 150.2279642630607 3
1694512645249 144.369653135356 4
1694512645533 138.7519548183612 5
1694512645857 133.36485811096097 6
1694512646138 128.19877127930428 7
1694512646453 123.2445044022662 8
1694512646716 118.49325246227116 9
1694512646997 113.93657914993884 10
1694512647276 109.56640135234838 11
1694512647597 105.37497429599804 12
1694512647896 101.35487731676287 13
1694512648216 97.49900023032677 14
1694512648570 93.80053027768983 15
1694512648889 90.25293962142717 16
1694512649212 86.84997336940724 17
1694512649552 83.58563810366346 18
1694512649860 80.45419089305899 19
1694512650201 77.45012876928868 20
1694512650515 74.56817864662911 21
1694512650879 71.80328766667748 22
1694512651216 69.15061395011432 23
1694512651529 66.6055177382865 24
1694512651884 64.16355290813487 25
1694512652211 61.820458844689256 26
1694512652524 59.57215265602095 27
1694512652853 57.41472171618353 28
1694512653187 55.34441652228436 29
1694512653493 53.35764385241678 30
1694512653831 51.45096021174415 31
1694512654225 49.62106555456529 32
1694512654561 47.86479727070548 33
1694512654895 46.17912442507131 34
1694512655273 44.56114223967913 35
1694512655609 43.00806680792012 36
1694512655946 41.51723003125733 37
1694512656302 40.08607476896579 38
1694512656602 38.712150191923115 39
1694512656906 37.39310733183945 40
1694512657238 36.12669481767864 41
1694512657605 34.91075479137286 42
1694512657901 33.74321899526562 43
1694512658245 32.62210502403897 44
1694512658613 31.545512734186527 45
1694512658950 30.51162080438762 46
1694512659265 29.518683440418698 47
1694512659621 28.565027218507172 48
1694512659975 27.649048061290635 49
