1694493319441 -248.18321115564336 0
1694493319803 -248.0931093296161 1
1694493320163 -248.00332176101244 2
1694493320559 -247.91353328708783 3
1694493320915 -247.82377859361128 4
1694493321263 -247.73405766699224 5
1694493321595 -247.64437049441418 6
1694493322126 -247.55471706306534 7
1694493322533 -247.46529707339297 8
1694493322879 -247.3758907053979 9
1694493323208 -247.28651793062676 10
1694493323569 -247.19794246832038 11
1694493323933 -247.10932378295405 12
1694493324290 -247.02073827992663 13
1694493324701 -246.93218594512862 14
1694493325114 -246.8436667660002 15
1694493325468 -246.75518072998648 16
1694493325886 -246.66672782453716 17
1694493326242 -246.57830803710692 18
1694493326593 -246.489921355155 19
1694493326944 -246.40156776614558 20
1694493327307 -246.31324725754757 21
1694493327682 -246.2249598168346 22
1694493328031 -246.1367054314852 23
1694493328353 -246.04848408898252 24
1694493328709 -245.96029577681463 25
1694493329094 -245.8721404824742 26
1694493329477 -245.7840181934588 27
1694493329853 -245.6959288972707 28
1694493330197 -245.60787258141696 29
1694493330538 -245.51984923340936 30
1694493330907 -245.43185884076453 31
1694493331298 -245.34390139100373 32
1694493331720 -245.25597687165305 33
1694493332100 -245.1680852702433 34
1694493332450 -245.08022657431013 35
1694493332834 -244.99240077139376 36
1694493333218 -244.90460784903928 37
1694493333601 -244.81684779479662 38
1694493334007 -244.72912059622018 39
1694493334403 -244.64142624086938 40
1694493334816 -244.55376471630822 41
1694493335201 -244.46613601010546 42
1694493335569 -244.37854010983463 43
1694493336009 -244.29097700307403 44
1694493336405 -244.2034466774066 45
1694493336757 -244.11594912041997 46
1694493337153 -244.0284843197067 47
1694493337550 -243.94105226286393 48
1694493338031 -243.85365293749354 49
