1694493319167 169.69117791473175 0
1694493319546 169.62321876964316 1
1694493319922 169.5625252945769 2
1694493320272 169.5020380325528 3
1694493320666 169.44155061722876 4
1694493321022 169.38108584734601 5
1694493321359 169.32064371380528 6
1694493321730 169.26022420802815 7
1694493322229 169.19982732143936 8
1694493322642 169.13958297413265 9
1694493322969 169.07934815620254 10
1694493323303 169.01913586053013 11
1694493323666 168.95946493466172 12
1694493324032 168.89976434732628 13
1694493324398 168.84008600585796 14
1694493324849 168.78042990080604 15
1694493325226 168.72079602376348 16
1694493325567 168.66118436632635 17
1694493326000 168.60159492009393 18
1694493326341 168.5420276766687 19
1694493326706 168.48248262765645 20
1694493327042 168.42295976466596 21
1694493327424 168.3634590793094 22
1694493327802 168.303980563202 23
1694493328129 168.24452420796226 24
1694493328468 168.1850900052119 25
1694493328833 168.12567794657573 26
1694493329208 168.06628802368184 27
1694493329579 168.00692022816148 28
1694493329962 167.9475745516491 29
1694493330294 167.88825098578226 30
1694493330648 167.82894952220187 31
1694493331028 167.76967015255187 32
1694493331419 167.7104128684795 33
1694493331858 167.651177661635 34
1694493332213 167.591964523672 35
1694493332574 167.5327734462473 36
1694493332953 167.47360442102067 37
1694493333338 167.41445743965525 38
1694493333742 167.35533249381731 39
1694493334130 167.29622957517628 40
1694493334530 167.23714867540477 41
1694493334947 167.17808978617856 42
1694493335328 167.1190528991766 43
1694493335675 167.06003800608104 44
1694493336134 167.0010450985771 45
1694493336529 166.94207416835337 46
1694493336878 166.8831252071014 47
1694493337283 166.82419820651594 48
1694493337680 166.765293158295 49
