1694491946086 162.13647373250978 0
1694491946461 155.73916938371215 1
1694491946856 149.61812054530603 2
1694491947227 143.76103590241422 3
1694491947572 138.1561796572279 4
1694491947929 132.79234634199557 5
1694491948246 127.65883663258352 6
1694491948604 122.74543427117223 7
1694491948928 118.04238404704564 8
1694491949266 113.54037078678726 9
1694491949638 109.23049930744266 10
1694491950047 105.10427528834988 11
1694491950459 101.1535870193825 12
1694491950813 97.37068798529741 13
1694491951148 93.74818024773941 14
1694491951483 90.27899858822596 15
1694491951835 86.95639537712702 16
1694491952237 83.77392613526719 17
1694491952587 80.72543575631585 18
1694491952955 77.80504535959757 19
1694491953354 75.00713974435557 20
1694491953739 72.32635541783421 21
1694491954078 69.75756917082145 22
1694491954485 67.29588717550526 23
1694491954890 64.93663458165663 24
1694491955276 62.6753455882574 25
1694491955608 60.50775396874387 26
1694491955978 58.4297840290434 27
1694491956322 56.4375419785392 28
1694491956669 54.52730769501391 29
1694491957037 52.69552686549431 30
1694491957369 50.93880348575207 31
1694491957768 49.25389270200886 32
1694491958125 47.63769397915174 33
1694491958463 46.08724458048631 34
1694491958823 44.59971334474484 35
1694491959206 43.172394746722695 36
1694491959631 41.80270322854437 37
1694491960056 40.48816778915735 38
1694491960486 39.226426820222784 39
1694491960910 38.015223177116304 40
1694491961286 36.85239947427066 41
1694491961705 35.73589359458747 42
1694491962162 34.663734403117175 43
1694491962561 33.634037655657146 44
1694491962975 32.64500209334725 45
1694491963316 31.694905714752398 46
1694491963728 30.782102217312257 47
1694491964142 29.90501760041175 48
1694491964505 29.062146922681432 49
