1694491946206 -238.09882563984843 0
1694491946610 -228.66487212003955 1
1694491946973 -219.6383060719733 2
1694491947355 -211.00100178411134 3
1694491947703 -202.7356527528063 4
1694491948028 -194.82573453961155 5
1694491948380 -187.2554691041109 6
1694491948705 -180.009790772364 7
1694491949037 -173.07431376569696 8
1694491949378 -166.43530121804113 9
1694491949757 -160.07963561333548 10
1694491950183 -153.99479057766723 11
1694491950585 -148.16880396383706 12
1694491950930 -142.59025216890862 13
1694491951254 -137.2482256280433 14
1694491951610 -132.1323054305347 15
1694491951964 -127.23254100645093 16
1694491952354 -122.53942883467035 17
1694491952723 -118.0438921253661 18
1694491953090 -113.73726143215629 19
1694491953473 -109.6112561512029 20
1694491953861 -105.65796686650785 21
1694491954230 -101.86983850253571 22
1694491954620 -98.23965424708003 23
1694491955010 -94.76052020900043 24
1694491955387 -91.42585077708678 25
1694491955715 -88.2293546478599 26
1694491956089 -85.16502149160188 27
1694491956444 -82.22710922732172 28
1694491956778 -79.41013187871238 29
1694491957151 -76.70884798444013 30
1694491957499 -74.11824953733566 31
1694491957885 -71.63355142822573 32
1694491958238 -69.25018137126193 33
1694491958594 -66.96377028866677 34
1694491958941 -64.77014313383451 35
1694491959332 -62.66531013269232 36
1694491959801 -60.64545842415209 37
1694491960188 -58.70694408136496 38
1694491960614 -56.846284496331386 39
1694491961036 -55.060151111222496 40
1694491961402 -53.34536248053313 41
1694491961861 -51.698877648917424 42
1694491962300 -50.11778983025397 43
1694491962718 -48.59932037415219 44
1694491963094 -47.140813006744665 45
1694491963449 -45.73972833321538 46
1694491963853 -44.393638590089786 47
1694491964292 -43.10022263586308 48
1694491964619 -41.857261169067755 49
