1694491945940 169.4763503937051 0
1694491946315 162.825635851757 1
1694491946725 156.46790399599328 2
1694491947081 150.3834069877317 3
1694491947443 144.56000972168593 4
1694491947802 138.98612546616724 5
1694491948124 133.6506909831902 6
1694491948491 128.54314263751212 7
1694491948794 123.6533936024595 8
1694491949137 118.97181211200403 9
1694491949489 114.48920071088597 10
1694491949864 110.19677645681027 11
1694491950298 106.08615203086315 12
1694491950689 102.14931771432201 13
1694491951026 98.37862419196256 14
1694491951356 94.76676614380911 15
1694491951702 91.30676658903029 16
1694491952096 87.99196194735839 17
1694491952451 84.81598778500815 18
1694491952817 81.77276521359498 19
1694491953194 78.85648791200632 20
1694491953582 76.06160974256618 21
1694491953957 73.38283293415519 22
1694491954353 70.81509680620967 23
1694491954755 68.35356700872626 24
1694491955157 65.99362525454592 25
1694491955501 63.730859521285 26
1694491955823 61.561054701325524 27
1694491956191 59.48018367927155 28
1694491956563 57.48439881722829 29
1694491956882 55.57002382916642 30
1694491957252 53.73354602649739 31
1694491957631 51.97160891780963 32
1694491957980 50.28100514650147 33
1694491958336 48.658669750795596 34
1694491958703 47.10167373133547 35
1694491959058 45.607217912245225 36
1694491959459 44.1726270821857 37
1694491959927 42.79534440255886 38
1694491960326 41.47292607060524 39
1694491960763 40.203036225702846 40
1694491961143 38.98344208771483 41
1694491961532 37.81200931674607 42
1694491961978 36.68669758415938 43
1694491962408 35.60555634516843 44
1694491962873 34.56672080377065 45
1694491963197 33.5684080612081 46
1694491963571 32.60891343955003 47
1694491963960 31.686606972377163 48
1694491964384 30.79993005491713 49
