1694510509465 10.825318969869576 0
1694510509777 4.439093370264409 1
1694510510041 3.4681065429892772 2
1694510510293 3.0328813750912884 3
1694510510579 2.736607134268841 4
1694510510870 2.5143466698830825 5
1694510511162 2.3288203683425044 6
1694510511434 2.1626606409770144 7
1694510511695 2.019212245312772 8
1694510511997 1.887678665105238 9
1694510512316 1.7713474079692981 10
1694510512606 1.6690386845849663 11
1694510512923 1.5703221377696734 12
1694510513243 1.4810460939597698 13
1694510513532 1.3962039839952005 14
1694510513830 1.3195688297836483 15
1694510514099 1.243933581682161 16
1694510514404 1.1758168576857926 17
1694510514721 1.1185431853627583 18
1694510515003 1.0549993209020065 19
1694510515323 1.0014686733048526 20
1694510515648 0.9527028368283734 21
1694510515950 0.9029050638427982 22
1694510516282 0.8588244083688497 23
1694510516600 0.8165350683072125 24
1694510516903 0.7816160748418007 25
1694510517210 0.7472424106606106 26
1694510517526 0.716331017858279 27
1694510517848 0.6821616128524324 28
1694510518152 0.6516938680479177 29
1694510518456 0.6232139058772705 30
1694510518785 0.5964488720926608 31
1694510519083 0.5731066056183194 32
1694510519415 0.5519265496975424 33
1694510519712 0.5322484785420664 34
1694510520029 0.513912262335595 35
1694510520347 0.49581888284752096 36
1694510520670 0.4804147713410722 37
1694510521003 0.46657328591274566 38
1694510521292 0.45000270670457604 39
1694510521604 0.43983679471959136 40
1694510521964 0.4288501529288071 41
1694510522263 0.41968861007352076 42
1694510522577 0.40753028990679147 43
1694510522926 0.4004975346682212 44
1694510523253 0.39231804305583456 45
1694510523573 0.3848021929484383 46
1694510523877 0.3787140044038525 47
1694510524199 0.3727601247931184 48
1694510524500 0.3670454334005668 49
