1694510509609 -14.317715527979072 0
1694510509871 -5.281271677731203 1
1694510510131 -3.9073352567340294 2
1694510510415 -3.2914960993813622 3
1694510510692 -2.872271081456473 4
1694510510983 -2.5577747995405797 5
1694510511260 -2.2952569820179356 6
1694510511529 -2.0601426687052995 7
1694510511804 -1.8571646572632656 8
1694510512123 -1.6710459877253556 9
1694510512431 -1.5064384497137544 10
1694510512753 -1.3616726534177057 11
1694510513046 -1.2219897501951964 12
1694510513356 -1.0956650620867245 13
1694510513645 -0.9756143449810231 14
1694510513943 -0.867176386254574 15
1694510514227 -0.7601532844382348 16
1694510514542 -0.6637688172665659 17
1694510514828 -0.582727157216756 18
1694510515134 -0.492813239477482 19
1694510515472 -0.41706792109897184 20
1694510515748 -0.34806476168078304 21
1694510516098 -0.2776014226657375 22
1694510516406 -0.21522774640583764 23
1694510516726 -0.15538876311739114 24
1694510517039 -0.10597874481536418 25
1694510517334 -0.057340361868196466 26
1694510517678 -0.013601057480250311 27
1694510517974 0.034748300824724465 28
1694510518274 0.0778598478372039 29
1694510518577 0.11815870277088303 30
1694510518905 0.15603095159334335 31
1694510519223 0.18906001970925068 32
1694510519532 0.21902958202553402 33
1694510519849 0.24687385127412353 34
1694510520169 0.27281940950589467 35
1694510520493 0.2984213562669543 36
1694510520801 0.32021801636295644 37
1694510521118 0.3398035765543831 38
1694510521431 0.3632507765076649 39
1694510521754 0.37763543790211296 40
1694510522086 0.3931814235702902 41
1694510522391 0.4061449129275333 42
1694510522739 0.42334881150367787 43
1694510523074 0.43330008817480037 44
1694510523384 0.44487398507619946 45
1694510523700 0.4555088360414652 46
1694510524001 0.4641235605097448 47
1694510524309 0.47254823921149014 48
1694510524619 0.4806344690329797 49
