1694510509392 10.903270044257756 0
1694510509690 4.3089567229428445 1
1694510509957 2.8614029981300337 2
1694510510211 1.450875881279865 3
1694510510492 2.3909656912426454 4
1694510510775 1.0811308832882724 5
1694510511076 1.7144717474215014 6
1694510511349 2.5196118815548574 7
1694510511620 1.9781425967231654 8
1694510511893 2.014290179514881 9
1694510512223 2.00905345923186 10
1694510512520 1.776610689050762 11
1694510512839 1.5368521042188505 12
1694510513135 2.5825713788436424 13
1694510513447 1.5654495818904444 14
1694510513736 1.5021739633526836 15
1694510514019 1.466553251039085 16
1694510514318 0.7991687094156943 17
1694510514633 1.1059746664380352 18
1694510514917 1.233152163797789 19
1694510515235 0.8693151211955437 20
1694510515562 0.3868230009772735 21
1694510515855 1.031399708847934 22
1694510516193 1.4177043887607115 23
1694510516506 0.8907181654782086 24
1694510516820 0.59253232520655 25
1694510517123 0.9503540529199512 26
1694510517431 0.49013313415568777 27
1694510517763 0.8799611770414244 28
1694510518061 0.8196108388524691 29
1694510518370 0.429607417210076 30
1694510518681 0.5111852798187071 31
1694510518996 0.6015470630221846 32
1694510519321 0.3612292363077425 33
1694510519624 0.6340363882584212 34
1694510519941 0.39792697626430507 35
1694510520259 0.5507574910676224 36
1694510520590 0.3780838030569037 37
1694510520902 0.5587155555456544 38
1694510521207 0.4054201997980509 39
1694510521522 0.35529135177474536 40
1694510521859 0.39425205181366674 41
1694510522169 0.6259074349384899 42
1694510522485 0.46438654423555653 43
1694510522834 0.46797143313525136 44
1694510523167 0.38175694317229736 45
1694510523478 0.5576473380851508 46
1694510523784 0.31950753884450844 47
1694510524093 0.19672219600141533 48
1694510524405 0.3184932875459316 49
