1694492084258 168.69877032188703 0
1694492084667 168.63795922486372 1
1694492085068 168.57717193395152 2
1694492085455 168.51640859377835 3
1694492085811 168.45566919461956 4
1694492086144 168.394953726758 5
1694492086557 168.33426218048064 6
1694492086944 168.27359454607839 7
1694492087293 168.21295081384613 8
1694492087659 168.15233097408282 9
1694492088034 168.09173501709137 10
1694492088370 168.03116293317868 11
1694492088759 167.9706147126557 12
1694492089130 167.91009034583735 13
1694492089484 167.84958982304252 14
1694492089884 167.78911313459412 15
1694492090276 167.72866027081895 16
1694492090680 167.668231222048 17
1694492091077 167.6078259786161 18
1694492091511 167.547444530862 19
1694492091868 167.48708686912872 20
1694492092276 167.4267529837629 21
1694492092633 167.36644286511537 22
1694492093135 167.30615650354093 23
1694492093525 167.24589388939833 24
1694492093943 167.18565501305025 25
1694492094332 167.12543986486344 26
1694492094782 167.0652484352085 27
1694492095199 167.00508071446012 28
1694492095623 166.9449366929969 29
1694492096037 166.88481636120136 30
1694492096383 166.82471970946008 31
1694492096831 166.7646467281635 32
1694492097252 166.7045974077062 33
1694492097722 166.6445717384865 34
1694492098184 166.58456971090678 35
1694492098634 166.5245913153734 36
1694492099077 166.46463654229672 37
1694492099480 166.40470538209084 38
1694492099844 166.34479782517406 39
1694492100260 166.28491386196853 40
1694492100681 166.22505348290025 41
1694492101103 166.16521667839936 42
1694492101506 166.1054034388998 43
1694492101876 166.04561375483954 44
1694492102300 165.98584761666038 45
1694492102710 165.9261050148082 46
1694492103093 165.86638593973274 47
1694492103454 165.80669038188768 48
1694492103851 165.74701833173063 49
