1694492084393 -247.77608931716912 0
1694492084799 -247.68641262968836 1
1694492085218 -247.596771048517 2
1694492085565 -247.50716478693437 3
1694492085923 -247.4175938305998 4
1694492086268 -247.32805816518362 5
1694492086714 -247.23855777636226 6
1694492087059 -247.14909264981796 7
1694492087406 -247.05966277123883 8
1694492087789 -246.97026812631893 9
1694492088147 -246.8809087007582 10
1694492088499 -246.79158448026243 11
1694492088890 -246.70229545054352 12
1694492089246 -246.61304159731898 13
1694492089636 -246.52382290631238 14
1694492090024 -246.4346393632531 15
1694492090399 -246.34549095387638 16
1694492090824 -246.25637766392347 17
1694492091194 -246.16729947914138 18
1694492091644 -246.078256385283 19
1694492091986 -245.9892483681072 20
1694492092388 -245.90027541337864 21
1694492092777 -245.8113375068678 22
1694492093280 -245.7224346343511 23
1694492093664 -245.63356678161085 24
1694492094062 -245.54473393443513 25
1694492094517 -245.455936078618 26
1694492094914 -245.36717319995924 27
1694492095311 -245.2784452842646 28
1694492095759 -245.18975231734564 29
1694492096168 -245.10109428501968 30
1694492096546 -245.01247117311007 31
1694492096977 -244.92388296744582 32
1694492097422 -244.83532965386192 33
1694492097898 -244.7468112181992 34
1694492098327 -244.65832764630417 35
1694492098792 -244.56987892402933 36
1694492099218 -244.481465037233 37
1694492099599 -244.39308597177913 38
1694492099983 -244.30474171353788 39
1694492100416 -244.21643224838493 40
1694492100819 -244.12815756220178 41
1694492101241 -244.03991764087593 42
1694492101619 -243.95171247030058 43
1694492102000 -243.86354203637484 44
1694492102433 -243.77540632500344 45
1694492102827 -243.68730532209716 46
1694492103211 -243.5992390135724 47
1694492103604 -243.51120738535147 48
1694492104009 -243.4232104233625 49
