1694492084084 169.43642936704785 0
1694492084504 169.3692640222761 1
1694492084934 169.3088424548551 2
1694492085332 169.24844442973998 3
1694492085687 169.1880700904853 4
1694492086025 169.12771942749038 5
1694492086405 169.06739243116198 6
1694492086811 169.0070890919107 7
1694492087160 168.94680940015124 8
1694492087528 168.88655334630215 9
1694492087897 168.826320920786 10
1694492088251 168.76611211402928 11
1694492088603 168.70592691646243 12
1694492089003 168.6457653185198 13
1694492089345 168.58562731063975 14
1694492089759 168.52551288326453 15
1694492090147 168.4654220268404 16
1694492090519 168.4053547318174 17
1694492090938 168.34531098864971 18
1694492091328 168.28529078779533 19
1694492091747 168.22529411971615 20
1694492092109 168.16532097487817 21
1694492092512 168.10537134375107 22
1694492092965 168.0454452168087 23
1694492093396 167.98554258452873 24
1694492093788 167.92566343739267 25
1694492094167 167.86580776588613 26
1694492094623 167.8059755604985 27
1694492095072 167.74616681172319 28
1694492095426 167.68638151005746 29
1694492095879 167.62661964600247 30
1694492096261 167.5668812100634 31
1694492096709 167.50716619274922 32
1694492097071 167.44747458457294 33
1694492097539 167.38780637605137 34
1694492098053 167.32816155770533 35
1694492098463 167.2685401200594 36
1694492098902 167.20894205364226 37
1694492099348 167.1493673489863 38
1694492099722 167.08981599662795 39
1694492100139 167.03028798710747 40
1694492100538 166.97078331096907 41
1694492100926 166.91130195876084 42
1694492101365 166.85184392103474 43
1694492101722 166.79240918834665 44
1694492102112 166.73299775125633 45
1694492102556 166.67360960032747 46
1694492102949 166.61424472612757 47
1694492103318 166.5549031192281 48
1694492103720 166.49558477020437 49
