1694511970747 3.0100002211434576 0
1694511971113 2.2910213788118443 1
1694511971451 1.7035454880194318 2
1694511971818 1.2545257437401414 3
1694511972215 0.9700456906615662 4
1694511972586 0.7499799840631997 5
1694511972962 0.599880020714169 6
1694511973333 0.5105211645508447 7
1694511973684 0.436095712052942 8
1694511974060 0.35580584181973224 9
1694511974452 0.315334968318997 10
1694511974842 0.28850332993585837 11
1694511975227 0.2617328905739604 12
1694511975631 0.24668724377618334 13
1694511976029 0.2351638340485888 14
1694511976443 0.23046882799049398 15
1694511976835 0.22296369962794527 16
1694511977239 0.2135680500583855 17
1694511977604 0.2086723045880767 18
1694511978002 0.2121343041256626 19
1694511978431 0.26806701808552574 20
1694511978844 0.20298686691993 21
1694511979210 0.20412829485351872 22
1694511979576 0.2645014842506402 23
1694511979979 0.20070004199320818 24
1694511980362 0.23235370446075304 25
1694511980741 0.20213137916331048 26
1694511981095 0.20047712824538377 27
1694511981439 0.19891663551718158 28
1694511981779 0.19989954544238814 29
1694511982155 0.1986732358774322 30
1694511982530 0.22138892239428273 31
1694511982905 0.19970537744415262 32
1694511983314 0.25418965156006634 33
1694511983696 0.1990424670529116 34
1694511984066 0.2102560958868421 35
1694511984444 0.20014442602543137 36
1694511984780 0.20035515206541937 37
1694511985185 0.19950698004463313 38
1694511985528 0.2000896106756275 39
1694511985938 0.20030654233769035 40
1694511986370 0.2210093027809267 41
1694511986786 0.2299070276139907 42
1694511987180 0.22538351031883846 43
1694511987626 0.20020592178233834 44
1694511988019 0.2587574334233109 45
1694511988477 0.199148777728776 46
1694511988878 0.26601768706313605 47
1694511989246 0.19880987171502004 48
1694511989626 0.2002052703127362 49
