1694511970886 -3.2172453531744276 0
1694511971227 -2.209899851816999 1
1694511971597 -1.3868002543009803 2
1694511971972 -0.7576885297423537 3
1694511972345 -0.3591097610468892 4
1694511972720 -0.05078052172462533 5
1694511973106 0.15952124785626864 6
1694511973463 0.28471998314958435 7
1694511973840 0.38899585379568324 8
1694511974211 0.5014882316265896 9
1694511974603 0.5581910856699188 10
1694511974996 0.5957843062599032 11
1694511975382 0.6332917822422517 12
1694511975778 0.6543719082826827 13
1694511976169 0.6705171051451473 14
1694511976594 0.6770951752537615 15
1694511976980 0.687610446146304 16
1694511977372 0.7007744848759186 17
1694511977749 0.7076338065762809 18
1694511978156 0.70278327488528 19
1694511978613 0.6244171749824504 20
1694511978996 0.7155995487108932 21
1694511979349 0.7140003190446966 22
1694511979717 0.6294127663087012 23
1694511980105 0.7188035690056416 24
1694511980495 0.6744543161336622 25
1694511980880 0.7167981538608059 26
1694511981227 0.7191158885731179 27
1694511981572 0.7213022607402845 28
1694511981927 0.7199251271821043 29
1694511982294 0.7216432826420395 30
1694511982680 0.6898168320210616 31
1694511983094 0.7201971717097233 32
1694511983461 0.643860449133294 33
1694511983817 0.7211259609328584 34
1694511984206 0.7054147912924285 35
1694511984569 0.7195820303631515 36
1694511984928 0.7192867867260615 37
1694511985329 0.7204751419588045 38
1694511985662 0.7196588309486196 39
1694511986110 0.7193548927504212 40
1694511986530 0.690348708742915 41
1694511986932 0.6778823014508221 42
1694511987347 0.6842201024114274 43
1694511987768 0.7194958700056757 44
1694511988190 0.6374606300562826 45
1694511988631 0.7209770113744388 46
1694511989031 0.6272884477719276 47
1694511989397 0.7214518451640298 48
1694511989762 0.7194967827654599 49
