1694511970647 0.7371560336672015 0
1694511971025 0.0367430176053024 1
1694511971361 1.4023087986581488 2
1694511971718 2.370685013905792 3
1694511972111 3.173187952652146 4
1694511972488 0.04822263074664553 5
1694511972866 0.004289321362794167 6
1694511973230 0.019887858023018002 7
1694511973591 0.03213835321470955 8
1694511973965 8.760982526837066e-05 9
1694511974344 0.04517291797790717 10
1694511974747 0.06290389064806369 11
1694511975140 0.7885045172315946 12
1694511975529 0.04308476733153771 13
1694511975932 0.1760527430026702 14
1694511976335 0.0004943647289302372 15
1694511976747 0.3729796568349249 16
1694511977135 0.07632923214162093 17
1694511977505 0.031350564657864365 18
1694511977896 0.2275671117674203 19
1694511978326 0.07058660673359599 20
1694511978740 0.05600551689319745 21
1694511979120 0.05828460140552714 22
1694511979471 1.098396532223196 23
1694511979886 0.0007981072397324242 24
1694511980261 0.00019501082289581382 25
1694511980637 0.47620624406708273 26
1694511981005 0.3168252604733863 27
1694511981345 7.847805431060086e-05 28
1694511981687 0.03463743976336498 29
1694511982070 0.03946183843495845 30
1694511982419 0.00029845513493755374 31
1694511982803 4.981300706378601e-06 32
1694511983219 0.06439222961460334 33
1694511983600 0.02980029855362623 34
1694511983962 0.19095469725366873 35
1694511984353 0.005152622047811186 36
1694511984689 0.421139901053108 37
1694511985080 0.0023021765545418868 38
1694511985449 0.019664499259759986 39
1694511985824 0.1898472869856328 40
1694511986261 0.0030678093578432103 41
1694511986689 0.17280677998461258 42
1694511987081 0.01903576463163842 43
1694511987516 0.26000266007919554 44
1694511987901 0.3542993042624667 45
1694511988367 0.001627394983137683 46
1694511988784 0.008835290777525524 47
1694511989151 0.38222280174894563 48
1694511989523 0.01170028994064025 49
