1694512770524 -247.6806090904907 0
1694512770905 -247.5809962774814 1
1694512771231 -247.48142508361883 2
1694512771552 -247.38189549135754 3
1694512771859 -247.28240748315926 4
1694512772202 -247.18296104149317 5
1694512772556 -247.083556148836 6
1694512772879 -246.9841927876718 7
1694512773238 -246.884870940492 8
1694512773630 -246.78559058979553 9
1694512773991 -246.68635171808876 10
1694512774317 -246.58715430788547 11
1694512774674 -246.48799834170669 12
1694512775075 -246.388883802081 13
1694512775470 -246.28981067154444 14
1694512775844 -246.1907789326403 15
1694512776177 -246.0917885679194 16
1694512776553 -245.9928395599398 17
1694512776955 -245.89393189126704 18
1694512777300 -245.79506554447406 19
1694512777674 -245.69624050214122 20
1694512778087 -245.59745674685612 21
1694512778446 -245.49871426121382 22
1694512778788 -245.40001302781684 23
1694512779172 -245.3013530292749 24
1694512779523 -245.2027342482053 25
1694512779867 -245.10415666723242 26
1694512780256 -245.00562026898828 27
1694512780624 -244.90712503611206 28
1694512780998 -244.8086709512505 29
1694512781383 -244.7102579970574 30
1694512781727 -244.6118861561942 31
1694512782070 -244.51355541132952 32
1694512782465 -244.41526574513932 33
1694512782846 -244.3170171403071 34
1694512783176 -244.21880957952337 35
1694512783549 -244.12064304548625 36
1694512783882 -244.02251752090103 37
1694512784228 -243.92443298848042 38
1694512784584 -243.82638943094443 39
1694512784912 -243.72838683102034 40
1694512785277 -243.63042517144277 41
1694512785639 -243.53250443495372 42
1694512785988 -243.43462460430248 43
1694512786374 -243.33678566224557 44
1694512786756 -243.23898759154687 45
1694512787105 -243.14123037497757 46
1694512787482 -243.04351399531615 47
1694512787859 -242.94583843534838 48
1694512788194 -242.84820367786736 49
