1694492593661 10.344495911997754 0
1694492594164 4.414505675889285 1
1694492594480 3.566754316694869 2
1694492594867 3.1531707255207544 3
1694492595201 2.861959996908687 4
1694492595517 2.632334936313992 5
1694492595959 2.4378331042308643 6
1694492596368 2.2739299806059616 7
1694492596719 2.1238324981578374 8
1694492597124 1.987295907871999 9
1694492597473 1.872277743818735 10
1694492597839 1.7555324425645245 11
1694492598213 1.6561468211272794 12
1694492598577 1.5598569770581796 13
1694492598903 1.4662257560984133 14
1694492599289 1.3826064083810452 15
1694492599676 1.3010081704029695 16
1694492600061 1.2337260512384618 17
1694492600421 1.1659408376577092 18
1694492600742 1.1000620983085754 19
1694492601132 1.0430836140978965 20
1694492601492 0.9988838911464905 21
1694492601884 0.9389523959187459 22
1694492602269 0.8883957536547002 23
1694492602662 0.8436127308991782 24
1694492603081 0.7998877946628935 25
1694492603449 0.7644676968503615 26
1694492603774 0.73612197310751 27
1694492604148 0.6998210747955681 28
1694492604507 0.6644191261930038 29
1694492604897 0.644306283589058 30
1694492605237 0.6112438785080825 31
1694492605569 0.5845465609699777 32
1694492605906 0.5645979900219434 33
1694492606229 0.5449494063165332 34
1694492606551 0.5328618770064543 35
1694492607057 0.5133182708516857 36
1694492607394 0.49213464641053 37
1694492607725 0.47543188589386354 38
1694492608102 0.4678169846080759 39
1694492608544 0.45265368776342213 40
1694492608892 0.43544528378386194 41
1694492609364 0.42395178070922457 42
1694492609787 0.41195880076886593 43
1694492610127 0.40571239505365464 44
1694492610464 0.4022095326857654 45
1694492610771 0.3917324213617653 46
1694492611082 0.3866878708700696 47
1694492611365 0.377924063548567 48
1694492611750 0.3749830430405368 49
