1694492593894 -14.25478362429037 0
1694492594286 -5.509967181270551 1
1694492594614 -4.259808288877371 2
1694492594998 -3.649906342219862 3
1694492595330 -3.2204647636411803 4
1694492595701 -2.881842114080854 5
1694492596126 -2.59501485945215 6
1694492596494 -2.353310796971609 7
1694492596881 -2.131965587231499 8
1694492597245 -1.9306183046449075 9
1694492597626 -1.7610037366251472 10
1694492597966 -1.588842200196869 11
1694492598341 -1.4422805732902937 12
1694492598683 -1.300284216098336 13
1694492599032 -1.1622084675678779 14
1694492599435 -1.038896991872548 15
1694492599844 -0.9185659989398527 16
1694492600192 -0.8193466480531773 17
1694492600564 -0.7193853957217438 18
1694492600912 -0.6222355758792437 19
1694492601277 -0.5382107519276154 20
1694492601677 -0.47303046517287206 21
1694492602037 -0.38465090567021165 22
1694492602454 -0.31009622025396233 23
1694492602800 -0.2440557550646607 24
1694492603231 -0.17957562505689495 25
1694492603557 -0.12734244398378958 26
1694492603919 -0.08554167514501088 27
1694492604299 -0.03200959839356887 28
1694492604657 0.02019681846856236 29
1694492605040 0.04985675207989959 30
1694492605370 0.09861309940697927 31
1694492605698 0.137983002576491 32
1694492606048 0.16740068865949487 33
1694492606362 0.19637599064614386 34
1694492606692 0.21420118442515235 35
1694492607186 0.24302167849906509 36
1694492607514 0.27426066877729227 37
1694492607874 0.29889183493344773 38
1694492608274 0.31012134987774687 39
1694492608676 0.33248230534274903 40
1694492609052 0.3578591319625075 41
1694492609547 0.3748083292922061 42
1694492609939 0.39249409335040797 43
1694492610259 0.4017055202218287 44
1694492610587 0.4068711085639193 45
1694492610890 0.4223214570018605 46
1694492611185 0.42976053638158873 47
1694492611527 0.44268431590181057 48
1694492611901 0.4470213693325693 49
