1694492593535 15.72052218663254 0
1694492594033 3.8259641922840992 1
1694492594380 2.187277189025549 2
1694492594750 4.2554166578665 3
1694492595099 2.840482534663165 4
1694492595416 2.571992714444107 5
1694492595804 3.4116785278811017 6
1694492596249 1.4312458393556502 7
1694492596594 2.498975362915391 8
1694492596997 1.3141802922404424 9
1694492597365 2.763027006109167 10
1694492597724 2.1466443056101183 11
1694492598064 0.8082219583319271 12
1694492598436 2.3441674454370074 13
1694492598783 1.4614915306721277 14
1694492599165 0.8206257215096524 15
1694492599539 1.9187076866746384 16
1694492599950 1.1640503637030333 17
1694492600302 0.4123444881863263 18
1694492600655 1.1403966599896112 19
1694492601008 1.089187378290776 20
1694492601378 0.974061273934977 21
1694492601791 0.9667427331414092 22
1694492602146 0.7285663921034236 23
1694492602559 1.1064716957509897 24
1694492602913 0.4588159444027528 25
1694492603341 0.88978103722184 26
1694492603655 0.5880286640473704 27
1694492604030 0.5750297119011157 28
1694492604401 0.276506607879343 29
1694492604748 0.7454312883089659 30
1694492605133 0.620357485929339 31
1694492605471 0.5688997051225924 32
1694492605792 0.5363103005389974 33
1694492606142 0.44117614500970026 34
1694492606461 0.7232003163326678 35
1694492606857 0.6188329097777688 36
1694492607306 0.5807246052476999 37
1694492607620 0.2584779340449963 38
1694492607994 0.6214455343776735 39
1694492608393 0.5742609182450928 40
1694492608777 0.2995153913683097 41
1694492609197 0.48689443092516815 42
1694492609661 0.39898292706803073 43
1694492610035 0.5679533766962506 44
1694492610371 0.5497527675962481 45
1694492610675 0.3164300078058824 46
1694492610988 0.21235507573409745 47
1694492611275 0.3857326469063059 48
1694492611646 0.44105885409676804 49
