1694512416377 120.31204475541541 0
1694512416727 86.2745055720573 1
1694512417014 62.45706949070127 2
1694512417301 45.7435703720772 3
1694512417567 33.987811989068405 4
1694512417851 25.685591912309746 5
1694512418142 19.790347648286883 6
1694512418456 15.596018834716169 7
1694512418760 12.58552183889444 8
1694512419077 10.41161919635533 9
1694512419354 8.828788293785447 10
1694512419631 7.663577340661644 11
1694512419934 6.796981241464467 12
1694512420229 6.143797494453453 13
1694512420512 5.644652983771082 14
1694512420767 5.255648927142314 15
1694512421102 4.9485765590356126 16
1694512421362 4.702544842199245 17
1694512421691 4.50272379229884 18
1694512422007 4.335774219579998 19
1694512422311 4.195409630644647 20
1694512422632 4.075502136457196 21
1694512422915 3.9712452693617424 22
1694512423218 3.8799266820998444 23
1694512423540 3.799349578602258 24
1694512423800 3.7269641342368987 25
1694512424092 3.6616332381712224 26
1694512424388 3.6019705484743527 27
1694512424639 3.5470791766769634 28
1694512424925 3.4964300482873054 29
1694512425182 3.4494418070120743 30
1694512425450 3.404224014416031 31
1694512425734 3.363023084608204 32
1694512426017 3.3243125187785654 33
1694512426288 3.2877458872537786 34
1694512426568 3.253037223831795 35
1694512426850 3.2201874811378226 36
1694512427117 3.1884107531063615 37
1694512427394 3.1581350319917876 38
1694512427687 3.1288865214578556 39
1694512427967 3.100808185605614 40
1694512428242 3.0739098151217235 41
1694512428531 3.0476443171149263 42
1694512428807 3.0221666503485483 43
1694512429061 2.997441887145553 44
1694512429297 2.9735602283938336 45
1694512429574 2.950235859043139 46
1694512429851 2.9274618998927995 47
1694512430119 2.905225612479255 48
1694512430377 2.883337856759731 49
