1694512416536 -169.24031174345558 0
1694512416844 -121.0775422274454 1
1694512417138 -87.37611398173048 2
1694512417401 -63.72668381816858 3
1694512417664 -47.092406045127255 4
1694512417967 -35.3448496229632 5
1694512418267 -27.003139336588102 6
1694512418564 -21.068207001023282 7
1694512418905 -16.808384569168563 8
1694512419177 -13.732334583332696 9
1694512419465 -11.49264505899234 10
1694512419772 -9.843883488112658 11
1694512420068 -8.617658878740375 12
1694512420357 -7.693410563096082 13
1694512420617 -6.987126190019824 14
1694512420911 -6.436689431966391 15
1694512421195 -6.00218517447032 16
1694512421467 -5.654052813673455 17
1694512421805 -5.3713080735511785 18
1694512422136 -5.135076137148877 19
1694512422452 -4.936461680660548 20
1694512422753 -4.766793803829542 21
1694512423043 -4.619271404124611 22
1694512423352 -4.490056537940252 23
1694512423643 -4.3760407613261965 24
1694512423923 -4.273616098529559 25
1694512424213 -4.181173549362433 26
1694512424489 -4.096751454184045 27
1694512424771 -4.019080724991381 28
1694512425017 -3.9474127267945383 29
1694512425280 -3.880924846389596 30
1694512425549 -3.8169421327423425 31
1694512425843 -3.758643238821424 32
1694512426112 -3.7038681844368 33
1694512426405 -3.6521267751469573 34
1694512426679 -3.603014371703318 35
1694512426961 -3.556532322060799 36
1694512427239 -3.5115685771817198 37
1694512427507 -3.4687287417248376 38
1694512427789 -3.427342398724428 39
1694512428091 -3.387611840920007 40
1694512428375 -3.3495509220329778 41
1694512428629 -3.312385511222578 42
1694512428923 -3.2763348735526634 43
1694512429158 -3.2413495867177673 44
1694512429417 -3.2075572840509095 45
1694512429671 -3.1745535401817575 46
1694512429954 -3.1423286211117816 47
1694512430222 -3.1108645020454446 48
1694512430485 -3.079893551758369 49
