1694512416284 124.73035832653395 0
1694512416632 85.9330109867002 1
1694512416926 63.2167886337271 2
1694512417228 39.45938278356705 3
1694512417477 28.164937341597415 4
1694512417760 23.657348678051054 5
1694512418046 25.663349666974348 6
1694512418360 17.63839378061708 7
1694512418661 14.259762825379937 8
1694512418985 17.29910644620119 9
1694512419272 9.755329813249446 10
1694512419543 9.033981676257412 11
1694512419853 5.3734832328204245 12
1694512420151 4.118165019215555 13
1694512420436 6.788116762226615 14
1694512420693 7.832994650788718 15
1694512421008 4.281458050917157 16
1694512421281 6.095455280909899 17
1694512421577 3.685163915289801 18
1694512421917 3.7174195275907733 19
1694512422219 5.462556330471731 20
1694512422548 5.143115899376452 21
1694512422833 4.38996181816059 22
1694512423123 7.402843852896344 23
1694512423444 2.6865415901442793 24
1694512423717 3.6383919028621703 25
1694512424013 2.553544051081921 26
1694512424310 3.4479916212746407 27
1694512424560 3.5383874266262705 28
1694512424844 2.8854329019311558 29
1694512425100 3.43194355542251 30
1694512425370 6.1072186053508695 31
1694512425634 3.0297935232877293 32
1694512425929 2.6271743061875754 33
1694512426205 3.3967488155958296 34
1694512426486 2.520285857181455 35
1694512426761 2.117621947178569 36
1694512427035 2.8695566128111283 37
1694512427318 2.6164151729398144 38
1694512427598 2.788419137305059 39
1694512427879 3.2465411878587416 40
1694512428165 1.7698643371559544 41
1694512428453 2.1584391937026752 42
1694512428717 2.402555925456803 43
1694512428995 3.6065104915042285 44
1694512429233 1.7449390994237304 45
1694512429488 3.2083196307185835 46
1694512429764 2.3398511132195683 47
1694512430035 3.4182609232445493 48
1694512430302 3.3512448094701695 49
