1694493223583 162.04962815405352 0
1694493223930 155.74131201488404 1
1694493224335 149.69260565146115 2
1694493224745 143.89351049309127 3
1694493225138 138.33278282296317 4
1694493225588 133.00047882640513 5
1694493225970 127.88707147090317 6
1694493226403 122.98343377069126 7
1694493226842 118.28082193002379 8
1694493227304 113.77085919817333 9
1694493227734 109.44552040604745 10
1694493228190 105.29711715560993 11
1694493228641 101.3182836345123 12
1694493229061 97.50196302950842 13
1694493229456 93.84139451334289 14
1694493229867 90.33010078087527 15
1694493230244 86.96187611122677 16
1694493230635 83.73077493371875 17
1694493231016 80.63110087631213 18
1694493231414 77.65739627615817 19
1694493231848 74.80443213273267 20
1694493232281 72.06719848485263 21
1694493232694 69.4408951936643 22
1694493233137 66.92092311445019 23
1694493233561 64.50287564082733 24
1694493233994 62.18253060560391 25
1694493234423 59.95584252322746 26
1694493234866 57.81893515939374 27
1694493235289 55.768094413997076 28
1694493235689 53.79976150418614 29
1694493236091 51.910526434849736 30
1694493236554 50.097121744392375 31
1694493236998 48.356416514173404 32
1694493237436 46.68541063047474 33
1694493237881 45.08122928833273 34
1694493238306 43.5411177270213 35
1694493238737 42.062436187404565 36
1694493239139 40.64265508179105 37
1694493239628 39.27935036731758 38
1694493240056 37.97019911427003 39
1694493240435 36.71297526111163 40
1694493240878 35.50554554833702 41
1694493241291 34.34586562360378 42
1694493241708 33.23197631091179 43
1694493242124 32.162000036906655 44
1694493242551 31.134137407675897 45
1694493243052 30.146663929686923 46
1694493243478 29.197926868784013 47
1694493243903 28.286342241418865 48
1694493244358 27.410391932535166 49
