1694493223453 168.79236270383004 0
1694493223796 162.15107759226632 1
1694493224181 155.82684563597329 2
1694493224597 149.76312557337425 3
1694493224970 143.94998185549733 4
1694493225405 138.3760359065231 5
1694493225826 133.03131041946264 6
1694493226219 127.90624587754543 7
1694493226660 122.99168388764154 8
1694493227137 118.27885029473516 9
1694493227598 113.7593390085952 10
1694493228011 109.42509651254645 11
1694493228480 105.26840702553574 12
1694493228908 101.28187828990632 13
1694493229305 97.45842795845896 14
1694493229734 93.7912705554956 15
1694493230118 90.27390498761035 16
1694493230494 86.90010258101726 17
1694493230886 83.66389562318537 18
1694493231270 80.55956638749022 19
1694493231698 77.58163662049186 20
1694493232135 74.72485747231016 21
1694493232539 71.98419985139387 22
1694493232980 69.3548451857701 23
1694493233414 66.83217657361796 24
1694493233837 64.41177030673468 25
1694493234284 62.08938775115697 26
1694493234702 59.8609675698656 27
1694493235137 57.72261827313714 28
1694493235536 55.670611082717585 29
1694493235951 53.70137309657585 30
1694493236389 51.81148074155516 31
1694493236845 49.99765350177555 32
1694493237286 48.25674791115411 33
1694493237705 46.58575179890081 34
1694493238126 44.98177877731852 35
1694493238572 43.44206296168617 36
1694493239001 41.963953912436374 37
1694493239434 40.54491179025123 38
1694493239909 39.18250271509714 39
1694493240287 37.87439432059746 40
1694493240738 36.61835149550617 41
1694493241154 35.41223230439252 42
1694493241573 34.253984079980356 43
1694493241987 33.14163967990496 44
1694493242398 32.07331390095501 45
1694493242895 31.04720004416105 46
1694493243339 30.061566624371103 47
1694493243771 29.114754218223162 48
1694493244201 28.20517244468109 49
