1694512705326 168.02646685215834 0
1694512705674 167.35415086172435 1
1694512706028 166.68464108441577 2
1694512706363 166.01792570151386 3
1694512706688 165.35399294432608 4
1694512707025 164.6928310939739 5
1694512707401 164.03442848118104 6
1694512707671 163.37877348606293 7
1694512708012 162.72585453791663 8
1694512708396 162.07566011501237 9
1694512708787 161.42817874438506 10
1694512709187 160.7833990016276 11
1694512709554 160.1413095106843 12
1694512709921 159.50189894364564 13
1694512710282 158.86515602054396 14
1694512710677 158.2310695091495 15
1694512711009 157.59962822476794 16
1694512711371 156.97082103003834 17
1694512711742 156.3446368347322 18
1694512712102 155.72106459555326 19
1694512712473 155.10009331593815 20
1694512712854 154.48171204585807 21
1694512713223 153.8659098816209 22
1694512713627 153.25267596567463 23
1694512714057 152.6419994864113 24
1694512714431 152.0338696779721 25
1694512714841 151.42827582005273 26
1694512715233 150.8252072377103 27
1694512715616 150.22465330117038 28
1694512715988 149.62660342563555 29
1694512716352 149.0310470710941 30
1694512716714 148.43797374212997 31
1694512717116 147.84737298773342 32
1694512717472 147.2592344011124 33
1694512717835 146.67354761950483 34
1694512718220 146.09030232399158 35
1694512718580 145.50948823931043 36
1694512718924 144.9310951336706 37
1694512719292 144.3551128185681 38
1694512719655 143.7815311486021 39
1694512719994 143.21034002129187 40
1694512720376 142.64152937689448 41
1694512720761 142.0750891982233 42
1694512721136 141.51100951046752 43
1694512721494 140.94928038101196 44
1694512721891 140.38989191925822 45
1694512722270 139.83283427644596 46
1694512722628 139.27809764547558 47
1694512722987 138.72567226073116 48
1694512723370 138.17554839790435 49
