1694512705438 -246.78465928057588 0
1694512705793 -245.79321077999447 1
1694512706154 -244.80590053558288 2
1694512706476 -243.82271111855593 3
1694512706805 -242.84362517390093 4
1694512707170 -241.86862542006466 5
1694512707504 -240.89769464864122 6
1694512707793 -239.9308157240615 7
1694512708159 -238.96797158328332 8
1694512708521 -238.00914523548406 9
1694512708950 -237.05431976175336 10
1694512709329 -236.10347831478808 11
1694512709698 -235.1566041185877 12
1694512710039 -234.21368046815186 13
1694512710447 -233.27469072917884 14
1694512710792 -232.3396183377649 15
1694512711144 -231.40844680010565 16
1694512711525 -230.4811596921982 17
1694512711874 -229.5577406595446 18
1694512712233 -228.638173416857 19
1694512712611 -227.72244174776327 20
1694512712979 -226.81052950451468 21
1694512713370 -225.90242060769424 22
1694512713782 -224.9980990459266 23
1694512714204 -224.0975488755891 24
1694512714588 -223.2007542205241 25
1694512714989 -222.3076992717523 26
1694512715365 -221.4183682871877 27
1694512715744 -220.53274559135323 28
1694512716102 -219.65081557509828 29
1694512716488 -218.77256269531668 30
1694512716839 -217.89797147466643 31
1694512717261 -217.02702650129055 32
1694512717600 -216.1597124285387 33
1694512717961 -215.2960139746906 34
1694512718349 -214.43591592268007 35
1694512718695 -213.57940311982085 36
1694512719063 -212.72646047753284 37
1694512719417 -211.87707297107002 38
1694512719764 -211.0312256392496 39
1694512720129 -210.18890358418204 40
1694512720513 -209.35009197100217 41
1694512720902 -208.5147760276017 42
1694512721261 -207.68294104436274 43
1694512721630 -206.85457237389258 44
1694512722044 -206.02965543075948 45
1694512722411 -205.20817569122937 46
1694512722742 -204.39011869300424 47
1694512723123 -203.5754700349611 48
1694512723495 -202.76421537689237 49
