1694512705187 169.35337134490706 0
1694512705525 168.68262012654688 1
1694512705868 168.01465500540556 2
1694512706240 167.34946426569735 3
1694512706562 166.6870362412354 4
1694512706883 166.02735931522065 5
1694512707263 165.37042192003193 6
1694512707574 164.716212537017 7
1694512707881 164.06471969628396 8
1694512708261 163.41593197649445 9
1694512708614 162.76983800465678 10
1694512709045 162.1264264559207 11
1694512709442 161.4856860533725 12
1694512709799 160.84760556783127 13
1694512710144 160.21217381764615 14
1694512710543 159.57937966849397 15
1694512710888 158.94921203317824 16
1694512711250 158.32165987142884 17
1694512711626 157.6967121897023 18
1694512711977 157.0743580409834 19
1694512712334 156.45458652458734 20
1694512712723 155.8373867859626 21
1694512713073 155.22274801649505 22
1694512713474 154.61065945331254 23
1694512713886 154.00111037909062 24
1694512714292 153.39409012185868 25
1694512714687 152.78958805480738 26
1694512715087 152.18759359609663 27
1694512715472 151.58809620866433 28
1694512715851 150.9910854000362 29
1694512716213 150.39655072213625 30
1694512716589 149.80448177109784 31
1694512716960 149.21486818707612 32
1694512717353 148.62769965406065 33
1694512717696 148.04296589968922 34
1694512718053 147.46065669506228 35
1694512718446 146.88076185455827 36
1694512718796 146.30327123564967 37
1694512719161 145.72817473871984 38
1694512719530 145.1554623068806 39
1694512719854 144.58512392579078 40
1694512720230 144.01714962347518 41
1694512720609 143.4515294701448 42
1694512720996 142.88825357801727 43
1694512721352 142.32731210113857 44
1694512721746 141.76869523520517 45
1694512722148 141.21239321738696 46
1694512722496 140.6583963261512 47
1694512722851 140.10669488108692 48
1694512723229 139.55727924273012 49
