1694510322539 10.391008757482803 0
1694510322830 4.397871358963684 1
1694510323096 3.564050546336345 2
1694510323374 3.1462241376269673 3
1694510323650 2.860581793674514 4
1694510323911 2.6288305255607787 5
1694510324226 2.4398369014625128 6
1694510324481 2.2733258498940088 7
1694510324800 2.1231922014177287 8
1694510325077 1.9828824342427003 9
1694510325356 1.86473689137922 10
1694510325628 1.748425172713778 11
1694510325907 1.6490972824876111 12
1694510326221 1.5475416930952457 13
1694510326540 1.4581338522824325 14
1694510326809 1.3717084128354007 15
1694510327081 1.300390931038823 16
1694510327404 1.2235668953150811 17
1694510327677 1.1683433666663423 18
1694510327964 1.1054286038250316 19
1694510328262 1.0435663767633319 20
1694510328575 0.9857433755106508 21
1694510328857 0.9361784523489308 22
1694510329130 0.8893059899891266 23
1694510329393 0.8524223818622464 24
1694510329662 0.8023788914690275 25
1694510329943 0.7641754381606336 26
1694510330220 0.7274503922109757 27
1694510330508 0.6939075501991488 28
1694510330772 0.6687538310389876 29
1694510331037 0.6457488292822994 30
1694510331303 0.6117959237361733 31
1694510331566 0.5860497569230195 32
1694510331853 0.5603395607420549 33
1694510332135 0.5460691488407154 34
1694510332426 0.5258625555989704 35
1694510332683 0.5051700713286286 36
1694510332983 0.49200613435446544 37
1694510333289 0.47443544927440406 38
1694510333565 0.45971912859475605 39
1694510333850 0.4504093896444516 40
1694510334137 0.4416732354372188 41
1694510334430 0.43243944861850003 42
1694510334715 0.4163797508802474 43
1694510335019 0.4128990637803456 44
1694510335294 0.40049231606368524 45
1694510335572 0.3912825872381494 46
1694510335863 0.3903291481267639 47
1694510336140 0.38008473982502067 48
1694510336415 0.3737655282855484 49
