1694510322634 -14.323375018173712 0
1694510322930 -5.4854369472604425 1
1694510323188 -4.2558211026345685 2
1694510323469 -3.6396623732388367 3
1694510323752 -3.2184323599062408 4
1694510324055 -2.8766742423715232 5
1694510324324 -2.597969811868951 6
1694510324621 -2.3524198996896124 7
1694510324921 -2.1310213567625818 8
1694510325183 -1.9241098593983512 9
1694510325446 -1.749883419764266 10
1694510325729 -1.578361277331712 11
1694510326036 -1.4318847852776084 12
1694510326356 -1.2821231579158532 13
1694510326653 -1.1502755282664872 14
1694510326925 -1.0228259754207487 15
1694510327229 -0.9176557706382951 16
1694510327500 -0.8043651809295007 17
1694510327771 -0.7229283484658471 18
1694510328086 -0.6301494347244245 19
1694510328381 -0.5389226706200052 20
1694510328701 -0.45365245734710213 21
1694510328961 -0.3805602366512948 22
1694510329241 -0.31143852426246754 23
1694510329495 -0.2570471391195628 24
1694510329789 -0.18324918663863055 25
1694510330044 -0.12691145700172246 26
1694510330340 -0.07275389975387414 27
1694510330622 -0.02328906344022541 28
1694510330900 0.013804531685022492 29
1694510331136 0.047729464041337266 30
1694510331421 0.097799011356968 31
1694510331670 0.13576627503329897 32
1694510331987 0.17368049366852378 33
1694510332252 0.19472473281138503 34
1694510332522 0.22452291827244342 35
1694510332827 0.25503763574910543 36
1694510333116 0.2744501824689264 37
1694510333405 0.3003612564649062 38
1694510333680 0.32206306674387075 39
1694510333983 0.33579191873373015 40
1694510334262 0.34867491885993285 41
1694510334557 0.3622917660365079 42
1694510334836 0.3859746227124343 43
1694510335116 0.391107509710947 44
1694510335416 0.4094034473292608 45
1694510335697 0.42298481675191124 46
1694510335987 0.4243908308744797 47
1694510336253 0.43949801766554664 48
1694510336529 0.4488168095652044 49
