1694510322444 10.055966406104856 0
1694510322738 3.0511529938620408 1
1694510323011 2.0180944749585628 2
1694510323284 1.092177635086616 3
1694510323557 3.8539368132552756 4
1694510323831 2.6838007236845027 5
1694510324138 1.8532254070879177 6
1694510324403 3.2949203960650237 7
1694510324706 1.1678956285094058 8
1694510325003 1.6837114483935987 9
1694510325276 2.7890961356259876 10
1694510325540 1.5863102176913129 11
1694510325821 1.9623737556055763 12
1694510326120 2.1425963385752547 13
1694510326438 1.2157219343992376 14
1694510326731 1.5988560280177733 15
1694510327003 1.3218858570907086 16
1694510327316 0.9742854459664039 17
1694510327584 0.7298385887246889 18
1694510327877 1.427837519912087 19
1694510328165 1.471304152244218 20
1694510328480 1.09935541053169 21
1694510328783 1.0951012777947018 22
1694510329042 0.771854280632553 23
1694510329318 1.0093723026485468 24
1694510329574 1.6191566741304828 25
1694510329859 0.4598198195615736 26
1694510330131 0.5862347355510432 27
1694510330420 0.533207183697834 28
1694510330693 0.7265837453293815 29
1694510330968 0.8119295594195771 30
1694510331214 0.6242609102458234 31
1694510331492 1.0948870454022255 32
1694510331762 0.6309462038776855 33
1694510332052 0.4723904831534464 34
1694510332342 0.580704500800896 35
1694510332602 0.5033270101356263 36
1694510332906 0.5260470267273704 37
1694510333194 0.6301862859452059 38
1694510333485 0.42981786617076806 39
1694510333757 0.3649415045019959 40
1694510334058 0.36280358887178543 41
1694510334346 0.27830441544206286 42
1694510334633 0.376103158421258 43
1694510334928 0.39552430677960254 44
1694510335196 0.329976196406719 45
1694510335491 0.2741162678234723 46
1694510335772 0.18038112333399683 47
1694510336064 0.48734327151789175 48
1694510336337 0.3763156541638952 49
