1694508285636 120.19057885646369 0
1694508285979 86.76080579756879 1
1694508286303 63.60582072533597 2
1694508286653 47.467894093314754 3
1694508286989 36.13506061917482 4
1694508287331 28.11879269649832 5
1694508287681 22.39250222064611 6
1694508288033 18.265553143028715 7
1694508288393 15.256287169124676 8
1694508288772 13.036042921619064 9
1694508289149 11.380294799206311 10
1694508289467 10.127314199120011 11
1694508289838 9.164938224397332 12
1694508290181 8.419516411898766 13
1694508290521 7.832283301020304 14
1694508290848 7.36683984407953 15
1694508291211 6.990220815357467 16
1694508291513 6.683305397062555 17
1694508291832 6.428746177814841 18
1694508292154 6.218932532073271 19
1694508292498 6.043034157036329 20
1694508292844 5.893664067792865 21
1694508293168 5.766234858732456 22
1694508293470 5.655636787864032 23
1694508293795 5.560394417728513 24
1694508294093 5.477032597834193 25
1694508294422 5.403984076547832 26
1694508294751 5.3387334378656774 27
1694508295061 5.2810706554143785 28
1694508295362 5.229994236930452 29
1694508295644 5.1839451179016525 30
1694508295948 5.141296221497629 31
1694508296277 5.103245701458156 32
1694508296559 5.068436151479276 33
1694508296862 5.037418821130119 34
1694508297150 5.00749544042661 35
1694508297456 4.979236517699927 36
1694508297750 4.952524843034528 37
1694508298068 4.927717001199693 38
1694508298399 4.905240440624785 39
1694508298726 4.8840994619139755 40
1694508299050 4.864459880484725 41
1694508299327 4.845603294791459 42
1694508299621 4.829293577040836 43
1694508299947 4.812355589365169 44
1694508300269 4.797328152078212 45
1694508300580 4.781630970853782 46
1694508300897 4.766679761468336 47
1694508301205 4.754001133869107 48
1694508301474 4.742870467723541 49
