1694508285787 -176.24220587752896 0
1694508286111 -126.94410967633014 1
1694508286449 -92.79800046950947 2
1694508286803 -68.99978149292005 3
1694508287137 -52.28751982557191 4
1694508287483 -40.46611898834606 5
1694508287821 -32.02169376723441 6
1694508288173 -25.935779504897003 7
1694508288552 -21.49808609862834 8
1694508288914 -18.223944383371713 9
1694508289287 -15.782251761652297 10
1694508289613 -13.93451088550373 11
1694508289974 -12.5153177817989 12
1694508290319 -11.41606185331007 13
1694508290655 -10.55008306423442 14
1694508291002 -9.863704599263672 15
1694508291338 -9.308313419179001 16
1694508291638 -8.855712505912916 17
1694508291972 -8.480320041917809 18
1694508292300 -8.170912817589075 19
1694508292641 -7.911519641364732 20
1694508293003 -7.691247101191244 21
1694508293307 -7.50333025844046 22
1694508293613 -7.340233897369359 23
1694508293917 -7.199782225229702 24
1694508294228 -7.076850519728227 25
1694508294568 -6.969127591924141 26
1694508294890 -6.872904017289774 27
1694508295191 -6.787870074896421 28
1694508295483 -6.712548887773873 29
1694508295770 -6.6446413403351645 30
1694508296080 -6.581748020835315 31
1694508296392 -6.525635818275434 32
1694508296691 -6.474302997662024 33
1694508296993 -6.428562473705632 34
1694508297285 -6.384435171435653 35
1694508297580 -6.342762406003834 36
1694508297899 -6.303371330718039 37
1694508298215 -6.266787792709472 38
1694508298526 -6.233642140073967 39
1694508298866 -6.20246603844633 40
1694508299150 -6.17350401190356 41
1694508299444 -6.145696650666167 42
1694508299769 -6.121645095387342 43
1694508300090 -6.096667045299515 44
1694508300398 -6.074506438713141 45
1694508300707 -6.051358176571897 46
1694508301019 -6.029309981470201 47
1694508301311 -6.0106131090150745 48
1694508301612 -5.994198978728852 49
