1694508285523 129.8303959377019 0
1694508285876 87.712810833673 1
1694508286204 68.26797493029619 2
1694508286548 48.982131103964974 3
1694508286896 44.13131016793724 4
1694508287230 25.158387226629564 5
1694508287588 25.454489321185847 6
1694508287924 19.896355073141 7
1694508288288 18.023073339844732 8
1694508288665 14.674680769936437 9
1694508289030 11.235949240716062 10
1694508289373 9.797978450434176 11
1694508289728 13.058247473720552 12
1694508290077 7.284446219863004 13
1694508290427 11.982124745972053 14
1694508290761 8.06667615344582 15
1694508291098 11.909325648337397 16
1694508291427 6.8679035863598505 17
1694508291736 8.168212284011616 18
1694508292064 5.683021917540848 19
1694508292395 5.567337629259554 20
1694508292737 6.016852582050156 21
1694508293087 6.232879037002416 22
1694508293389 7.833087716827322 23
1694508293706 3.139035416380173 24
1694508294007 7.487719625509406 25
1694508294323 4.725267384181494 26
1694508294658 5.792584070116599 27
1694508294971 4.567119517500968 28
1694508295286 5.650963968444769 29
1694508295563 3.9232221736366566 30
1694508295854 6.284830074012261 31
1694508296165 3.5625301459611043 32
1694508296474 3.6237908021321243 33
1694508296771 2.9100134755192495 34
1694508297068 8.904688156244488 35
1694508297373 4.667322279915672 36
1694508297658 8.97443426084198 37
1694508297982 6.156524784601346 38
1694508298300 8.001802713437222 39
1694508298617 4.253551823917364 40
1694508298955 6.3506884944511155 41
1694508299237 5.5740823101204855 42
1694508299535 4.0814900345049425 43
1694508299861 4.34981478713086 44
1694508300172 3.6324414285118496 45
1694508300481 5.916695018091407 46
1694508300794 5.172491514386896 47
1694508301112 3.2394719086924773 48
1694508301392 3.480897626414129 49
