1694493091243 168.37877075596572 0
1694493091568 167.72195876120293 1
1694493091871 167.06778434380465 2
1694493092220 166.41630504835499 3
1694493092553 165.7675096132569 4
1694493092877 165.12138682566197 5
1694493093214 164.47792551986302 6
1694493093597 163.83711457709475 7
1694493093898 163.19894292533624 8
1694493094239 162.56339953911348 9
1694493094580 161.93047343930317 10
1694493094911 161.3001536929372 11
1694493095321 160.6724294130079 12
1694493095647 160.0472897582744 13
1694493095983 159.42472393306937 14
1694493096358 158.80472118710705 15
1694493096714 158.1872708152915 16
1694493097062 157.5723621575264 17
1694493097440 156.9599845985251 18
1694493097845 156.35012756762143 19
1694493098308 155.74278053858194 20
1694493098683 155.13793302941818 21
1694493099063 154.53557460220017 22
1694493099453 153.93569486287072 23
1694493099864 153.3382834610602 24
1694493100200 152.74333008990257 25
1694493100578 152.1508244858516 26
1694493100992 151.56075642849837 27
1694493101351 150.9731157403894 28
1694493101731 150.38789228684536 29
1694493102099 149.8050759757808 30
1694493102415 149.2246567575244 31
1694493102804 148.64662462464028 32
1694493103189 148.07096961174977 33
1694493103550 147.49768179535405 34
1694493103905 146.9267512936577 35
1694493104291 146.3581682663926 36
1694493104616 145.79192291464298 37
1694493105045 145.22800548067116 38
1694493105401 144.6664062477435 39
1694493105735 144.10711553995802 40
1694493106103 143.5501237220718 41
1694493106468 142.9954211993297 42
1694493106794 142.44299841729378 43
1694493107138 141.89284586167307 44
1694493107521 141.34495405815431 45
1694493107879 140.79931357223353 46
1694493108246 140.25591500904812 47
1694493108583 139.71474901320968 48
1694493108934 139.1758062686375 49
