1694493091363 -237.25423699471452 0
1694493091675 -236.32485474564234 1
1694493091988 -235.39920464154113 2
1694493092343 -234.4773681074084 3
1694493092653 -233.55932920819953 4
1694493092984 -232.64507207784885 5
1694493093336 -231.73458091699496 6
1694493093697 -230.82783999269878 7
1694493094006 -229.92483363816405 8
1694493094338 -229.02554625245793 9
1694493094695 -228.12996230023336 10
1694493095047 -227.2380663114523 11
1694493095436 -226.34984288111045 12
1694493095763 -225.46527666896284 13
1694493096123 -224.58435239925086 14
1694493096474 -223.70705486043002 15
1694493096820 -222.8333689048993 16
1694493097188 -221.96327944873147 17
1694493097570 -221.09677147140457 18
1694493098016 -220.23383001553418 19
1694493098437 -219.37444018660779 20
1694493098804 -218.51858715271894 21
1694493099196 -217.66625614430365 22
1694493099599 -216.81743245387733 23
1694493099964 -215.97210143577294 24
1694493100312 -215.13024850588047 25
1694493100707 -214.2918591413872 26
1694493101106 -213.45691888051903 27
1694493101462 -212.62541332228352 28
1694493101842 -211.7973281262131 29
1694493102199 -210.97264901211022 30
1694493102551 -210.15136175979285 31
1694493102927 -209.3334522088416 32
1694493103317 -208.51890625834773 33
1694493103672 -207.70770986666193 34
1694493104027 -206.89984905114486 35
1694493104389 -206.0953098879179 36
1694493104747 -205.29407851161548 37
1694493105154 -204.4961411151387 38
1694493105522 -203.70148394940895 39
1694493105853 -202.91009332312396 40
1694493106212 -202.12195560251357 41
1694493106571 -201.3370572110976 42
1694493106915 -200.55538462944403 43
1694493107255 -199.77692439492864 44
1694493107639 -199.0016631014951 45
1694493108009 -198.22958739941689 46
1694493108355 -197.46068399505958 47
1694493108692 -196.6949396506443 48
1694493109075 -195.9323411840123 49
