1694493091126 169.17813275916612 0
1694493091454 168.502948214599 1
1694493091764 167.84442403661467 2
1694493092073 167.1885441984565 3
1694493092451 166.53536896458607 4
1694493092746 165.88488703607692 5
1694493093088 165.23708716290633 6
1694493093468 164.5919581423118 7
1694493093778 163.94948881859202 8
1694493094104 163.30966808290864 9
1694493094429 162.6724848730885 10
1694493094788 162.03792817342742 11
1694493095165 161.40598701449412 12
1694493095532 160.77665047293524 13
1694493095862 160.1499076712815 14
1694493096237 159.52574777775402 15
1694493096594 158.90416000607198 16
1694493096935 158.2851336152609 17
1694493097305 157.6686579094617 18
1694493097697 157.05472223774078 19
1694493098118 156.44331599390054 20
1694493098553 155.834428616291 21
1694493098929 155.2280495876221 22
1694493099297 154.62416843477686 23
1694493099754 154.02277472862505 24
1694493100091 153.4238580838383 25
1694493100448 152.8274081587051 26
1694493100821 152.23341465494738 27
1694493101215 151.64186731753728 28
1694493101588 151.05275593451515 29
1694493101954 150.46607033680797 30
1694493102294 149.88180039804877 31
1694493102665 149.29993603439658 32
1694493103017 148.7204672043575 33
1694493103432 148.14338390860604 34
1694493103780 147.5686761898077 35
1694493104168 146.99633413244194 36
1694493104486 146.42634786262607 37
1694493104897 145.85870754793984 38
1694493105260 145.2934033972509 39
1694493105615 144.73042566054062 40
1694493105969 144.16976462873114 41
1694493106339 143.61141063351275 42
1694493106682 143.0553540471722 43
1694493107012 142.50158528242181 44
1694493107373 141.95009479222895 45
1694493107747 141.40087306964674 46
1694493108129 140.85391064764494 47
1694493108480 140.30919809894203 48
1694493108814 139.7667260358376 49
