1694511629656 0.4202477949447859 0
1694511630012 0.19831880490778148 1
1694511630367 0.19828420409125314 2
1694511630688 0.1934501206240797 3
1694511631044 0.19902787689696455 4
1694511631363 0.19407757872580395 5
1694511631652 0.2731951392057663 6
1694511631945 0.21777698479802762 7
1694511632226 0.2830036085770124 8
1694511632571 0.22588163621252014 9
1694511632931 0.21883694463793957 10
1694511633244 0.20710233979334408 11
1694511633564 0.20188789496743148 12
1694511633886 0.20360811016537053 13
1694511634199 0.23046704220888536 14
1694511634569 0.3060612042405125 15
1694511634883 0.19674900169867407 16
1694511635195 0.19510632404437778 17
1694511635553 0.19864968023510982 18
1694511635877 0.19685196858257964 19
1694511636195 0.20066853781237778 20
1694511636504 0.19670044128907074 21
1694511636829 0.19878010737211352 22
1694511637166 0.21372021297937638 23
1694511637470 0.20257361501585724 24
1694511637802 0.1935025960357657 25
1694511638114 0.25075555644690306 26
1694511638445 0.21118059918799365 27
1694511638753 0.21693674210755448 28
1694511639085 0.20074828193869546 29
1694511639443 1.238366057285009 30
1694511639760 0.20897885102131106 31
1694511640077 0.20108781293083605 32
1694511640403 0.23893153518032806 33
1694511640713 0.28939220607339466 34
1694511641039 0.1955953430949425 35
1694511641365 0.19704535373695045 36
1694511641666 0.24655207653730024 37
1694511641974 0.19459614134347428 38
1694511642348 0.19924620137000398 39
1694511642646 0.20697887767749965 40
1694511642954 0.1963755817214396 41
1694511643288 0.2127010765350165 42
1694511643601 0.19771019820065666 43
1694511643888 0.21254235738099023 44
1694511644204 0.2002975596566578 45
1694511644532 0.19896156275851706 46
1694511644855 0.37088218394492517 47
1694511645172 0.207339561448345 48
1694511645545 0.20566744564247458 49
