1694511629802 0.3802705095535399 0
1694511630147 0.7075439457627659 1
1694511630477 0.7075949707690934 2
1694511630827 0.7147236794022478 3
1694511631142 0.7064982940595749 4
1694511631465 0.713798381769909 5
1694511631741 0.5971255853116764 6
1694511632037 0.6788494277820538 7
1694511632355 0.5826612673577876 8
1694511632717 0.6668976898984331 9
1694511633034 0.6772863300587959 10
1694511633352 0.6945910744700954 11
1694511633694 0.702280693008959 12
1694511633978 0.6997439323146712 13
1694511634332 0.6601357000538679 14
1694511634682 0.5486587760101795 15
1694511634997 0.7098588974521833 16
1694511635332 0.7122813153634981 17
1694511635682 0.7070560117379523 18
1694511635989 0.7097070546221595 19
1694511636298 0.7040788501854243 20
1694511636605 0.7099305083404768 21
1694511636938 0.7068636739217209 22
1694511637264 0.684831853299267 23
1694511637611 0.7012694778608685 24
1694511637898 0.7146462951529161 25
1694511638229 0.6302167076358485 26
1694511638556 0.6885769617324266 27
1694511638873 0.6800885138181547 28
1694511639225 0.7039612534071344 29
1694511639564 -0.8261891553012475 30
1694511639847 0.6918238277144573 31
1694511640192 0.7034605550780029 32
1694511640516 0.647653312331241 33
1694511640824 0.573240153627445 34
1694511641159 0.7115601705278307 35
1694511641460 0.70942187410576 36
1694511641779 0.6364154801072717 37
1694511642126 0.7130336697341072 38
1694511642460 0.7061763361193876 39
1694511642746 0.6947731411342447 40
1694511643055 0.7104095710666503 41
1694511643390 0.6863347497259848 42
1694511643687 0.7084414436890509 43
1694511643988 0.6865688091110239 44
1694511644327 0.7046259229034175 45
1694511644646 0.7065960859521769 46
1694511644969 0.4530688093150922 47
1694511645331 0.6942412493023133 48
1694511645674 0.6967070789599698 49
