1694511629560 1.2796827172195218e-05 0
1694511629921 0.02041984506321561 1
1694511630273 0.036711162915082494 2
1694511630597 1.7315064767857964 3
1694511630953 0.17741608641898549 4
1694511631259 0.0021122195203334363 5
1694511631570 0.028488477091399112 6
1694511631856 0.2240289895947216 7
1694511632147 0.4561849628594224 8
1694511632473 0.08624913940210291 9
1694511632841 0.0003705486003758667 10
1694511633147 0.1169890390162777 11
1694511633478 0.21445363096133735 12
1694511633807 0.45077033871453 13
1694511634105 0.019531898714242393 14
1694511634479 0.7068671972664189 15
1694511634804 0.003955120666227494 16
1694511635110 0.11570622280723733 17
1694511635456 1.1997853016664053 18
1694511635796 0.0038486006432535617 19
1694511636094 0.061785913038678954 20
1694511636426 0.004472503223147569 21
1694511636744 0.006041314400800449 22
1694511637054 0.008215403714584981 23
1694511637380 0.00626397246139903 24
1694511637724 0.091987143950309 25
1694511638033 0.7313886923419423 26
1694511638345 0.10424854090790975 27
1694511638665 0.1742230981100374 28
1694511638984 0.0012579691214343316 29
1694511639345 1.4823534639238085 30
1694511639680 0.6111904519846412 31
1694511639972 0.016908825088838425 32
1694511640313 0.06498400081995677 33
1694511640630 0.6032238159779807 34
1694511640941 0.3974597078877314 35
1694511641269 0.20768875406730355 36
1694511641575 0.02960757276614543 37
1694511641888 2.253092906928816e-05 38
1694511642254 0.09651007020860311 39
1694511642565 0.11697489493585593 40
1694511642866 0.05292930322944602 41
1694511643194 0.025591008560479307 42
1694511643510 0.06462940941617787 43
1694511643806 0.004984093617933087 44
1694511644112 0.08554860352882084 45
1694511644436 0.08523748124429101 46
1694511644773 0.02316224757643366 47
1694511645087 0.0019568101713640833 48
1694511645449 0.1684727079209603 49
