1694490981968 4.443380167492077 0
1694490982356 4.980056299612169 1
1694490982818 4.991081328924219 2
1694490983241 4.434724732332256 3
1694490983652 4.411231460294734 4
1694490984055 5.401527480065439 5
1694490984423 4.4710880214966275 6
1694490984827 4.673214753818442 7
1694490985271 4.19685151908313 8
1694490985658 4.692999103001953 9
1694490986110 4.471804692685797 10
1694490986525 4.551888516526395 11
1694490986970 4.731022008671188 12
1694490987405 4.031360481754416 13
1694490987860 5.399364722278975 14
1694490988257 4.840692107156789 15
1694490988676 4.540459328637048 16
1694490989084 4.6215174782626525 17
1694490989500 4.545721334372031 18
1694490989940 4.87340288349273 19
1694490990342 4.276865876536939 20
1694490990787 4.391221160483373 21
1694490991154 4.207917792365231 22
1694490991608 5.010962150896693 23
1694490992002 4.326199213855982 24
1694490992376 4.509540648977211 25
1694490992783 4.4938924286300095 26
1694490993219 4.441198569120784 27
1694490993605 4.653272142768411 28
1694490994000 4.1557108957258215 29
1694490994444 4.596304755548592 30
1694490994882 4.204839013979739 31
1694490995276 4.773176517479236 32
1694490995734 4.995300128418083 33
1694490996023 5.510997543265395 34
1694490996353 5.271356574440578 35
1694490996680 4.289319567442511 36
1694490997120 4.507677836753415 37
1694490997509 4.499162944003225 38
1694490997920 4.329709343231116 39
1694490998393 4.108529377806874 40
1694490998799 4.676530738682978 41
1694490999191 5.053737544223526 42
1694490999559 4.452918687816175 43
1694491000025 4.010593252391655 44
1694491000424 5.0332225864102265 45
1694491000800 4.627385797034099 46
1694491001175 5.042416283623897 47
1694491001585 4.883345654907454 48
1694491001968 4.14470601815088 49
