1694490982099 -5.287337451926154 0
1694490982508 -6.046728685140849 1
1694490982963 -6.062328988758659 2
1694490983399 -5.275090099777176 3
1694490983807 -5.241847360335151 4
1694490984182 -6.6431060910532125 5
1694490984551 -5.326543781708565 6
1694490984995 -5.612551038854801 7
1694490985404 -4.938501938040975 8
1694490985802 -5.640545690425134 9
1694490986257 -5.327557864104968 10
1694490986698 -5.440875655053889 11
1694490987127 -5.6943477127220845 12
1694490987524 -4.70433381428527 13
1694490987992 -6.640045810924637 14
1694490988414 -5.849529779431028 15
1694490988813 -5.424703471186408 16
1694490989219 -5.539399923147338 17
1694490989633 -5.432149155436397 18
1694490990072 -5.895815193099475 19
1694490990521 -5.05172143476369 20
1694490990938 -5.213532990939374 21
1694490991310 -4.954160601454212 22
1694490991773 -6.090460148337823 23
1694490992134 -5.12152760206483 24
1694490992508 -5.380953855969685 25
1694490992920 -5.35881178436286 26
1694490993346 -5.28425051256291 27
1694490993769 -5.584332448363404 28
1694490994185 -4.880288377130209 29
1694490994607 -5.5037241785993265 30
1694490995020 -4.949804161554941 31
1694490995442 -5.753995911166916 32
1694490995848 -6.068298546856343 33
1694490996150 -6.798005109880647 34
1694490996472 -6.458915592100639 35
1694490996838 -5.069343279911705 36
1694490997257 -5.378317995741865 37
1694490997639 -5.366269509663839 38
1694490998068 -5.1264943991988785 39
1694490998511 -4.813527012252903 40
1694490998926 -5.617243123493732 41
1694490999328 -6.150986892020992 42
1694490999742 -5.300834360542801 43
1694491000144 -4.674948397322642 44
1694491000544 -6.121958436718451 45
1694491000916 -5.547703534137342 46
1694491001331 -6.134967424163657 47
1694491001728 -5.909884112871203 48
1694491002090 -4.864716588014122 49
