1694490981820 4.978723526224187 0
1694490982252 1.3720672151887512 1
1694490982659 5.8528963480120035 2
1694490983125 0.15077070463280312 3
1694490983538 2.200406697163405 4
1694490983943 0.13569408192980548 5
1694490984319 25.921580738618466 6
1694490984722 4.5404207850904115 7
1694490985141 0.015951785668371868 8
1694490985537 0.8285620181666447 9
1694490985978 7.619914407814493 10
1694490986409 1.3727133473378244 11
1694490986831 2.2134719359699315 12
1694490987285 0.3394000503003285 13
1694490987695 0.2372665408107904 14
1694490988141 5.889580595863623 15
1694490988566 6.404629586452624 16
1694490988959 4.653048304693689 17
1694490989364 0.409296302205696 18
1694490989790 28.65274742215406 19
1694490990217 6.517856604972157 20
1694490990667 0.22197781028837313 21
1694490991062 0.8672594749058906 22
1694490991450 0.01468105967353392 23
1694490991896 0.5623752356474695 24
1694490992254 23.46675091365203 25
1694490992655 0.8115186666801172 26
1694490993077 0.17790096710473813 27
1694490993504 0.2295906172103998 28
1694490993904 0.058021050682006775 29
1694490994341 0.1806467713145483 30
1694490994761 0.11806108528414662 31
1694490995158 0.0697244035961193 32
1694490995624 2.8625188233508383 33
1694490995955 3.8107331279217336 34
1694490996274 0.946803582548822 35
1694490996581 4.015902925571414 36
1694490996993 0.004698254760097101 37
1694490997396 0.7319259531161908 38
1694490997798 3.4537060775630923 39
1694490998242 0.006794124009586472 40
1694490998667 0.053295383286101006 41
1694490999069 2.2020069903986608 42
1694490999450 1.6325750785352826 43
1694490999900 26.210067936144505 44
1694491000301 1.9491446007235547 45
1694491000681 4.039729097075564 46
1694491001045 0.5153457433221678 47
1694491001475 0.17642901473015718 48
1694491001857 3.6762516020579166 49
