1694352378646 79.09603763244505 0
1694352379463 9.366316563599879 1
1694352380182 0.2999131803289091 2
1694352380985 1.063859193342398 3
1694352381780 1.125388177530897 4
1694352382598 4.893112418345028 5
1694352383416 1.076840145933545 6
1694352384158 0.764000967822748 7
1694352384920 0.10143907780416284 8
1694352385753 0.8316639802112938 9
1694352386454 0.024882051423476045 10
1694352387248 5.079147353084632 11
1694352388067 5.802010168106797 12
1694352388874 1.0434138435440414 13
1694352389573 0.43720005080588936 14
1694352390448 0.01555789781630883 15
1694352391196 4.6391250603245044 16
1694352391942 4.095503432716408 17
1694352392693 13.138728154164843 18
1694352393374 5.740537413558902 19
1694352394315 2.680038945595066 20
1694352395374 25.157854576511653 21
1694352396424 5.917491126913345 22
1694352397686 0.7338666851116705 23
1694352398753 22.970320362626172 24
1694352399767 5.500551694816564 25
1694352400739 1.1526580347168205 26
1694352401786 4.282117488989892 27
1694352402868 2.905384121310317 28
1694352403858 17.580774284960206 29
1694352404954 3.106230569230706 30
1694352406072 1.443827055505434 31
1694352407141 0.18389486892641338 32
1694352408160 5.723885550399276 33
1694352409172 4.644245483071031 34
1694352410250 3.2596252154273992 35
1694352411275 11.460445903972243 36
1694352412213 0.3798812916922759 37
1694352413245 22.460733126015313 38
1694352414157 0.05663135364437388 39
1694352415298 5.329253306503706 40
1694352416400 18.944339066906604 41
1694352417506 3.4518055518935027 42
1694352418569 1.59530811892957 43
1694352419633 23.448125772261736 44
1694352420605 0.10493014995925169 45
1694352421739 0.420468418367526 46
1694352422701 22.113375030608932 47
1694352423637 1.392869057983976 48
1694352424334 1.5675701669116395 49
1694352425100 22.079193728471875 50
1694352425759 0.49600264623845247 51
1694352426564 0.2618689159138965 52
1694352427385 1.037064112217041 53
1694352428122 0.12858239042501265 54
1694352428850 1.4577563610320963 55
1694352429703 4.201592017074537 56
1694352430450 0.9949933841894959 57
1694352431187 1.823153882867204 58
1694352431995 3.071716256655027 59
1694352432748 3.4066624271335333 60
1694352433449 1.2073707049132865 61
1694352434160 22.153498722809235 62
1694352434768 3.760614874906865 63
1694352435515 0.689379982904223 64
1694352436213 3.908107559509273 65
1694352436997 0.9280258460008202 66
1694352437689 0.8733341294841862 67
1694352438450 1.501584450317518 68
1694352439162 0.1705747503758793 69
1694352439878 1.2953969005497716 70
1694352440619 2.173539825315027 71
1694352441357 22.16903119997473 72
1694352442036 1.1821309026660511 73
1694352442756 0.3224847349155947 74
1694352443422 3.736502301975853 75
1694352444128 11.371565544391474 76
1694352444714 22.198357009465145 77
1694352445320 0.0042049843595099706 78
1694352445920 2.0437754809597948 79
1694352446570 5.673435651519722 80
1694352447250 23.842885164361032 81
1694352447932 39.724469855618025 82
1694352448700 23.389291249642618 83
1694352449429 2.869328464314731 84
1694352450091 0.6041848764152187 85
1694352450864 12.316215521214078 86
1694352451630 0.02971337347533996 87
1694352452391 5.266018601042087 88
1694352453121 0.08186026447415065 89
1694352453964 21.26513871395684 90
1694352454983 5.1775426342404645 91
1694352456177 0.5145563575970048 92
1694352457213 0.2674178750394983 93
1694352458240 0.20723435745603497 94
1694352459286 1.1871532924614172 95
1694352460414 0.2666260164156097 96
1694352461515 5.117535721843851 97
1694352462610 1.2794463029038383 98
1694352463722 1.3075219251081507 99
