1694491586913 13.386934402996145 0
1694491587241 6.476243551245682 1
1694491587570 5.422291646753465 2
1694491587951 5.111001106456615 3
1694491588330 4.881596595146025 4
1694491588719 4.825815913683578 5
1694491589109 4.7126488234119135 6
1694491589521 4.617171143575647 7
1694491589839 4.606431365766803 8
1694491590178 4.597839914269005 9
1694491590573 4.581468663242198 10
1694491590963 4.498395838604944 11
1694491591363 4.455372492692376 12
1694491591724 4.465325989248591 13
1694491592101 4.490526712893677 14
1694491592468 4.452464321460944 15
1694491592833 4.460044281245392 16
1694491593240 4.44681134301198 17
1694491593611 4.442144164979422 18
1694491593962 4.465208119831526 19
1694491594314 4.451183172218276 20
1694491594699 4.475474483762209 21
1694491595041 4.430955539352478 22
1694491595394 4.407522412168844 23
1694491595747 4.434431170385019 24
1694491596130 4.445922350919513 25
1694491596470 4.462356058227177 26
1694491596827 4.421334808594931 27
1694491597207 4.4075037436114535 28
1694491597642 4.400385671891442 29
1694491598002 4.409847022495095 30
1694491598367 4.407974867809622 31
1694491598692 4.432440571381418 32
1694491599037 4.429725317462476 33
1694491599371 4.396541707169125 34
1694491599721 4.403890537819896 35
1694491600084 4.3958414226115705 36
1694491600441 4.436811836067872 37
1694491600801 4.399667095142266 38
1694491601187 4.407472476991407 39
1694491601522 4.419590397658978 40
1694491601873 4.424421880480198 41
1694491602238 4.433511016267987 42
1694491602593 4.388155958903771 43
1694491602973 4.395557216810559 44
1694491603368 4.418354657808807 45
1694491603848 4.402653380104005 46
1694491604193 4.419353591430587 47
1694491604545 4.391289587394532 48
1694491604899 4.44066425215644 49
