1694491587045 -17.942375143638085 0
1694491587346 -8.163818330342048 1
1694491587706 -6.672487174362443 2
1694491588085 -6.232014246397022 3
1694491588477 -5.907409211213194 4
1694491588836 -5.828480117947976 5
1694491589237 -5.668349843659035 6
1694491589650 -5.533249904056885 7
1694491589957 -5.518053228396107 8
1694491590342 -5.505896412473915 9
1694491590706 -5.482731259856822 10
1694491591095 -5.365184063377817 11
1694491591489 -5.304306469324024 12
1694491591852 -5.318390565061171 13
1694491592243 -5.354049331049414 14
1694491592601 -5.300191436801312 15
1694491592958 -5.310917002303341 16
1694491593379 -5.29219253016327 17
1694491593755 -5.285588521023203 18
1694491594101 -5.318223781042605 19
1694491594450 -5.298378623737541 20
1694491594816 -5.332750580911933 21
1694491595164 -5.269756730294485 22
1694491595518 -5.236599095205032 23
1694491595884 -5.2746747126269105 24
1694491596238 -5.290934615452679 25
1694491596608 -5.314188143067846 26
1694491596974 -5.256143494756064 27
1694491597335 -5.236572679387428 28
1694491597773 -5.2265006807684165 29
1694491598151 -5.239888395020588 30
1694491598493 -5.23723931530513 31
1694491598823 -5.271858035413767 32
1694491599170 -5.2680159789134136 33
1694491599508 -5.221061510035441 34
1694491599851 -5.231460030179291 35
1694491600221 -5.220070614555029 36
1694491600574 -5.278043330198241 37
1694491600935 -5.225483902024109 38
1694491601321 -5.236528437440126 39
1694491601650 -5.253675171138514 40
1694491602004 -5.260511669872617 41
1694491602377 -5.273372703970554 42
1694491602731 -5.209195762081459 43
1694491603124 -5.2196684662558965 44
1694491603546 -5.25192661190029 45
1694491603985 -5.229709464675586 46
1694491604313 -5.253340092749432 47
1694491604679 -5.213629814318204 48
1694491605026 -5.283494459527947 49
