1694491586790 9.855001786984342 0
1694491587141 5.2319843728429545 1
1694491587451 4.604441069506674 2
1694491587816 7.0161437425969995 3
1694491588208 6.859195687164101 4
1694491588592 2.321137507754556 5
1694491588967 2.224496711405806 6
1694491589364 4.804606064065371 7
1694491589739 4.7768488596823016 8
1694491590078 3.909464152361801 9
1694491590464 4.278456552818681 10
1694491590834 5.410029348591241 11
1694491591217 4.807296247862047 12
1694491591593 2.7703725345591996 13
1694491591972 7.359499713526923 14
1694491592339 7.07201426268287 15
1694491592721 4.543299204621003 16
1694491593098 4.336398897999736 17
1694491593498 4.565605806222184 18
1694491593866 5.326304476875893 19
1694491594212 5.09155875921625 20
1694491594557 3.9401709091244776 21
1694491594912 2.91437805563782 22
1694491595273 4.411724972578019 23
1694491595621 3.2758651756113384 24
1694491596017 4.512007371214069 25
1694491596355 4.256016704540107 26
1694491596719 3.8883341779573595 27
1694491597089 7.36540693806667 28
1694491597451 3.3436113793201523 29
1694491597896 5.5404467309801655 30
1694491598264 5.002026786065344 31
1694491598590 5.098916256282825 32
1694491598943 4.109102761369714 33
1694491599279 4.827732235976789 34
1694491599618 3.728221820391722 35
1694491599963 5.739293217602091 36
1694491600330 4.3464623032505845 37
1694491600695 3.1728330394661013 38
1694491601070 5.038167751253141 39
1694491601421 5.347963813697693 40
1694491601753 5.68697171201436 41
1694491602120 4.261805521334027 42
1694491602485 5.742588871395501 43
1694491602833 4.6380108134429525 44
1694491603253 4.8290177740891895 45
1694491603706 5.384206127451421 46
1694491604095 6.065374582045639 47
1694491604425 3.588324958532837 48
1694491604792 4.95261567413007 49
