1694508342325 162.9976452612509 0
1694508342700 157.50365869739085 1
1694508343116 152.21118118607689 2
1694508343459 147.1147710885354 3
1694508343814 142.20644535236787 4
1694508344205 137.47665821746244 5
1694508344588 132.92045234780673 6
1694508344980 128.5322974466688 7
1694508345392 124.30413500818875 8
1694508345747 120.23123050885019 9
1694508346127 116.3065989532867 10
1694508346573 112.52543170865026 11
1694508347005 108.88234227563709 12
1694508347377 105.37058830074457 13
1694508347739 101.98697644976008 14
1694508348161 98.72672324561171 15
1694508348628 95.58385748428881 16
1694508349024 92.5548694985634 17
1694508349388 89.63528319988362 18
1694508349804 86.82049147321443 19
1694508350156 84.10743863844525 20
1694508350487 81.49157339153395 21
1694508350839 78.96976037268887 22
1694508351263 76.53830530804676 23
1694508351651 74.1942382831693 24
1694508352040 71.93368776286755 25
1694508352412 69.75362011164752 26
1694508352804 67.65117852740732 27
1694508353171 65.62335956004809 28
1694508353585 63.66746337248348 29
1694508353933 61.781155851767565 30
1694508354308 59.96131173487928 31
1694508354702 58.20570364447557 32
1694508355035 56.51204948755616 33
1694508355386 54.87777160828684 34
1694508355703 53.30068824192232 35
1694508356039 51.77883943494857 36
1694508356410 50.30999608884211 37
1694508356825 48.892351585094055 38
1694508357173 47.524444764788626 39
1694508357519 46.203830918824565 40
1694508357862 44.92918593911115 41
1694508358240 43.69813193218579 42
1694508358611 42.5098233957793 43
1694508358924 41.362078455287396 44
1694508359313 40.25407462780677 45
1694508359710 39.18389118715977 46
1694508360124 38.15061344610316 47
1694508360508 37.15219235614456 48
1694508360865 36.18780534207174 49
