1694508342476 -239.36877493907997 0
1694508342850 -231.26692280636854 1
1694508343275 -223.46223131068353 2
1694508343590 -215.94667579594122 3
1694508343975 -208.7084838434528 4
1694508344360 -201.73357854639997 5
1694508344749 -195.01464943853426 6
1694508345127 -188.54354112197632 7
1694508345548 -182.30836990860118 8
1694508345887 -176.30215390848198 9
1694508346303 -170.51459251404557 10
1694508346720 -164.9385945480854 11
1694508347149 -159.5662166673906 12
1694508347509 -154.38751608260964 13
1694508347902 -149.39778365925514 14
1694508348315 -144.589965316749 15
1694508348801 -139.95525546166894 16
1694508349165 -135.48847847070653 17
1694508349524 -131.18303356186885 18
1694508349927 -127.03212673150514 19
1694508350287 -123.03125184037872 20
1694508350621 -119.173697187991 21
1694508350983 -115.45483913336291 22
1694508351419 -111.86922981814426 23
1694508351798 -108.41248957970822 24
1694508352187 -105.07890915661726 25
1694508352550 -101.86401491830983 26
1694508352943 -98.76359400624816 27
1694508353300 -95.77321730355938 28
1694508353723 -92.8889034243043 29
1694508354067 -90.1072103072894 30
1694508354441 -87.42352920100464 31
1694508354826 -84.83457544472729 32
1694508355172 -82.33698368984825 33
1694508355494 -79.92695272823293 34
1694508355835 -77.60126516297854 35
1694508356176 -75.35703069696234 36
1694508356560 -73.19096213127759 37
1694508356950 -71.10039528830953 38
1694508357314 -69.08317543154025 39
1694508357656 -67.13569740624004 40
1694508357990 -65.2560085815034 41
1694508358393 -63.440602334043675 42
1694508358728 -61.68823182164842 43
1694508359068 -59.995679485408324 44
1694508359455 -58.36173242922565 45
1694508359852 -56.78355820360349 46
1694508360264 -55.259807940883334 47
1694508360625 -53.787459957683716 48
1694508361016 -52.365301221781124 49
