1694508342161 165.98791498574036 0
1694508342590 154.30085129716107 1
1694508342957 158.52291285183193 2
1694508343366 150.69486530578294 3
1694508343687 149.3907452931518 4
1694508344095 139.0332897876054 5
1694508344467 124.84971938588994 6
1694508344842 130.23571331230042 7
1694508345253 117.14168025440942 8
1694508345644 127.65900720002675 9
1694508345990 114.8145417436945 10
1694508346437 114.11628254864715 11
1694508346853 117.7453814579609 12
1694508347257 106.09030702403544 13
1694508347612 106.19983100247627 14
1694508348017 96.52389262046648 15
1694508348440 85.88269648745624 16
1694508348913 90.40491886143953 17
1694508349281 89.23506250039385 18
1694508349658 88.58128526037142 19
1694508350024 82.33347579537805 20
1694508350375 83.05707660861188 21
1694508350727 80.6999340702509 22
1694508351125 79.75846908686394 23
1694508351538 75.86304713670715 24
1694508351909 76.85158982014927 25
1694508352293 71.68261288853479 26
1694508352679 68.32748879860554 27
1694508353050 66.14120646923278 28
1694508353458 63.013182454963214 29
1694508353828 58.68443566204795 30
1694508354204 56.226113330141935 31
1694508354545 57.32880542469534 32
1694508354935 50.34732423108813 33
1694508355291 56.21550228942363 34
1694508355593 58.2289174061663 35
1694508355935 50.76655325632547 36
1694508356285 44.67101627814447 37
1694508356708 51.55847609566357 38
1694508357059 44.34926418717954 39
1694508357418 45.848465721293074 40
1694508357763 39.68314155849973 41
1694508358094 47.06814366730733 42
1694508358511 48.048959887104395 43
1694508358833 44.98163390711436 44
1694508359204 37.760512440050185 45
1694508359562 43.56454118102152 46
1694508359968 39.528947260848796 47
1694508360375 36.13523505620249 48
1694508360743 39.02338600570603 49
