1694491566899 14.076006376159699 0
1694491567276 6.866849054916687 1
1694491567633 5.669548964586194 2
1694491568019 5.316927289594071 3
1694491568405 5.092622378698391 4
1694491568754 4.957422887249537 5
1694491569121 4.852379366841752 6
1694491569534 4.795090557897237 7
1694491569922 4.732726981836821 8
1694491570256 4.721952920744813 9
1694491570644 4.725376600614653 10
1694491571055 4.709540182375597 11
1694491571425 4.665979751663523 12
1694491571855 4.676871606518672 13
1694491572236 4.668747194366644 14
1694491572585 4.6236244958754735 15
1694491572938 4.608730101094605 16
1694491573383 4.640396621293572 17
1694491573782 4.585269573172725 18
1694491574218 4.615322748169745 19
1694491574621 4.60860699197334 20
1694491574973 4.586457372449662 21
1694491575330 4.632490595049511 22
1694491575673 4.582356920601626 23
1694491576059 4.609556681976787 24
1694491576416 4.598432014866359 25
1694491576787 4.578518116583108 26
1694491577144 4.6155863588508845 27
1694491577548 4.61443837149149 28
1694491577904 4.6282388244915476 29
1694491578318 4.624673755720534 30
1694491578699 4.6045299125371795 31
1694491579082 4.568491368670263 32
1694491579420 4.5917000397133005 33
1694491579787 4.615082718458063 34
1694491580125 4.611890446716163 35
1694491580483 4.608812476814423 36
1694491580873 4.607971172406346 37
1694491581254 4.5779592771049415 38
1694491581642 4.590350553350516 39
1694491581994 4.61568958897892 40
1694491582334 4.6038639696619805 41
1694491582681 4.611388040078174 42
1694491583025 4.631726528782239 43
1694491583356 4.623513762547351 44
1694491583724 4.61799628758836 45
1694491584079 4.597331269303462 46
1694491584433 4.626227093110633 47
1694491584795 4.644030375155189 48
1694491585195 4.636729026799101 49
