1694491566759 14.777226971280319 0
1694491567149 7.5679406707357595 1
1694491567510 5.69084464308791 2
1694491567910 4.44803114363822 3
1694491568279 5.272456031270911 4
1694491568638 9.180899609328982 5
1694491569008 3.443875021824371 6
1694491569417 4.737465549860634 7
1694491569803 5.262099246382997 8
1694491570147 8.19050890847173 9
1694491570533 3.283095748860455 10
1694491570922 3.638941372502985 11
1694491571298 6.010232868296679 12
1694491571717 3.3707772317805205 13
1694491572080 2.1341151825310294 14
1694491572486 5.231251299337971 15
1694491572826 6.485761753579402 16
1694491573236 3.6988966124251625 17
1694491573638 4.442875204553607 18
1694491574088 3.8328496984262634 19
1694491574494 6.195319212012769 20
1694491574855 5.360854217487487 21
1694491575223 4.164053972831455 22
1694491575565 2.937510814880277 23
1694491575934 7.031014399639877 24
1694491576315 5.478734461530461 25
1694491576667 4.011549874171501 26
1694491577026 2.9556013869913493 27
1694491577414 6.621507066563454 28
1694491577781 2.3537767583608695 29
1694491578190 4.179435940335127 30
1694491578577 3.1337093968347194 31
1694491578947 2.6992802036978714 32
1694491579315 4.97926711978813 33
1694491579670 4.524071480074308 34
1694491580018 3.313356940321347 35
1694491580341 4.396052090575205 36
1694491580743 2.0870450677693877 37
1694491581116 4.44730406327333 38
1694491581529 6.9273710471240815 39
1694491581887 4.647813492603549 40
1694491582222 4.710624342157039 41
1694491582563 2.9948657700407515 42
1694491582906 4.052602299605618 43
1694491583246 2.333660393034112 44
1694491583596 4.839610993068528 45
1694491583970 4.395444788878868 46
1694491584326 4.972121272726691 47
1694491584667 4.254505596109774 48
1694491585059 2.5398505690758935 49
