1694511545322 169.07888563895833 0
1694511545638 168.40567781121828 1
1694511545993 167.73990561844272 2
1694511546369 167.07915435380457 3
1694511546684 166.4211517111283 4
1694511547033 165.76588609907705 5
1694511547413 165.11334597550703 6
1694511547764 164.46351984725797 7
1694511548115 163.8163962699445 8
1694511548469 163.1719638477487 9
1694511548861 162.5301972249377 10
1694511549237 161.8910995145343 11
1694511549631 161.25465946249662 12
1694511549994 160.62086586253693 13
1694511550356 159.9897075559181 14
1694511550756 159.36117343125136 15
1694511551113 158.7352524242946 16
1694511551483 158.11193351775165 17
1694511551854 157.49120574107255 18
1694511552194 156.87305817025424 19
1694511552555 156.2574799276428 20
1694511552962 155.64450796086132 21
1694511553304 155.03408418642445 22
1694511553653 154.42619785846207 23
1694511554004 153.82083827671235 24
1694511554346 153.21799478632727 25
1694511554714 152.61765677767906 26
1694511555123 152.01981368616813 27
1694511555474 151.42431185903112 28
1694511555820 150.83128447246648 29
1694511556176 150.2407210909754 30
1694511556537 149.6526113233602 31
1694511556894 149.06694482253548 32
1694511557253 148.4837112853402 33
1694511557610 147.90290045235074 34
1694511557971 147.32450210769449 35
1694511558337 146.7485060788643 36
1694511558676 146.17490223653388 37
1694511559029 145.60368049437383 38
1694511559378 145.0348308088685 39
1694511559737 144.46834317913348 40
1694511560108 143.90420764673433 41
1694511560493 143.3424142955056 42
1694511560844 142.78295325137066 43
1694511561220 142.22581468216268 44
1694511561609 141.670988797446 45
1694511561985 141.11846584833847 46
1694511562399 140.56823612733425 47
1694511562778 140.0202899681279 48
1694511563104 139.47461774543868 49
