1694511545437 -238.24489238735782 0
1694511545764 -237.2923102024603 1
1694511546131 -236.35024936492195 2
1694511546470 -235.4152930893009 3
1694511546808 -234.48422608561933 4
1694511547165 -233.5570319522543 5
1694511547539 -232.6336943571905 6
1694511547877 -231.7141970377238 7
1694511548232 -230.79852380016607 8
1694511548617 -229.88665851955153 9
1694511548994 -228.9785653177778 10
1694511549405 -228.07424859974026 11
1694511549737 -227.17369244108485 12
1694511550129 -226.27688098502912 13
1694511550510 -225.3837984420743 14
1694511550890 -224.49442908971898 15
1694511551243 -223.60875727217388 16
1694511551629 -222.7267674000777 17
1694511551967 -221.8484439502145 18
1694511552318 -220.97377146523178 19
1694511552702 -220.10273455336068 20
1694511553084 -219.23538549510948 21
1694511553407 -218.37164210294117 22
1694511553788 -217.51148917155948 23
1694511554112 -216.65491156020337 24
1694511554487 -215.80189419237203 25
1694511554883 -214.9524220555508 26
1694511555246 -214.10648020093936 27
1694511555605 -213.2638512114504 28
1694511555964 -212.42472353004155 29
1694511556295 -211.58908239058874 30
1694511556662 -210.7569130896537 31
1694511557020 -209.92820098621644 32
1694511557367 -209.10293150140956 33
1694511557738 -208.2810901182537 34
1694511558102 -207.4626623813936 35
1694511558455 -206.64763389683594 36
1694511558804 -205.83599033168758 37
1694511559156 -205.02771741389572 38
1694511559514 -204.22280093198847 39
1694511559887 -203.42122673481683 40
1694511560253 -202.622980731298 41
1694511560603 -201.82804889015932 42
1694511561000 -201.03641723968352 43
1694511561350 -200.24807186745508 44
1694511561768 -199.46299892010785 45
1694511562155 -198.68118460307335 46
1694511562556 -197.9026151803302 47
1694511562903 -197.12727697415514 48
1694511563252 -196.35515636487443 49
