1694511545195 169.90568925126342 0
1694511545518 169.2220643929572 1
1694511545860 168.54649156118543 2
1694511546233 167.87844265504685 3
1694511546568 167.2154883934018 4
1694511546899 166.55529484541378 5
1694511547265 165.8978503707871 6
1694511547632 165.24314337858462 7
1694511547977 164.5911623270177 8
1694511548332 163.94189572323737 9
1694511548714 163.2953321231257 10
1694511549091 162.65158863548567 11
1694511549498 162.01052527599998 12
1694511549834 161.37213074509398 13
1694511550227 160.73639379110114 14
1694511550599 160.1033032100599 15
1694511550988 159.47284784551022 16
1694511551347 158.84501658829188 17
1694511551718 158.2197983763432 18
1694511552079 157.5971821945007 19
1694511552420 156.97715707429995 20
1694511552808 156.35971209377644 21
1694511553178 155.74492208458136 22
1694511553516 155.13269072076747 23
1694511553884 154.52300721414016 24
1694511554219 153.91586082225498 25
1694511554596 153.31124084822304 26
1694511554976 152.70913664051724 27
1694511555345 152.10953759277933 28
1694511555695 151.51252070418155 29
1694511556055 150.91798708097218 30
1694511556402 150.32592625198626 31
1694511556758 149.73632779047765 32
1694511557121 149.14918131392957 33
1694511557466 148.56447648386674 34
1694511557836 147.98220300566774 35
1694511558200 147.4023506283784 36
1694511558566 146.82490914452626 37
1694511558898 146.2498683899351 38
1694511559262 145.67721824354123 39
1694511559609 145.1069486272095 40
1694511559985 144.5390495055512 41
1694511560354 143.97351088574158 42
1694511560717 143.41032281733925 43
1694511561091 142.84947539210555 44
1694511561461 142.29095874382503 45
1694511561863 141.7347630481268 46
1694511562262 141.18087852230624 47
1694511562647 140.6292954251479 48
1694511563001 140.08000405674883 49
