1694493782282 -55.7953047721969 0
1694493782757 -17.719546089964243 1
1694493783226 -8.725794252705755 2
1694493783625 -6.067003332976807 3
1694493784053 -4.97511748954818 4
1694493784504 -4.390753431440482 5
1694493784979 -4.01197225166383 6
1694493785469 -3.7337105522517344 7
1694493785958 -3.517677337220656 8
1694493786413 -3.336626880928546 9
1694493786837 -3.180503300039657 10
1694493787271 -3.041045728942713 11
1694493787707 -2.9140844598251636 12
1694493788179 -2.7948457569869496 13
1694493788706 -2.6841939140583113 14
1694493789140 -2.5786375640216357 15
1694493789589 -2.478509839497532 16
1694493790006 -2.382146714033905 17
1694493790418 -2.2898064109400753 18
1694493790821 -2.200497901298857 19
1694493791269 -2.11550000297082 20
1694493791729 -2.0327318659927527 21
1694493792174 -1.9526952105781992 22
1694493792642 -1.8756122247619196 23
1694493793121 -1.8009176810703469 24
1694493793617 -1.7283748388680364 25
1694493794098 -1.6582045213123693 26
1694493794577 -1.5905710109689606 27
1694493795021 -1.5245740221065796 28
1694493795453 -1.4610178807997949 29
1694493795921 -1.3995104025963765 30
1694493796401 -1.3397934590845444 31
1694493796866 -1.2814616669932861 32
1694493797302 -1.2250411492077884 33
1694493797730 -1.1706396819758451 34
1694493798196 -1.1169637211057908 35
1694493798630 -1.0654478746786156 36
1694493799125 -1.0153756778945824 37
1694493799533 -0.966665774335242 38
1694493799933 -0.9196476848708013 39
1694493800359 -0.8731866923948584 40
1694493800769 -0.8284819825944512 41
1694493801172 -0.7849251808654152 42
1694493801549 -0.7425609641322555 43
1694493801909 -0.7014278875246289 44
1694493802334 -0.6616252254392119 45
1694493802761 -0.6230978660667117 46
1694493803239 -0.5859976072471318 47
1694493803642 -0.549229285181247 48
1694493804048 -0.5137411562007284 49
