1694493781943 32.327666636521094 0
1694493782437 3.8766384191051637 1
1694493782916 4.651762270628313 2
1694493783365 0.9560294626605607 3
1694493783776 0.6262580867640815 4
1694493784227 1.5542147670435809 5
1694493784636 1.0516545939286495 6
1694493785158 2.000429877127887 7
1694493785640 11.493359724934505 8
1694493786109 0.02270417251710803 9
1694493786574 0.012082100481003171 10
1694493787001 0.1851329324571571 11
1694493787418 1.071380742513599 12
1694493787868 2.7015655208046527 13
1694493788387 5.2879007002483185 14
1694493788871 0.35065181925117495 15
1694493789300 2.316505561316482 16
1694493789743 0.25121190178226616 17
1694493790154 1.0709019470321635 18
1694493790563 0.42018878470883336 19
1694493790977 0.5531310094088977 20
1694493791436 3.393431645809916 21
1694493791882 0.005050745161245405 22
1694493792371 0.10515788629278346 23
1694493792831 0.4655389190732497 24
1694493793270 1.5093516750894143 25
1694493793791 6.402503298396387 26
1694493794243 1.2312567687199871 27
1694493794717 0.0529907467793442 28
1694493795157 0.7063688742794626 29
1694493795623 0.06562272771572124 30
1694493796065 0.998420257712243 31
1694493796566 0.1296378947939398 32
1694493797018 1.2089345213385099 33
1694493797449 0.09166696309137297 34
1694493797906 0.19995610030692876 35
1694493798369 8.325502205732468 36
1694493798823 0.41821237979223197 37
1694493799271 0.33286129671412373 38
1694493799676 0.33696304134794514 39
1694493800104 0.0023803472086661587 40
1694493800497 0.46331153608178116 41
1694493800905 0.15263160313142649 42
1694493801300 1.092183681216961 43
1694493801675 0.02702439749224828 44
1694493802057 0.01973740991300616 45
1694493802501 7.16146078632947 46
1694493802907 4.0772929637484925 47
1694493803368 0.24702711997819132 48
1694493803811 6.366251364436797 49
