1694492837228 10.791177304935433 0
1694492837665 4.4646338629598565 1
1694492837999 3.5124540074089317 2
1694492838339 3.063103843341336 3
1694492838848 2.763384028506754 4
1694492839255 2.5300429080150892 5
1694492839616 2.342387465837309 6
1694492839986 2.1731699109914726 7
1694492840300 2.03168995965481 8
1694492840673 1.8992102326622555 9
1694492840993 1.7800779560955675 10
1694492841380 1.6799853558551034 11
1694492841794 1.581110303729353 12
1694492842159 1.4858465099835203 13
1694492842528 1.4025140931729936 14
1694492842887 1.324964227135916 15
1694492843261 1.2508537119345966 16
1694492843577 1.187124648409161 17
1694492843949 1.121745329981857 18
1694492844316 1.0583412076153411 19
1694492844742 1.0078636991604955 20
1694492845075 0.9571045685337701 21
1694492845398 0.9114797138364356 22
1694492845783 0.8684726848003893 23
1694492846126 0.8256724786743423 24
1694492846469 0.7876133010200088 25
1694492846809 0.7526862198948722 26
1694492847165 0.7178017880722658 27
1694492847530 0.6881608854235544 28
1694492847887 0.6565686533168514 29
1694492848217 0.6251792693996501 30
1694492848538 0.6026060138467008 31
1694492848905 0.5770117185481911 32
1694492849314 0.5545360482454523 33
1694492849751 0.5346239353901 34
1694492850111 0.5129179827978847 35
1694492850486 0.4954421184671398 36
1694492850823 0.4807595810897931 37
1694492851265 0.46740273749351346 38
1694492851642 0.4533131062239414 39
1694492852011 0.43978933896005423 40
1694492852361 0.42904827178185334 41
1694492852707 0.4191154364357154 42
1694492853088 0.4101298530259242 43
1694492853435 0.4022118224861689 44
1694492853824 0.39391920953199355 45
1694492854252 0.3865864942347048 46
1694492854561 0.3781549048750047 47
1694492854994 0.37345687933435884 48
1694492855370 0.3677428259108255 49
