1694492837363 -14.269405421591594 0
1694492837805 -5.317411213447628 1
1694492838165 -3.9700864649208887 2
1694492838547 -3.3342605825800664 3
1694492838987 -2.9101601126989474 4
1694492839401 -2.5799848158213647 5
1694492839743 -2.3144542860922264 6
1694492840101 -2.075013178196636 7
1694492840419 -1.8748204953279637 8
1694492840793 -1.6873630377745696 9
1694492841160 -1.5187920859413566 10
1694492841505 -1.3771620812083292 11
1694492841913 -1.2372548945940767 12
1694492842289 -1.1024576016204253 13
1694492842685 -0.9845430848735799 14
1694492843026 -0.8748108182775451 15
1694492843372 -0.7699451979068728 16
1694492843710 -0.679769225386879 17
1694492844060 -0.5872581590737289 18
1694492844466 -0.4975419749673158 19
1694492844864 -0.42611681722142825 20
1694492845192 -0.3542931669851823 21
1694492845510 -0.2897344646315305 22
1694492845945 -0.22887995879098555 23
1694492846245 -0.16831810525092727 24
1694492846599 -0.11446475846636384 25
1694492846939 -0.06504329620861604 26
1694492847294 -0.015682182277365175 27
1694492847674 0.026259391548699496 28
1694492848022 0.07096207658285625 29
1694492848350 0.11537773350534286 30
1694492848698 0.14731865903953212 31
1694492849054 0.1835343248885345 32
1694492849484 0.2153371682926164 33
1694492849915 0.24351260415074127 34
1694492850257 0.2742263048737196 35
1694492850624 0.2989544740084099 36
1694492851008 0.3197301140981935 37
1694492851419 0.33862991105835505 38
1694492851790 0.3585665950749761 39
1694492852144 0.37770258731607265 40
1694492852491 0.39290108742129193 41
1694492852840 0.4069559477576824 42
1694492853229 0.41967045630077515 43
1694492853574 0.43087438846087145 44
1694492853982 0.4426083509029243 45
1694492854387 0.45298406798656443 46
1694492854778 0.4649146806197899 47
1694492855140 0.47156233866802755 48
1694492855551 0.47964766576988693 49
