1694492837107 7.504200967894318 0
1694492837502 3.402564373744874 1
1694492837902 2.9403689304870078 2
1694492838252 3.398944245665791 3
1694492838682 1.3514125059039006 4
1694492839126 3.010541501625381 5
1694492839510 3.033619031012106 6
1694492839863 2.454857902327987 7
1694492840201 0.6590104887756437 8
1694492840524 1.5815592117701518 9
1694492840891 1.4539357570451257 10
1694492841271 1.619758249907032 11
1694492841622 2.8328559989565307 12
1694492842019 1.9124720268317832 13
1694492842382 1.0528675540786752 14
1694492842785 0.7416805644830025 15
1694492843153 1.145315913054929 16
1694492843466 1.389168248371526 17
1694492843832 0.8357328188193347 18
1694492844195 1.1586919346798894 19
1694492844630 0.8413593482969921 20
1694492844973 0.9770044515797185 21
1694492845297 0.8776961874035303 22
1694492845650 0.4106867897329549 23
1694492846033 0.562209060496494 24
1694492846352 0.7221638948678282 25
1694492846691 0.9190323011304202 26
1694492847034 0.6398988441423135 27
1694492847408 0.47625932818872974 28
1694492847783 0.644329165091557 29
1694492848110 0.9359126258299956 30
1694492848437 0.45704314729340256 31
1694492848789 0.5518069714734721 32
1694492849197 0.3585028819875432 33
1694492849593 0.3821816353973313 34
1694492850015 1.168362428415712 35
1694492850361 0.5404117735553112 36
1694492850722 0.6578629127236951 37
1694492851148 0.6111343355157473 38
1694492851526 0.39074694749792327 39
1694492851889 0.4663974343119679 40
1694492852253 0.4093825742843128 41
1694492852595 0.3290588843258589 42
1694492852945 0.6070695864229019 43
1694492853330 0.20825600782690684 44
1694492853697 0.4382175413702619 45
1694492854102 0.3956222072343074 46
1694492854474 0.33497170361357176 47
1694492854871 0.3311764290834166 48
1694492855253 0.2898437410469834 49
