1694491830556 168.9823765140335 0
1694491830989 168.31973814661467 1
1694491831435 167.65997562340914 2
1694491831893 167.00307618964553 3
1694491832269 166.3490269940128 4
1694491832633 165.69781524388446 5
1694491833025 165.04942820504465 6
1694491833471 164.40385320141883 7
1694491833962 163.76107761480606 8
1694491834335 163.12108888461216 9
1694491834749 162.4838745075846 10
1694491835083 161.84942203754795 11
1694491835441 161.21771908514117 12
1694491835851 160.58875331755561 13
1694491836297 159.9625124582748 14
1694491836693 159.33898428681485 15
1694491837103 158.71815663846644 16
1694491837500 158.10001740403777 17
1694491837878 157.48455452959902 18
1694491838267 156.87175601622755 19
1694491838664 156.26160991975468 20
1694491839065 155.65410435051345 21
1694491839483 155.04922747308754 22
1694491839878 154.44696750606138 23
1694491840232 153.8473127217715 24
1694491840623 153.25025144605885 25
1694491840986 152.6557720580225 26
1694491841385 152.0638629897743 27
1694491841761 151.4745127261946 28
1694491842148 150.88770980468954 29
1694491842630 150.30344281494882 30
1694491843017 149.72170039870517 31
1694491843450 149.1424712494946 32
1694491843798 148.56574411241778 33
1694491844141 147.9915077839027 34
1694491844540 147.41975111146832 35
1694491844973 146.85046299348926 36
1694491845429 146.2836323789617 37
1694491845834 145.71924826727025 38
1694491846226 145.15729970795593 39
1694491846611 144.59777580048535 40
1694491847061 144.0406656940208 41
1694491847498 143.4859585871913 42
1694491847899 142.93364372786522 43
1694491848300 142.3837104129232 44
1694491848664 141.83614798803285 45
1694491849058 141.29094584742396 46
1694491849517 140.7480934336651 47
1694491849888 140.20758023744085 48
1694491850332 139.66939579733068 49
