1694491830706 -235.75750490525115 0
1694491831132 -234.82909680873266 1
1694491831583 -233.9047179945244 2
1694491832012 -232.98435059219577 3
1694491832408 -232.0679765960564 4
1694491832755 -231.15557808263767 5
1694491833162 -230.24713721030875 6
1694491833656 -229.34263621889943 7
1694491834069 -228.44205742932482 8
1694491834501 -227.54538324321166 9
1694491834862 -226.65259614252682 10
1694491835203 -225.76367868920664 11
1694491835570 -224.87861352478876 12
1694491836030 -223.99738337004536 13
1694491836418 -223.11997102461814 14
1694491836840 -222.24635936665493 15
1694491837248 -221.376531352448 16
1694491837618 -220.51047001607415 17
1694491838026 -219.6481584690364 18
1694491838391 -218.78957989990715 19
1694491838812 -217.93471757397344 20
1694491839203 -217.08355483288338 21
1694491839609 -216.2360750942945 22
1694491839998 -215.39226185152367 23
1694491840370 -214.55209867319846 24
1694491840745 -213.71556920291061 25
1694491841130 -212.88265715887033 26
1694491841513 -212.05334633356307 27
1694491841880 -211.22762059340698 28
1694491842305 -210.40546387841306 29
1694491842744 -209.58686020184547 30
1694491843200 -208.77179364988487 31
1694491843566 -207.96024838129233 32
1694491843923 -207.15220862707503 33
1694491844271 -206.3476586901537 34
1694491844704 -205.54658294503153 35
1694491845118 -204.74896583746448 36
1694491845568 -203.95479188413324 37
1694491845967 -203.16404567231666 38
1694491846367 -202.37671185956665 39
1694491846738 -201.59277517338464 40
1694491847208 -200.8122204108997 41
1694491847655 -200.03503243854774 42
1694491848025 -199.26119619175262 43
1694491848439 -198.4906966746084 44
1694491848797 -197.72351895956342 45
1694491849217 -196.95964818710544 46
1694491849630 -196.19906956544858 47
1694491850028 -195.44176837022135 48
1694491850475 -194.68772994415667 49
