1694491830430 168.87672819721146 0
1694491830839 168.200086497443 1
1694491831264 167.53317259677894 2
1694491831748 166.86916849890164 3
1694491832123 166.20806125966794 4
1694491832504 165.54983783785661 5
1694491832867 164.89448525189684 6
1694491833312 164.2419905795897 7
1694491833786 163.59234095783407 8
1694491834189 162.94552358235433 9
1694491834610 162.30152570742885 10
1694491834959 161.66033464562017 11
1694491835297 161.02193776750605 12
1694491835696 160.38632250141197 13
1694491836136 159.75347633314485 14
1694491836531 159.12338680572807 15
1694491836953 158.4960415191375 16
1694491837352 157.87142813003882 17
1694491837761 157.24953435152653 18
1694491838130 156.63034795286313 19
1694491838501 156.01385675922072 20
1694491838934 155.40004865142288 21
1694491839331 154.7889115656882 22
1694491839746 154.18043349337492 23
1694491840104 153.5746024807266 24
1694491840476 152.9714066286191 25
1694491840847 152.37083409230885 26
1694491841232 151.772873081182 27
1694491841630 151.17751185850497 28
1694491841992 150.58473874117604 29
1694491842485 149.99454209947802 30
1694491842865 149.40691035683244 31
1694491843330 148.82183198955425 32
1694491843682 148.2392955266083 33
1694491844025 147.65928954936643 34
1694491844395 147.08180269136614 35
1694491844820 146.50682363807 36
1694491845257 145.93434112662626 37
1694491845703 145.36434394563085 38
1694491846108 144.79682093489006 39
1694491846485 144.23176098518474 40
1694491846891 143.66915303803503 41
1694491847343 143.10898608546694 42
1694491847772 142.5512491697793 43
1694491848160 141.99593138331218 44
1694491848537 141.4430218682164 45
1694491848915 140.89250981622374 46
1694491849377 140.34438446841872 47
1694491849745 139.79863511501105 48
1694491850204 139.2552510951094 49
