1694492057038 167.5999588108887 0
1694492057381 166.93991711483193 1
1694492057796 166.2827362807531 2
1694492058240 165.62840366261315 3
1694492058663 164.9769065178682 4
1694492059152 164.32823216190923 5
1694492059539 163.6823679677924 6
1694492059883 163.03930136597484 7
1694492060267 162.39901984405162 8
1694492060606 161.76151094649364 9
1694492061008 161.12676227438703 10
1694492061383 160.4947614851736 11
1694492061777 159.86549629239238 12
1694492062165 159.23895446542275 13
1694492062570 158.6151238292281 14
1694492062977 157.9939922641014 15
1694492063325 157.37554770541146 16
1694492063684 156.75977814335042 17
1694492064086 156.14667162268253 18
1694492064484 155.53621624249416 19
1694492064840 154.92840015594462 20
1694492065283 154.32321157001837 21
1694492065707 153.72063874527853 22
1694492066096 153.1206699956211 23
1694492066522 152.52329368803075 24
1694492066915 151.92849824233733 25
1694492067314 151.33627213097387 26
1694492067677 150.74660387873544 27
1694492068051 150.15948206253918 28
1694492068481 149.57489531118566 29
1694492068877 148.9928323051208 30
1694492069254 148.41328177619954 31
1694492069702 147.83623250745003 32
1694492070056 147.26167333283954 33
1694492070479 146.68959313704045 34
1694492070923 146.11998085519863 35
1694492071281 145.5528254727017 36
1694492071665 144.98811602494905 37
1694492072029 144.4258415971226 38
1694492072432 143.86599132395898 39
1694492072820 143.30855438952213 40
1694492073221 142.7535200269777 41
1694492073650 142.2008775183679 42
1694492074048 141.65061619438757 43
1694492074454 141.10272543416156 44
1694492074865 140.55719466502256 45
1694492075262 140.01401336229057 46
1694492075661 139.47317104905295 47
1694492076061 138.93465729594558 48
1694492076429 138.39846172093525 49
