1694492057159 -236.15222606481157 0
1694492057508 -235.21827382146958 1
1694492057954 -234.2883696685409 2
1694492058394 -233.36249571200963 3
1694492058820 -232.4406339213068 4
1694492059291 -231.52276634784036 5
1694492059659 -230.60887512461403 6
1694492060002 -229.69894246585335 7
1694492060370 -228.7929506666335 8
1694492060739 -227.8908821025082 9
1694492061120 -226.99271922914124 10
1694492061528 -226.09844458193922 11
1694492061891 -225.2080407756856 12
1694492062299 -224.32149050417732 13
1694492062706 -223.43877653986235 14
1694492063103 -222.55988173347922 15
1694492063451 -221.6847890136983 16
1694492063815 -220.8134813867644 17
1694492064222 -219.94594193614142 18
1694492064595 -219.08215382215826 19
1694492065013 -218.22210028165665 20
1694492065407 -217.36576462764037 21
1694492065835 -216.51313024892636 22
1694492066220 -215.66418060979714 23
1694492066667 -214.818899249655 24
1694492067065 -213.97726978267784 25
1694492067446 -213.1392758974763 26
1694492067808 -212.30490135675294 27
1694492068203 -211.4741299969624 28
1694492068612 -210.64694572797393 29
1694492069005 -209.82333253273433 30
1694492069454 -209.00327446693376 31
1694492069809 -208.18675565867184 32
1694492070179 -207.3737603081265 33
1694492070618 -206.56427268722302 34
1694492071048 -205.75827713930607 35
1694492071420 -204.9557580788118 36
1694492071773 -204.1566999909427 37
1694492072166 -203.36108743134287 38
1694492072569 -202.56890502577582 39
1694492072939 -201.7801374698028 40
1694492073350 -200.9947695284634 41
1694492073799 -200.21278603595704 42
1694492074177 -199.4341718953262 43
1694492074577 -198.6589120781412 44
1694492075015 -197.8869916241861 45
1694492075403 -197.11839564114635 46
1694492075815 -196.35310930429785 47
1694492076176 -195.59111785619717 48
1694492076571 -194.8324066063735 49
