1694492056911 168.3950122519899 0
1694492057254 167.7233412630723 1
1694492057613 167.06131024697515 2
1694492058080 166.40215165304477 3
1694492058493 165.7458527845722 4
1694492058996 165.09240084821062 5
1694492059398 164.44178310873937 6
1694492059752 163.7939868887943 7
1694492060140 163.14899956860282 8
1694492060470 162.50680858571982 9
1694492060879 161.8674014347656 10
1694492061223 161.2307656671641 11
1694492061639 160.59688889088287 12
1694492062006 159.96575877017435 13
1694492062434 159.3373630253178 14
1694492062798 158.71168943236285 15
1694492063195 158.08872582287418 16
1694492063546 157.46846008367723 17
1694492063922 156.85088015660514 18
1694492064351 156.23597403824695 19
1694492064695 155.6237297796967 20
1694492065161 155.01413548630407 21
1694492065556 154.40717931742589 22
1694492065959 153.80284948617873 23
1694492066365 153.20113425919294 24
1694492066775 152.60202195636754 25
1694492067184 152.00550095062636 26
1694492067540 151.4115596676753 27
1694492067943 150.82018658576058 28
1694492068351 150.2313702354284 29
1694492068744 149.64509919928528 30
1694492069124 149.06136211175988 31
1694492069565 148.48014765886586 32
1694492069939 147.90144457796546 33
1694492070311 147.32524165753478 34
1694492070769 146.75152773692943 35
1694492071150 146.18029170615193 36
1694492071526 145.61152250561992 37
1694492071899 145.0452091259351 38
1694492072298 144.48134060765372 39
1694492072697 143.91990604105814 40
1694492073079 143.36089456592876 41
1694492073466 142.80429537131786 42
1694492073918 142.25009769532403 43
1694492074306 141.6982908248675 44
1694492074710 141.1488640954671 45
1694492075113 140.60180689101745 46
1694492075525 140.05710864356772 47
1694492075944 139.51475883310144 48
1694492076305 138.97474698731688 49
