1694491376330 14.14226021401558 0
1694491376648 6.830485326869506 1
1694491376995 5.690853555855223 2
1694491377375 5.271339898388666 3
1694491377700 5.060340624756497 4
1694491378117 4.93410994388987 5
1694491378575 4.861642917273873 6
1694491378971 4.810056951404002 7
1694491379329 4.777132064161293 8
1694491379708 4.693604299276046 9
1694491380143 4.7072098294282325 10
1694491380574 4.700795799574865 11
1694491380949 4.703773884202152 12
1694491381341 4.679294670453414 13
1694491381714 4.6130662354889855 14
1694491382032 4.6398948073062405 15
1694491382383 4.633100146435033 16
1694491382703 4.6261118807815 17
1694491383055 4.5866481200466405 18
1694491383488 4.590066955404677 19
1694491383827 4.646527497865923 20
1694491384164 4.631074853359241 21
1694491384506 4.612147002020305 22
1694491384855 4.587108450853001 23
1694491385188 4.602651417303066 24
1694491385508 4.610258487475216 25
1694491386016 4.617873403061504 26
1694491386393 4.608776483569604 27
1694491386700 4.594131074455364 28
1694491387075 4.638939188392135 29
1694491387421 4.6197392641109065 30
1694491387794 4.632008896244393 31
1694491388179 4.626673190248857 32
1694491388498 4.618778479506236 33
1694491388903 4.6023082252611465 34
1694491389298 4.595061742408548 35
1694491389639 4.588579361935359 36
1694491389969 4.575016747494993 37
1694491390354 4.598317858859378 38
1694491390722 4.6129838334571565 39
1694491391096 4.6124161395082295 40
1694491391500 4.593445637639334 41
1694491391804 4.638669193259833 42
1694491392175 4.636608426090882 43
1694491392514 4.61419278130984 44
1694491392853 4.581540244373511 45
1694491393184 4.625122340936325 46
1694491393544 4.641851957824511 47
1694491393859 4.63776194973071 48
1694491394183 4.593334980783841 49
