1694491376461 -18.814410893393177 0
1694491376798 -8.570043318376767 1
1694491377123 -6.973330216204914 2
1694491377481 -6.3855588233270915 3
1694491377809 -6.089932364565435 4
1694491378301 -5.913073323634669 5
1694491378709 -5.8115413605776745 6
1694491379127 -5.7392653941755585 7
1694491379444 -5.693135056126826 8
1694491379855 -5.57610613504936 9
1694491380294 -5.595168545214229 10
1694491380744 -5.5861819885341895 11
1694491381069 -5.590354517648163 12
1694491381483 -5.5560572276659 13
1694491381820 -5.463266018668697 14
1694491382151 -5.5008549427604185 15
1694491382493 -5.491335092301865 16
1694491382837 -5.481543986425164 17
1694491383215 -5.426252176009732 18
1694491383611 -5.431042231314603 19
1694491383953 -5.510147860164669 20
1694491384292 -5.488497498552635 21
1694491384633 -5.461978100798445 22
1694491384992 -5.426897135415519 23
1694491385314 -5.448674045123247 24
1694491385730 -5.4593321444514205 25
1694491386191 -5.4700012358174295 26
1694491386514 -5.457255741253697 27
1694491386852 -5.436736379461456 28
1694491387211 -5.4995160460398775 29
1694491387562 -5.472615452848044 30
1694491387967 -5.489806165571794 31
1694491388294 -5.482330424820177 32
1694491388622 -5.471269318591645 33
1694491389076 -5.448193206273514 34
1694491389423 -5.438040317937389 35
1694491389771 -5.428957996701652 36
1694491390110 -5.4099557148002235 37
1694491390487 -5.442602391346953 38
1694491390860 -5.4631505669875375 39
1694491391263 -5.462355183435297 40
1694491391620 -5.435776028958162 41
1694491391924 -5.499137761776281 42
1694491392301 -5.496250466052452 43
1694491392643 -5.464844397332847 44
1694491392994 -5.419095643330503 45
1694491393310 -5.480157563831394 46
1694491393677 -5.503597063465481 47
1694491393990 -5.497866642747613 48
1694491394348 -5.4356209900626995 49
