1694491376199 15.044609524453435 0
1694491376549 7.922288188393804 1
1694491376892 3.882838744221923 2
1694491377227 3.8950033690664143 3
1694491377583 4.897299348411272 4
1694491377984 6.382744328884772 5
1694491378453 4.5015910018318355 6
1694491378854 2.987521435993481 7
1694491379220 3.8707974139476162 8
1694491379560 2.765756316154452 9
1694491379976 4.83291167440269 10
1694491380439 3.655854497156151 11
1694491380846 2.0689566016660588 12
1694491381212 4.17967162655598 13
1694491381589 6.38775454040687 14
1694491381922 7.874732228979149 15
1694491382261 3.772396768680854 16
1694491382594 4.786162973331893 17
1694491382933 4.83327841000863 18
1694491383331 2.0056687139520455 19
1694491383702 6.043914005432972 20
1694491384059 4.40755420732367 21
1694491384405 3.0351335691162364 22
1694491384744 5.394926337577994 23
1694491385091 3.3076042529642 24
1694491385414 2.4499258663484222 25
1694491385905 3.0526405757930486 26
1694491386291 5.6976506681722165 27
1694491386598 5.505077811523111 28
1694491386953 4.01394199539465 29
1694491387304 4.798900272860924 30
1694491387675 2.881818610470707 31
1694491388077 4.264824592052033 32
1694491388400 4.616490088718797 33
1694491388752 5.1081470336467305 34
1694491389186 6.568459066851908 35
1694491389524 4.496881670115339 36
1694491389863 3.6641910864453107 37
1694491390224 3.985684215817268 38
1694491390596 5.4820223725978545 39
1694491390970 5.707040958839549 40
1694491391366 7.52713198548721 41
1694491391717 2.6904262481960473 42
1694491392036 3.418694363895885 43
1694491392405 3.6128457563603855 44
1694491392741 3.7125216946391966 45
1694491393089 2.342629415188063 46
1694491393434 6.817474352066326 47
1694491393766 2.580816865044086 48
1694491394077 5.742522705030755 49
