1694352737077 26.124705565323286 0
1694352737485 20.198610533760633 1
1694352737882 6.69500889692891 2
1694352738272 1.1770126380008634 3
1694352738666 0.00013042528286198984 4
1694352739032 7.066522762757307 5
1694352739443 0.7327446020672675 6
1694352739853 0.1713541000464239 7
1694352740217 0.3968378387385695 8
1694352740584 0.3495942220861693 9
1694352740936 0.7347019739966167 10
1694352741328 3.826587905268041 11
1694352741692 0.04721059836273747 12
1694352742051 0.8577746663519268 13
1694352742408 0.4846354600110846 14
1694352742762 25.602678478454116 15
1694352743142 0.11282872317942046 16
1694352743514 3.0095018546037697 17
1694352743889 5.8775574997792885 18
1694352744233 0.04005743687376275 19
1694352744619 0.14528712607015817 20
1694352745036 1.054565053443344 21
1694352745414 5.5974552948607466 22
1694352745821 0.6959155719887955 23
1694352746183 2.196182210204006 24
1694352746566 4.085860974527131 25
1694352746991 0.9449717457976934 26
1694352747356 0.0502327094051976 27
1694352747751 3.744712144490997 28
1694352748106 3.7278249491173403 29
1694352748469 0.015777614478399767 30
1694352748841 0.21747374908681 31
1694352749230 24.26035578382623 32
1694352749607 0.5161389654388181 33
1694352750002 0.4264825329856966 34
1694352750324 34.523153725205795 35
1694352750689 1.1674549451449423 36
1694352751065 21.391686101126247 37
1694352751463 0.09231166385190856 38
1694352751843 0.020760821415858326 39
1694352752244 0.17968231943937163 40
1694352752649 0.6686638517055263 41
1694352753042 0.39642645114689035 42
1694352753483 24.664096611757266 43
1694352754002 0.7312333709461842 44
1694352754528 0.7450482221704346 45
1694352755042 0.4614664037682239 46
1694352755503 0.8647817679801886 47
1694352756006 20.919912299373703 48
1694352756506 0.10999276954873763 49
1694352757046 0.0001910343419224274 50
1694352757667 0.0028609751168616093 51
1694352758203 3.4288686363873135 52
1694352758700 4.144676551379738 53
1694352759235 2.6665538236956103 54
1694352759782 1.079505594112146 55
1694352760319 1.0170437505980006 56
1694352760815 0.5874740941114426 57
1694352761353 4.643607690918417 58
1694352761943 4.923066386199243 59
1694352762433 3.8465518317032146 60
1694352762970 0.3593699126887677 61
1694352763541 10.672249516619512 62
1694352764108 0.17478741312793372 63
1694352764630 22.543905295394357 64
1694352765217 0.861916428771881 65
1694352765711 0.0009921578128201072 66
1694352766280 7.8259304149590045 67
1694352766791 0.24250189634694358 68
1694352767307 0.305251751591013 69
1694352767848 0.001076259541449927 70
1694352768385 0.28678393659575224 71
