1694491145730 4.5910729245114 0
1694491146189 4.883114410811555 1
1694491146719 4.31946169853759 2
1694491147307 4.464197864203263 3
1694491147831 3.7578707065304484 4
1694491148280 4.648187714825498 5
1694491148785 9.012535031930964 6
1694491149229 4.495098128256327 7
1694491149634 4.2862358119908235 8
1694491150106 4.507769380489256 9
1694491150589 5.4972077106104695 10
1694491151112 4.1834129652441625 11
1694491151547 4.507306694724472 12
1694491152017 4.648553461799278 13
1694491152400 4.24208606937708 14
1694491152840 4.559178640882345 15
1694491153274 5.002642481752341 16
1694491153747 4.907456585483645 17
1694491154146 4.4826072549740745 18
1694491154541 4.428012397009117 19
1694491154986 4.19345783695598 20
1694491155424 4.213591968004292 21
1694491155859 5.0674759768661675 22
1694491156301 4.649378086936359 23
1694491156699 4.830105584926504 24
1694491157167 4.99123552261112 25
1694491157544 4.454981639945444 26
1694491157952 4.684113427227326 27
1694491158391 4.677988368735828 28
1694491158808 4.055786636198687 29
1694491159203 4.1265922370929635 30
1694491159614 4.04590334534771 31
1694491160036 4.4303768266649595 32
1694491160449 4.116588427762576 33
1694491160845 4.67940697397699 34
1694491161246 4.809432788151818 35
1694491161662 3.8659467862034376 36
1694491162113 4.210522964765865 37
1694491162523 4.33863397304591 38
1694491162932 4.20614053588311 39
1694491163278 4.499552923183813 40
1694491163664 4.229636644213907 41
1694491164118 4.681572055609249 42
1694491164557 5.846182910088279 43
1694491164931 4.433003162651135 44
1694491165319 4.172156954027734 45
1694491165736 4.616274847042346 46
1694491166152 4.138657554114229 47
1694491166481 10.919350657751243 48
1694491166881 3.7887636002755967 49
