1694491145909 -5.7703467295618 0
1694491146426 -6.201013406867747 1
1694491146968 -5.369808074280092 2
1694491147513 -5.58324707687842 3
1694491148010 -4.541643111840171 4
1694491148486 -5.854572560902481 5
1694491148961 -12.29057239599145 6
1694491149364 -5.628814965934881 7
1694491149787 -5.320810644699372 8
1694491150312 -5.6475009621116445 9
1694491150822 -7.106602281690915 10
1694491151261 -5.169180222869474 11
1694491151712 -5.646818650350119 12
1694491152147 -5.855111919320108 13
1694491152533 -5.255704062767271 14
1694491152996 -5.723312983330755 15
1694491153431 -6.3772786279807185 16
1694491153872 -6.236910236517681 17
1694491154264 -5.610394970333337 18
1694491154699 -5.5298852236681215 19
1694491155133 -5.183993157767519 20
1694491155592 -5.213684484944602 21
1694491155999 -6.47288705085426 22
1694491156444 -5.85632797451935 23
1694491156845 -6.12284254422414 24
1694491157301 -6.360457054944122 25
1694491157678 -5.569656128795304 26
1694491158082 -5.907551359859976 27
1694491158544 -5.898518880871264 28
1694491158946 -4.980972691935738 29
1694491159340 -5.08538803805012 30
1694491159741 -4.966398036514132 31
1694491160159 -5.533371992197162 32
1694491160588 -5.070635656875439 33
1694491160967 -5.90061086449099 34
1694491161410 -6.092356859431996 35
1694491161842 -4.701020352103841 36
1694491162266 -5.209158698406259 37
1694491162671 -5.398080974351588 38
1694491163057 -5.202696034113674 39
1694491163426 -5.635384346723225 40
1694491163797 -5.237345189727288 41
1694491164259 -5.903803659201338 42
1694491164691 -7.621227760164276 43
1694491165042 -5.537244987801261 44
1694491165439 -5.152581249169843 45
1694491165869 -5.807511409058634 46
1694491166256 -5.103180475891814 47
1694491166604 -15.102508330884834 48
1694491166995 -4.58720013207775 49
