1694491145604 1.6387429462843845 0
1694491146050 0.8600802666911697 1
1694491146570 2.609154456289171 2
1694491147146 0.008160539699443328 3
1694491147694 2.0133944737062675 4
1694491148161 0.07035061352743291 5
1694491148639 15.634063532952426 6
1694491149104 0.027422992087114774 7
1694491149504 0.0023823489810324825 8
1694491149930 0.3209763461673575 9
1694491150465 2.4662000136968487 10
1694491150982 0.020210974550215657 11
1694491151408 0.27653793123222237 12
1694491151879 0.4259944171297165 13
1694491152283 17.41100900091241 14
1694491152694 2.3111172137240343 15
1694491153150 0.37177617656988454 16
1694491153596 6.424120177447117 17
1694491154030 0.026113874846436888 18
1694491154429 0.03933944809788569 19
1694491154875 0.005878742776465322 20
1694491155314 0.016556429556341037 21
1694491155750 1.599176872658209 22
1694491156161 1.960986283278723 23
1694491156568 17.661944734543138 24
1694491157015 0.356050790292613 25
1694491157434 2.2811499064251692 26
1694491157830 0.00801151285963709 27
1694491158254 4.046419328832451 28
1694491158682 0.012747506196022468 29
1694491159097 0.08918997815192327 30
1694491159478 2.210282814720507 31
1694491159899 2.3604224079019662 32
1694491160331 5.511765829610143 33
1694491160729 7.312818477201372 34
1694491161092 0.3218617575006631 35
1694491161554 0.5674652989642217 36
1694491161993 3.6696396687781 37
1694491162391 8.130632335082678 38
1694491162817 16.31438559763714 39
1694491163179 1.5089639350755797 40
1694491163565 0.9215269433481097 41
1694491164017 0.045347652840471674 42
1694491164434 0.05810114530646612 43
1694491164821 21.647135598172458 44
1694491165198 0.5257434931744726 45
1694491165605 0.32116151360652717 46
1694491166011 4.593809917662568 47
1694491166380 0.3725902594679821 48
1694491166759 0.11558697190945444 49
