1694511761861 35.05090674347648 0
1694511762246 11.109633197259337 1
1694511762546 6.0709352536851195 2
1694511762846 4.629698180887834 3
1694511763157 4.009729324729901 4
1694511763440 3.65606818997791 5
1694511763751 3.418644247618507 6
1694511764064 3.2385538770088713 7
1694511764433 3.0939858876464803 8
1694511764755 2.9690126877312477 9
1694511765069 2.860767698436043 10
1694511765406 2.7627873206334903 11
1694511765692 2.671141447531723 12
1694511766023 2.5849613044776163 13
1694511766336 2.5038190726669702 14
1694511766649 2.427066508622076 15
1694511766971 2.352397021325046 16
1694511767281 2.281318247721267 17
1694511767599 2.214089695137877 18
1694511767907 2.1493866501511234 19
1694511768245 2.0872135674274594 20
1694511768596 2.026274605725119 21
1694511768929 1.9679611073305119 22
1694511769305 1.9118427278060208 23
1694511769622 1.8578578875192315 24
1694511769983 1.8053816816524657 25
1694511770329 1.754402596941199 26
1694511770678 1.7054123457447097 27
1694511770981 1.657991095371734 28
1694511771325 1.6123570612694225 29
1694511771660 1.5680169666661226 30
1694511771989 1.5253782609436366 31
1694511772365 1.4841902821101842 32
1694511772741 1.4442043879707949 33
1694511773158 1.4056035550042012 34
1694511773491 1.3681506594953114 35
1694511773865 1.3314757547057756 36
1694511774230 1.296173617599702 37
1694511774587 1.2618795978146085 38
1694511774991 1.2290849064550626 39
1694511775365 1.1969925784568813 40
1694511775733 1.1662946544586317 41
1694511776122 1.1362909302730633 42
1694511776478 1.1075603749369483 43
1694511776809 1.0793665314900958 44
1694511777183 1.0522959932501121 45
1694511777540 1.0255500760670544 46
1694511777869 1.0000285668954174 47
1694511778223 0.9754986935572374 48
1694511778589 0.9513796901658369 49
