1694511762050 -48.109057384827125 0
1694511762358 -14.565463632695632 1
1694511762648 -7.50585435448915 2
1694511762956 -5.486568672919301 3
1694511763254 -4.617943893632183 4
1694511763539 -4.122437027335464 5
1694511763875 -3.7897875442509825 6
1694511764219 -3.537466872222451 7
1694511764541 -3.3349158301747845 8
1694511764871 -3.1598186182504486 9
1694511765203 -3.008158935668697 10
1694511765501 -2.870880775325866 11
1694511765816 -2.7424777507143863 12
1694511766129 -2.6217326407048027 13
1694511766451 -2.5080460377451343 14
1694511766750 -2.4005097021034083 15
1694511767074 -2.295891919647668 16
1694511767394 -2.19630500746598 17
1694511767703 -2.1021125555879405 18
1694511768038 -2.011458537063329 19
1694511768369 -1.9243491932277017 20
1694511768728 -1.8389689493123567 21
1694511769060 -1.7572671845069778 22
1694511769405 -1.678640952649947 23
1694511769765 -1.603003975867654 24
1694511770111 -1.5294807137132835 25
1694511770467 -1.4580550352041959 26
1694511770767 -1.3894158677523225 27
1694511771108 -1.3229749929735228 28
1694511771432 -1.2590381477491497 29
1694511771777 -1.1969142128033763 30
1694511772149 -1.1371740565368045 31
1694511772488 -1.0794664819253854 32
1694511772900 -1.0234431218381213 33
1694511773275 -0.9693603406098901 34
1694511773624 -0.916885909399453 35
1694511773983 -0.8655015039381708 36
1694511774371 -0.8160404531973973 37
1694511774715 -0.7679918535446648 38
1694511775118 -0.7220439300949135 39
1694511775519 -0.677080072560224 40
1694511775868 -0.6340698839149419 41
1694511776249 -0.5920323234155451 42
1694511776602 -0.5517785718927886 43
1694511776935 -0.512276795637371 44
1694511777307 -0.4743488576928572 45
1694511777650 -0.4368757391979392 46
1694511778008 -0.4011181119379661 47
1694511778365 -0.36674984391501586 48
1694511778722 -0.33295723677130584 49
