1694511761786 64.43026168176978 0
1694511762167 0.4999610867850341 1
1694511762460 0.35169734064025904 2
1694511762768 0.2112854251909168 3
1694511763068 0.3295068926426502 4
1694511763359 1.6517879669013724 5
1694511763658 1.7637112396717427 6
1694511763983 6.230175870819801 7
1694511764340 0.33540132113027354 8
1694511764657 0.03488194206964998 9
1694511764987 2.841527417028569 10
1694511765314 11.113727078395902 11
1694511765619 0.12210282377856443 12
1694511765943 4.429140003186484 13
1694511766245 3.37467768937626 14
1694511766567 0.8526421718246193 15
1694511766876 0.7826927545544362 16
1694511767199 0.0320708193291228 17
1694511767511 2.2134567288803955 18
1694511767818 2.8281054987689456 19
1694511768158 0.410102836422566 20
1694511768503 0.6525770275498695 21
1694511768846 0.0017834477376412444 22
1694511769206 17.43393973710214 23
1694511769530 0.11725981051783767 24
1694511769889 0.864193577734787 25
1694511770250 0.10670779729911098 26
1694511770595 3.485201746877489 27
1694511770899 0.3105901502873508 28
1694511771241 0.3044562712853555 29
1694511771560 0.4408752317708592 30
1694511771907 0.7339650406223378 31
1694511772272 0.25338241032271025 32
1694511772630 11.393874978273347 33
1694511773054 2.6048283057862633 34
1694511773409 0.048848229952289726 35
1694511773758 0.24400016011420864 36
1694511774126 0.6375575618947762 37
1694511774504 0.11945986708507993 38
1694511774878 0.01903425766353599 39
1694511775276 0.00048315234602702267 40
1694511775638 0.16470906866462545 41
1694511776022 0.23677378260843954 42
1694511776391 0.34934142683787645 43
1694511776726 2.2712356631450605 44
1694511777084 2.1137365690723228e-05 45
1694511777442 0.05538825403606798 46
1694511777782 0.07594943538393778 47
1694511778140 0.3871872625489064 48
1694511778497 0.308021460460179 49
