1694492380917 0.3761262620004084 0
1694492381345 1.579341656564581 1
1694492381820 1.6696180948667054 2
1694492382275 0.31956795177389963 3
1694492382745 0.29701258083047666 4
1694492383220 0.3186725966551885 5
1694492383660 0.2807563584475532 6
1694492384177 0.3221239660369633 7
1694492384592 0.48245140722825314 8
1694492385028 0.29012590721043713 9
1694492385528 0.28911583105517463 10
1694492386034 0.2947354020592369 11
1694492386526 0.34420115451817973 12
1694492387005 0.31383329731942883 13
1694492387503 0.3151234040946055 14
1694492387928 0.3206966362694528 15
1694492388375 0.3321268925884835 16
1694492388851 0.7429673128351049 17
1694492389357 0.33002561548932535 18
1694492389830 0.3113283531069486 19
1694492390288 0.30293999854930315 20
1694492390834 0.31025045223397957 21
1694492391263 0.34618178352405515 22
1694492391707 0.29658977227076083 23
1694492392191 0.30465568991761244 24
1694492392671 0.28702094076500023 25
1694492393148 0.30794827208192516 26
1694492393595 0.302358877998002 27
1694492394039 0.3235237752163676 28
1694492394485 0.31575867621816317 29
1694492394976 0.29698349202960656 30
1694492395407 0.30207014710395175 31
1694492395913 0.32373516473488073 32
1694492396361 0.29108386079819715 33
1694492396827 0.29777381596113084 34
1694492397283 0.31497132475437517 35
1694492397783 0.33454344133118286 36
1694492398314 0.3141182377720669 37
1694492398804 0.28815061064914577 38
1694492399308 0.29747925114726537 39
1694492399797 0.3238496534613539 40
1694492400210 0.30969651662681025 41
1694492400732 0.3431428656013124 42
1694492401156 0.29743360500755794 43
1694492401569 0.31011368245639154 44
1694492401969 0.303341183143608 45
1694492402375 0.35716887999097063 46
1694492402832 0.2974584450986211 47
1694492403302 0.3110890908579944 48
1694492403750 0.3329288780125488 49
