1694492381055 0.44533549135297634 0
1694492381484 -1.3290178124366614 1
1694492381961 -1.4621463422737957 2
1694492382480 0.5287406946611632 3
1694492382880 0.5620025670843961 4
1694492383381 0.5300610536925779 5
1694492383853 0.5859752340088642 6
1694492384309 0.5249714008400488 7
1694492384713 0.2885403127313838 8
1694492385197 0.5721581819020274 9
1694492385716 0.5736477173345577 10
1694492386199 0.5653606687961287 11
1694492386687 0.49241469279175953 12
1694492387170 0.5371974540438571 13
1694492387669 0.5352949640747977 14
1694492388093 0.5270762503125714 15
1694492388540 0.5102203214784987 16
1694492389068 -0.09563633584840048 17
1694492389508 0.5133190251519331 18
1694492389996 0.5408914360684411 19
1694492390465 0.5532615442718094 20
1694492390982 0.5424809910091035 21
1694492391421 0.4894939060099136 22
1694492391865 0.5626260728741255 23
1694492392384 0.5507314547621537 24
1694492392840 0.5767370025317391 25
1694492393312 0.5458759616662037 26
1694492393749 0.5541185090137497 27
1694492394169 0.5229071353283441 28
1694492394621 0.5343581432891491 29
1694492395121 0.5620454636515114 30
1694492395590 0.5545442936389121 31
1694492396077 0.5225954042016856 32
1694492396530 0.5707455103878513 33
1694492396997 0.5608799916293785 34
1694492397469 0.535519231883367 35
1694492397971 0.506656694163931 36
1694492398453 0.5367772590930562 37
1694492398987 0.5750711050538803 38
1694492399499 0.561314379398205 39
1694492399919 0.5224265703827516 40
1694492400379 0.5432978667564619 41
1694492400875 0.49397532644429665 42
1694492401294 0.5613816926815631 43
1694492401706 0.542682682167493 44
1694492402104 0.5526699268327788 45
1694492402506 0.47329149453545905 46
1694492402980 0.5613450615863798 47
1694492403453 0.5412442704518958 48
1694492403909 0.5090376525289406 49
