1694492380751 0.013115377040353572 0
1694492381220 0.6051027195652696 1
1694492381647 0.806490971914118 2
1694492382107 0.08876927452597222 3
1694492382630 0.31103403377288424 4
1694492383055 0.30878429794529766 5
1694492383547 0.29162693985691873 6
1694492384010 0.09823283703990657 7
1694492384459 0.176471808219681 8
1694492384897 0.22757388330958706 9
1694492385373 0.22096279636592003 10
1694492385891 0.11164113375680308 11
1694492386367 0.5054544109720418 12
1694492386853 0.3406311945848877 13
1694492387338 0.017496038126777184 14
1694492387809 0.5061456952315754 15
1694492388258 0.2334152943824729 16
1694492388725 0.24064138826558062 17
1694492389248 0.10115067316378223 18
1694492389674 0.5319022217440684 19
1694492390153 0.33148402087904405 20
1694492390636 0.2819366458734193 21
1694492391138 0.02554922435315916 22
1694492391560 0.04817293425055425 23
1694492392057 0.15291288046744533 24
1694492392544 0.3044476295608937 25
1694492392989 0.008318760934332682 26
1694492393469 0.05200307833828008 27
1694492393918 0.22514966712080425 28
1694492394331 0.6662976912953867 29
1694492394766 2.0180277793491337 30
1694492395270 0.020912307694195883 31
1694492395750 0.23447944735655465 32
1694492396233 0.19444785225635422 33
1694492396700 0.46883565799251903 34
1694492397171 0.57804309408128 35
1694492397619 0.059368728969454276 36
1694492398165 0.032957816606016085 37
1694492398648 0.21388429630379516 38
1694492399172 0.863592533348566 39
1694492399665 3.6417599047443576 40
1694492400071 0.21911924687418574 41
1694492400559 0.00018982043437134848 42
1694492401004 0.004519002620973873 43
1694492401434 0.025378296360631013 44
1694492401837 1.3487254916467344 45
1694492402237 0.0362084535525174 46
1694492402711 1.524055421134858 47
1694492403148 0.17435225913474753 48
1694492403598 0.06489192236281355 49
