1694509033127 161.9358273670638 0
1694509033445 155.54170689039086 1
1694509033739 149.42390647383277 2
1694509034018 143.57012217155682 3
1694509034326 137.9686067387296 4
1694509034616 132.60814421406025 5
1694509034895 127.47802566915145 6
1694509035178 122.56802607090938 7
1694509035446 117.86838220574494 8
1694509035736 113.369771616667 9
1694509036017 109.06329250662404 10
1694509036300 104.94044456360531 11
1694509036618 100.99311066506505 12
1694509036983 97.21353942119256 13
1694509037291 93.59432851841856 14
1694509037607 90.1284088263304 15
1694509037914 86.80902923286709 16
1694509038208 83.62974217428741 17
1694509038506 80.58438982794814 18
1694509038836 77.66709093740573 19
1694509039139 74.87222824075991 20
1694509039462 72.194436474499 21
1694509039769 69.62859092638661 22
1694509040079 67.16979651214865 23
1694509040396 64.81337735188438 24
1694509040713 62.55486682323404 25
1694509041086 60.38999806939552 26
1694509041375 58.31469494109151 27
1694509041726 56.32506335255206 28
1694509042038 54.417383032496126 29
1694509042352 52.58809965197209 30
1694509042711 50.83381731175248 31
1694509043025 49.15129137277623 32
1694509043349 47.537421613891254 33
1694509043684 45.98924570187597 34
1694509043994 44.50393295941016 35
1694509044338 43.078778417324955 36
1694509044628 41.71119713809196 37
1694509044913 40.398718798110906 38
1694509045226 39.13898251692875 39
1694509045523 37.92973192206871 40
1694509045869 36.76881043866914 41
1694509046173 35.65415679362889 42
1694509046479 34.58380072443003 43
1694509046792 33.555858883260754 44
1694509047088 32.56853092749293 45
1694509047399 31.62009578797991 46
1694509047723 30.70890810703264 47
1694509048051 29.83339483830695 48
1694509048421 28.992052001191183 49
