1694509033259 -237.80293718709854 0
1694509033528 -228.3736788482596 1
1694509033848 -219.3519031711146 2
1694509034123 -210.71946581755373 3
1694509034422 -202.45904340327291 4
1694509034699 -194.55409601525116 5
1694509035005 -186.98883144989165 6
1694509035273 -179.74817109256443 7
1694509035529 -172.81771736294797 8
1694509035832 -166.18372265405816 9
1694509036125 -159.83305969618138 10
1694509036403 -153.75319328010434 11
1694509036746 -147.9321532770609 12
1694509037088 -142.35850889570506 13
1694509037397 -137.02134411917342 14
1694509037718 -131.91023426792873 15
1694509038018 -127.01522363658046 16
1694509038309 -122.32680415527068 17
1694509038616 -117.83589502849054 18
1694509038941 -113.53382330636907 19
1694509039252 -109.41230534554859 20
1694509039558 -105.46342911873904 21
1694509039864 -101.67963733393043 22
1694509040202 -98.05371132604147 23
1694509040489 -94.57875568549916 24
1694509040862 -91.24818358988036 25
1694509041186 -88.05570280630818 26
1694509041500 -84.99530233378513 27
1694509041841 -82.06123965606487 28
1694509042145 -79.24802857701964 29
1694509042488 -76.55042761175274 30
1694509042830 -73.96342890793716 31
1694509043145 -71.48224767303809 32
1694509043444 -69.10231208419785 33
1694509043795 -66.81925365863069 34
1694509044137 -64.62889806339689 35
1694509044437 -62.52725634439642 36
1694509044729 -60.510516555352346 37
1694509045010 -58.57503576843867 38
1694509045323 -56.71733244905181 39
1694509045629 -54.934079178030714 40
1694509045982 -53.2220957053986 41
1694509046292 -51.57834232043238 42
1694509046577 -49.99991352356494 43
1694509046903 -48.48403198629209 44
1694509047189 -47.028042785892055 45
1694509047510 -45.62940790237257 46
1694509047830 -44.28570096563841 47
1694509048182 -42.99460224142554 48
1694509048520 -41.75389384507324 49
