1694509033017 169.24827985919015 0
1694509033340 162.60850145491165 1
1694509033620 156.25470943244105 2
1694509033923 150.17418188946056 3
1694509034194 144.3547727195203 4
1694509034506 138.78488529683614 5
1694509034789 133.45344737065898 6
1694509035079 128.3498871134194 7
1694509035360 123.46411026943204 8
1694509035617 118.78647835340475 9
1694509035905 114.30778785034282 10
1694509036201 110.01925037067727 11
1694509036516 105.91247371658002 12
1694509036841 101.9794438174634 13
1694509037171 98.21250749460371 14
1694509037502 94.60435601667876 15
1694509037812 91.14800940977489 16
1694509038105 87.83680148710361 17
1694509038405 84.66436556527276 18
1694509038720 81.62462083548925 19
1694509039021 78.71175935953086 20
1694509039349 75.92023366171796 21
1694509039651 73.24474488944392 22
1694509039961 70.68023151609097 23
1694509040302 68.22185856136589 24
1694509040584 65.86500730524332 25
1694509040955 63.60526547280293 26
1694509041268 61.43841786829576 27
1694509041606 59.360437437774685 28
1694509041941 57.36747674057754 29
1694509042242 55.455859810861035 30
1694509042595 53.62207439125155 31
1694509042918 51.86276452150532 32
1694509043231 50.17472346586066 33
1694509043539 48.55488696351712 34
1694509043883 47.00032678739382 35
1694509044224 45.50824459700488 36
1694509044521 44.075966071942176 37
1694509044813 42.70093531307838 38
1694509045098 41.380709499197955 39
1694509045415 40.11295378732994 40
1694509045735 38.89543644559644 41
1694509046082 37.726024207907166 42
1694509046382 36.60267784032094 43
1694509046679 35.52344790936466 44
1694509046985 34.48647074304734 45
1694509047272 33.489964575733296 46
1694509047601 32.53222586844557 47
1694509047925 31.61162579655884 48
1694509048284 30.726606897211145 49
