1694510215041 -3.369432632979051 0
1694510215386 -2.029535614838048 1
1694510215717 -1.1548370880528083 2
1694510216054 -0.5946881639233641 3
1694510216408 -0.2276418112131433 4
1694510216742 -0.023481153422671763 5
1694510217085 0.20595078681700552 6
1694510217439 0.3258729905835427 7
1694510217766 0.34698985863870924 8
1694510218103 0.44691090588456184 9
1694510218424 0.4976921985074716 10
1694510218774 0.5122950712128946 11
1694510219150 0.5210916530612515 12
1694510219478 0.5300663673444386 13
1694510219822 0.5369152696641666 14
1694510220184 0.5327365758928965 15
1694510220538 0.5301768021152575 16
1694510220865 0.534989275860856 17
1694510221219 0.5289973774308467 18
1694510221568 0.510941247343844 19
1694510221928 0.49502187057870317 20
1694510222291 0.5257557562030526 21
1694510222606 0.5338927781917379 22
1694510222966 0.5175275244100838 23
1694510223299 0.49117891568420813 24
1694510223627 0.5195301292367532 25
1694510223947 0.5174024821182981 26
1694510224296 0.531677498762729 27
1694510224603 0.5178781023266731 28
1694510224946 0.5229150475323743 29
1694510225275 0.5023605936130238 30
1694510225624 0.4673827249624025 31
1694510225942 0.52873471636332 32
1694510226297 0.528027057911951 33
1694510226611 0.4902669119908124 34
1694510226941 0.5218708233531251 35
1694510227315 0.5229710868619079 36
1694510227637 0.5310646531177761 37
1694510227944 0.5275098302904311 38
1694510228296 0.48971689606566693 39
1694510228609 0.5161901398982807 40
1694510228949 0.5240967959911331 41
1694510229295 0.5237323187070824 42
1694510229625 0.5165993523185712 43
1694510229956 0.5049870947771335 44
1694510230284 0.46149409177662626 45
1694510230655 0.5179858178576695 46
1694510230993 0.5063559248335238 47
1694510231315 0.5231625176289789 48
1694510231642 0.5213592821964119 49
