1694510214809 0.696859844402856 0
1694510215162 0.46552622373310515 1
1694510215506 11.460581592926633 2
1694510215841 1.5102611480780932 3
1694510216171 0.11756479401562889 4
1694510216528 5.03495475722199 5
1694510216882 1.10130612366375 6
1694510217224 1.4745072657365923 7
1694510217561 0.0020628908929581627 8
1694510217893 0.009471771208584062 9
1694510218221 0.030419994240867457 10
1694510218571 0.0004616689895917001 11
1694510218904 0.6257462487654338 12
1694510219267 0.14204973873297622 13
1694510219610 0.00028562420889447474 14
1694510219976 0.0676902684174941 15
1694510220304 0.0694443598246945 16
1694510220663 0.0721932039174816 17
1694510220985 0.06796561812495254 18
1694510221343 0.05427852322677331 19
1694510221683 1.3435227422808136 20
1694510222073 1.1827020012064683e-05 21
1694510222407 0.08852621085201719 22
1694510222730 0.0006835618414917142 23
1694510223093 1.2015207809805686 24
1694510223420 2.0666990318346765 25
1694510223753 0.07602323950300223 26
1694510224062 0.0042809011979869915 27
1694510224416 0.7718278611846571 28
1694510224718 3.8635292460461037 29
1694510225072 0.22545146718196402 30
1694510225412 2.9104335751056526e-05 31
1694510225746 1.4806233441461195e-10 32
1694510226070 0.45050270662962083 33
1694510226415 0.2326956271467675 34
1694510226739 0.03315349099696207 35
1694510227066 0.5487036329272806 36
1694510227445 0.013784036537825563 37
1694510227757 0.271526723012107 38
1694510228066 0.18255713066722742 39
1694510228419 0.08863873674640926 40
1694510228735 0.4592424462060862 41
1694510229064 0.1852737530037869 42
1694510229415 0.2738285604776108 43
1694510229751 0.39177160581875337 44
1694510230069 0.19076035825628126 45
1694510230415 0.3465657446456174 46
1694510230779 0.19185377505390205 47
1694510231112 0.040464423476403874 48
1694510231442 0.18078487946301955 49
