1694509108368 169.46725024995976 0
1694509108674 168.79585896806083 1
1694509108992 168.12741138911372 2
1694509109310 167.46189416455806 3
1694509109593 166.7992940074064 4
1694509109911 166.13959769195768 5
1694509110248 165.48279205351187 6
1694509110578 164.82886398808614 7
1694509110932 164.17780045213212 8
1694509111245 163.52958846225474 9
1694509111588 162.88421509493227 10
1694509111893 162.24166748623747 11
1694509112259 161.60193283156065 12
1694509112595 160.964998385333 13
1694509112932 160.33085146075248 14
1694509113246 159.69947942950995 15
1694509113590 159.07086972151697 16
1694509113930 158.4450098246351 17
1694509114306 157.82188728440605 18
1694509114608 157.20148970378332 19
1694509114915 156.58380474286514 20
1694509115226 155.9688201186285 21
1694509115550 155.3565236046645 22
1694509115888 154.74690303091492 23
1694509116186 154.13994628341024 24
1694509116524 153.5356413040084 25
1694509116833 152.93397609013522 26
1694509117156 152.3349386945259 27
1694509117467 151.7385172249676 28
1694509117836 151.1446998440435 29
1694509118184 150.55347476887775 30
1694509118538 149.96483027088186 31
1694509118872 149.37875467550205 32
1694509119174 148.79523636196802 33
1694509119478 148.21426376304268 34
1694509119821 147.63582536477324 35
1694509120139 147.0599097062434 36
1694509120504 146.48650537932642 37
1694509120831 145.91560102843994 38
1694509121129 145.34718535030137 39
1694509121442 144.78124709368473 40
1694509121763 144.21777505917854 41
1694509122098 143.65675809894483 42
1694509122430 143.09818511647956 43
1694509122762 142.54204506637325 44
1694509123113 141.98832695407424 45
1694509123426 141.43701983565145 46
1694509123760 140.88811281755952 47
1694509124080 140.34159505640415 48
1694509124392 139.79745575870916 49
