1694509108477 -236.43685087185528 0
1694509108794 -235.49617925865707 1
1694509109103 -234.5596320031607 2
1694509109411 -233.62719040299075 3
1694509109694 -232.69883584204024 4
1694509110011 -231.77454979006933 5
1694509110367 -230.85431380230511 6
1694509110696 -229.9381095190445 7
1694509111039 -229.02591866525768 8
1694509111375 -228.1177230501943 9
1694509111700 -227.21350456699122 10
1694509112056 -226.31324519228195 11
1694509112371 -225.4169269858083 12
1694509112711 -224.52453209003323 13
1694509113019 -223.63604272975635 14
1694509113361 -222.75144121173042 15
1694509113718 -221.87070992428 16
1694509114052 -220.99383133692209 17
1694509114395 -220.12078799998807 18
1694509114723 -219.25156254424778 19
1694509115010 -218.38613768053517 20
1694509115341 -217.52449619937593 21
1694509115659 -216.6666209706164 22
1694509115992 -215.8124949430548 23
1694509116281 -214.96210114407373 24
1694509116626 -214.11542267927467 25
1694509116945 -213.27244273211392 26
1694509117253 -212.43314456354057 27
1694509117603 -211.5975115116358 28
1694509117969 -210.76552699125423 29
1694509118301 -209.9371744936668 30
1694509118657 -209.11243758620512 31
1694509118981 -208.29129991190769 32
1694509119273 -207.47374518916791 33
1694509119612 -206.65975721138338 34
1694509119913 -205.84931984660713 35
1694509120296 -205.04241703720047 36
1694509120601 -204.23903279948698 37
1694509120938 -203.43915122340906 38
1694509121238 -202.64275647218517 39
1694509121541 -201.84983278196913 40
1694509121863 -201.06036446151094 41
1694509122198 -200.27433589181908 42
1694509122534 -199.49173152582483 43
1694509122908 -198.71253588804709 44
1694509123202 -197.93673357426042 45
1694509123540 -197.16430925116276 46
1694509123878 -196.39524765604642 47
1694509124188 -195.62953359646934 48
1694509124570 -194.86715194992846 49
