1694509108270 169.36353841809782 0
1694509108559 168.6848246103505 1
1694509108874 168.00910284781 2
1694509109197 167.33635952183718 3
1694509109494 166.66658108667187 4
1694509109789 165.99975405913966 5
1694509110129 165.33586501836052 6
1694509110457 164.67490060545842 7
1694509110792 164.0168475232725 8
1694509111147 163.36169253606963 9
1694509111468 162.70942246925821 10
1694509111790 162.06002420910332 11
1694509112166 161.41348470244327 12
1694509112478 160.76979095640726 13
1694509112805 160.12893003813494 14
1694509113128 159.49088907449638 15
1694509113459 158.85565525181423 16
1694509113807 158.22321581558654 17
1694509114196 157.59355807021137 18
1694509114504 156.96666937871223 19
1694509114819 156.34253716246513 20
1694509115117 155.7211489009269 21
1694509115436 155.10249213136444 22
1694509115765 154.4865544485858 23
1694509116093 153.87332350467193 24
1694509116400 153.26278700871015 25
1694509116724 152.6549327265285 26
1694509117037 152.04974848043162 27
1694509117343 151.44722214893778 28
1694509117712 150.847341666517 29
1694509118059 150.2500950233307 30
1694509118411 149.65547026497205 31
1694509118752 149.06345549220828 32
1694509119081 148.47403886072343 33
1694509119382 147.88720858086282 34
1694509119716 147.30295291737855 35
1694509120015 146.72126018917604 36
1694509120403 146.1421187690622 37
1694509120714 145.56551708349414 38
1694509121035 144.99144361232965 39
1694509121334 144.41988688857842 40
1694509121638 143.85083549815477 41
1694509121975 143.28427807963118 42
1694509122307 142.72020332399336 43
1694509122646 142.15859997439605 44
1694509123012 141.59945682592036 45
1694509123303 141.042762725332 46
1694509123646 140.48850657084068 47
1694509123982 139.93667731186062 48
1694509124275 139.3872639487723 49
