1694395243354 39.52296804605539 0
1694395244104 5.652194687713591 1
1694395244878 4.535350103848173 2
1694395245584 4.806079544802588 3
1694395246337 4.479257035406573 4
1694395247106 4.539319860728055 5
1694395247863 4.425799532389295 6
1694395248647 3.9231460897729917 7
1694395249314 4.310253691025341 8
1694395249976 3.8635203672909526 9
1694395250822 4.550186014097979 10
1694395251553 4.826368641869942 11
1694395252372 21.884521709951315 12
1694395253192 4.334546792277333 13
1694395254131 4.4589038010443645 14
1694395254810 4.943008712611477 15
1694395255623 5.151727318938199 16
1694395256369 6.59221934705646 17
1694395257081 4.210483376641662 18
1694395257853 5.620600613640248 19
1694395258578 4.548884602055765 20
1694395259300 4.670403481071412 21
1694395260047 4.53990626272694 22
1694395260824 4.673639761947338 23
1694395261346 4.693832559675697 24
1694395261765 5.156294727164053 25
1694395262227 4.804474064452152 26
1694395262750 4.5508084160549895 27
1694395263274 4.419163044441668 28
1694395263779 5.124598324603257 29
1694395264271 5.142957880563287 30
1694395264712 4.956926250797886 31
1694395265195 4.262150929042003 32
1694395265695 4.136847100450207 33
1694395266203 4.809742058798484 34
1694395266641 4.596109170787414 35
1694395267292 4.717099208286379 36
1694395267976 4.125036880611849 37
1694395268796 4.094995322952347 38
1694395269505 4.791941446343951 39
1694395270293 4.369484558739669 40
1694395271104 6.0995030450424235 41
1694395271784 5.613059501623478 42
1694395272471 4.912222368681715 43
1694395273253 4.992163574478536 44
1694395273949 4.548076140540928 45
1694395274751 4.3642677847698765 46
1694395275531 4.442115119935209 47
1694395276355 4.460656559984693 48
1694395276974 4.135724998652939 49
1694395277652 4.919648412775155 50
1694395278352 4.849591589039936 51
1694395279132 4.45564972605579 52
1694395279859 4.536540785726784 53
1694395280636 5.153527799528876 54
1694395281398 4.975582252276802 55
1694395282061 4.5314620135374035 56
1694395282830 4.460567569740401 57
1694395283626 4.561871756719939 58
1694395284405 4.498042446420974 59
1694395285084 4.325358755541623 60
1694395285956 4.48600995379312 61
1694395286640 4.861023087304538 62
1694395287344 5.21200063702526 63
1694395288079 4.661474181995667 64
1694395288836 4.0535588583512006 65
1694395289490 4.7374533723671854 66
1694395290151 4.12197979362755 67
1694395290851 4.514063086649847 68
1694395291546 4.336964292207533 69
1694395292173 3.786154034327154 70
1694395292886 5.042284476861265 71
1694395293594 4.448637230198181 72
1694395294271 4.548316718606707 73
1694395295065 5.696029318013886 74
1694395295840 4.7475801895485965 75
1694395296548 4.786125558063407 76
1694395297269 4.4911613385433995 77
1694395298010 4.892766638898723 78
1694395298793 5.097499259772098 79
1694395299563 5.865216230556406 80
1694395300286 4.157674776785788 81
1694395300984 4.636255441038373 82
1694395301597 4.9420118268477085 83
1694395302313 4.597880367415574 84
1694395303085 4.479831690147652 85
1694395303801 4.154831002204128 86
1694395304413 5.327291992180822 87
1694395305141 5.317121014996567 88
1694395305910 4.872644341322816 89
1694395306654 4.768084518879742 90
1694395307379 4.582302351591187 91
1694395308171 4.553898992029945 92
1694395308922 5.158042802528612 93
1694395309761 4.5840072024373795 94
1694395310444 4.946265118336034 95
1694395311166 5.02069870198045 96
1694395311847 4.857568394982878 97
1694395312510 5.205372806679752 98
1694395313166 4.848632983049986 99
