1694395243540 -54.37476448176797 0
1694395244298 -6.919166123164635 1
1694395245025 -5.354379649582517 2
1694395245776 -5.7336927369412924 3
1694395246530 -5.275788880529097 4
1694395247300 -5.35994158895957 5
1694395248068 -5.20089074443983 6
1694395248856 -4.49663402039034 7
1694395249535 -5.039001998004573 8
1694395250206 -4.413093727170188 9
1694395251108 -5.375165918341441 10
1694395251810 -5.762119346257253 11
1694395252620 -29.661923822941265 12
1694395253507 -5.073038529845835 13
1694395254299 -5.247272409854723 14
1694395255084 -5.925541193496125 15
1694395255820 -6.217972259271272 16
1694395256569 -8.236214075067144 17
1694395257274 -4.899215996739933 18
1694395258021 -6.874900358286039 19
1694395258799 -5.373342538446304 20
1694395259506 -5.543599977051083 21
1694395260276 -5.360763183950667 22
1694395261007 -5.548134259271295 23
1694395261439 -5.576425945693551 24
1694395261896 -6.224371554853123 25
1694395262383 -5.731443333602405 26
1694395262904 -5.376037952085017 27
1694395263423 -5.191592506598541 28
1694395263907 -6.179962419773032 29
1694395264390 -6.205685591324618 30
1694395264832 -5.945040751280862 31
1694395265339 -4.971606272242126 32
1694395265863 -4.796045823723961 33
1694395266310 -5.738824205046056 34
1694395266797 -5.4395078468872295 35
1694395267449 -5.609024337231233 36
1694395268244 -4.7794987835000375 37
1694395268982 -4.737408215349339 38
1694395269745 -5.713884156992165 39
1694395270497 -5.121989068861945 40
1694395271260 -7.545880060967763 41
1694395271942 -6.864334671484059 42
1694395272682 -5.882407121622304 43
1694395273444 -5.994410993351501 44
1694395274183 -5.372209820733291 45
1694395274973 -5.114679961165497 46
1694395275770 -5.223750156634882 47
1694395276498 -5.249728161998664 48
1694395277154 -4.794473671483881 49
1694395277833 -5.892811589278333 50
1694395278599 -5.794656508663996 51
1694395279374 -5.242713196693193 52
1694395280069 -5.3560478878718065 53
1694395280839 -6.220494873173815 54
1694395281557 -5.971179266153093 55
1694395282257 -5.348932131445928 56
1694395283099 -5.249603479717386 57
1694395283891 -5.39153855626508 58
1694395284575 -5.3021087082658065 59
1694395285390 -5.060165372908409 60
1694395286138 -5.285250246507074 61
1694395286836 -5.810672930389672 62
1694395287567 -6.3024198845031725 63
1694395288266 -5.53108933177944 64
1694395289031 -4.679352492773751 65
1694395289676 -5.6375421105139605 66
1694395290346 -4.775215565914794 67
1694395291043 -5.324554876237989 68
1694395291676 -5.076425636024539 69
1694395292357 -4.304697453345404 70
1694395293054 -6.064634291405004 71
1694395293776 -5.2328881424085045 72
1694395294541 -5.372546889389583 73
1694395295276 -6.9805818631514605 74
1694395296042 -5.651730572162821 75
1694395296765 -5.705735643363023 76
1694395297468 -5.292467738800904 77
1694395298222 -5.85514812494729 78
1694395298975 -6.141994513846712 79
1694395299755 -7.217625939004327 80
1694395300444 -4.825227024651012 81
1694395301145 -5.495755906430171 82
1694395301765 -5.924144478696782 83
1694395302525 -5.441989431671576 84
1694395303261 -5.276594016694692 85
1694395303938 -4.8212426743988965 86
1694395304604 -6.463952075888287 87
1694395305405 -6.449701742627099 88
1694395306094 -5.8269552147438 89
1694395306838 -5.6804587386873004 90
1694395307597 -5.420163415053505 91
1694395308404 -5.38036809036124 92
1694395309176 -6.226820744941682 93
1694395309945 -5.4225520442165385 94
1694395310651 -5.930103672200769 95
1694395311375 -6.034390935218073 96
1694395312074 -5.805832636678786 97
1694395312738 -6.293133776638502 98
1694395313396 -5.793313426816942 99
