1694395243092 20.17438094481208 0
1694395243863 5.9143235777553675 1
1694395244607 32.345893740469194 2
1694395245322 4.019150669546368 3
1694395246093 0.17286386434673723 4
1694395246819 5.785777288840354 5
1694395247610 31.55139428328201 6
1694395248382 3.157979631010844 7
1694395249126 7.916225670913304 8
1694395249776 4.2832394617618395 9
1694395250534 4.219082294730179 10
1694395251369 4.337488795420044 11
1694395252136 114.97779235716366 12
1694395252952 16.93030260150721 13
1694395253847 4.098167651708831 14
1694395254550 0.0020060711143175133 15
1694395255378 0.0018996165822990655 16
1694395256162 35.13341061314823 17
1694395256822 5.980020796605634 18
1694395257591 27.296834860765443 19
1694395258306 5.5261573155021795 20
1694395259048 11.159856983767929 21
1694395259787 1.280263458314383 22
1694395260549 0.006790489578532256 23
1694395261200 0.8589876129172342 24
1694395261615 0.5100314923631228 25
1694395262089 0.7955506724574644 26
1694395262577 0.03326924204945369 27
1694395263110 20.55034581470027 28
1694395263608 0.8733328459168329 29
1694395264113 0.17214589750738288 30
1694395264583 3.6271359230180775 31
1694395265039 2.580302295064803 32
1694395265551 0.04597580086457576 33
1694395266072 0.1426338883225435 34
1694395266494 0.04087213304690076 35
1694395267069 1.8629775324227608e-05 36
1694395267753 3.7551610428260416 37
1694395268541 2.1865037619841923 38
1694395269260 7.016533355846183 39
1694395270078 6.504050122526391 40
1694395270808 0.957528940845861 41
1694395271551 2.395776315283664 42
1694395272250 0.00573455889271455 43
1694395272982 1.944488242680542 44
1694395273734 26.669639772596852 45
1694395274488 1.6692818061581598 46
1694395275270 11.481303901230918 47
1694395276099 0.5286487021299187 48
1694395276752 8.484401838188791 49
1694395277419 0.49121965997915784 50
1694395278131 0.48491384677128224 51
1694395278920 25.759158576782898 52
1694395279654 5.144484213819141 53
1694395280365 12.062098401715753 54
1694395281169 4.997210151767612 55
1694395281836 1.2812694716990078 56
1694395282570 0.23280482798552246 57
1694395283407 1.0571022056005495 58
1694395284149 2.1220198117957723 59
1694395284871 0.012680716950496948 60
1694395285708 0.14435210128150733 61
1694395286402 4.745689733018145 62
1694395287092 0.4465313402028689 63
1694395287865 0.07209520094210281 64
1694395288607 2.6325253948726655 65
1694395289268 0.06660476749559965 66
1694395289912 1.086466520344705e-05 67
1694395290629 23.619141544868516 68
1694395291347 0.00267025746861021 69
1694395291951 0.20929374006425538 70
1694395292643 6.044317104908349 71
1694395293335 12.81512930591498 72
1694395294042 10.987881977318288 73
1694395294819 1.1810440962522883 74
1694395295569 0.0898560849527239 75
1694395296316 1.527001781500218 76
1694395297013 0.1499363774132648 77
1694395297766 10.361618391862658 78
1694395298538 0.016169124227153133 79
1694395299256 2.159371197075017 80
1694395300058 0.6264791445916968 81
1694395300737 1.5639050420170917 82
1694395301400 10.623224706309518 83
1694395302051 0.40227175623052913 84
1694395302817 5.265375855366966 85
1694395303585 6.603519747714094 86
1694395304174 0.0076255165735150555 87
1694395304897 6.298314341014369 88
1694395305677 3.021616365108264 89
1694395306398 5.554669021788257 90
1694395307134 0.7634878791748768 91
1694395307919 7.285788926796062 92
1694395308687 8.333573109316998 93
1694395309497 4.278408480753289 94
1694395310210 0.8302769629964722 95
1694395310955 5.217107116360839 96
1694395311668 5.480864690834761 97
1694395312302 3.994404643771023 98
1694395312965 6.590532193054774 99
