1694491503386 164.52664943418722 0
1694491503826 159.57571996023634 1
1694491504166 154.79105728458973 2
1694491504520 150.1644678324802 3
1694491504951 145.69250481746266 4
1694491505265 141.36732541563734 5
1694491505602 137.18664701901503 6
1694491505976 133.14373197338404 7
1694491506376 129.2350741460717 8
1694491506759 125.4552748793339 9
1694491507133 121.80145285321085 10
1694491507494 118.26700799197174 11
1694491507823 114.84940193028855 12
1694491508206 111.5442672373113 13
1694491508559 108.34698710602284 14
1694491508901 105.25418309601152 15
1694491509370 102.26323936314849 16
1694491509723 99.37071764592439 17
1694491510083 96.57139459438908 18
1694491510430 93.8632382228635 19
1694491510794 91.24397286563487 20
1694491511151 88.70995451639494 21
1694491511494 86.25708015938034 22
1694491511876 83.88395155747564 23
1694491512269 81.58748831258691 24
1694491512608 79.36532625604328 25
1694491512945 77.21515104838673 26
1694491513388 75.13343966260449 27
1694491513765 73.11877006783719 28
1694491514077 71.16876513417417 29
1694491514383 69.28078912704692 30
1694491514797 67.4533855285009 31
1694491515160 65.6842107081476 32
1694491515505 63.97093359398162 33
1694491515854 62.312461689066694 34
1694491516192 60.70652678678341 35
1694491516502 59.15126445180013 36
1694491516834 57.64535417942726 37
1694491517152 56.18684622990637 38
1694491517453 54.77402251475926 39
1694491517880 53.405476534121576 40
1694491518226 52.07941029501457 41
1694491518524 50.7952752636901 42
1694491518975 49.551463087422604 43
1694491519329 48.345560858325776 44
1694491519699 47.17759999475335 45
1694491520024 46.04553405346659 46
1694491520329 44.94864312708092 47
1694491520663 43.885367950444305 48
1694491521020 42.85537914613396 49
