1694491503548 -229.51468332985715 0
1694491503955 -222.57804453121216 1
1694491504277 -215.87435850034788 2
1694491504682 -209.39214539919982 3
1694491505060 -203.1265760108075 4
1694491505368 -197.0666619264609 5
1694491505740 -191.20920503412404 6
1694491506128 -185.5447653541199 7
1694491506483 -180.06843052078895 8
1694491506861 -174.77263659306405 9
1694491507267 -169.65334661668652 10
1694491507618 -164.7013133701742 11
1694491507951 -159.91298040548793 12
1694491508327 -155.2822286109652 13
1694491508676 -150.8025894794601 14
1694491509067 -146.46932955214206 15
1694491509509 -142.27878382712177 16
1694491509864 -138.22613503153948 17
1694491510188 -134.30406484423676 18
1694491510559 -130.5097262946046 19
1694491510911 -126.83993099727837 20
1694491511285 -123.2895734148689 21
1694491511622 -119.85290490189755 22
1694491511998 -116.52796641898075 23
1694491512397 -113.3104420878484 24
1694491512742 -110.19701952358058 25
1694491513098 -107.18445615587568 26
1694491513516 -104.26781594878445 27
1694491513892 -101.44510652603016 28
1694491514200 -98.71299734298378 29
1694491514525 -96.06779552969705 30
1694491514928 -93.50746039077976 31
1694491515280 -91.02870831704941 32
1694491515617 -88.62827329459887 33
1694491515977 -86.30462464991014 34
1694491516305 -84.05458444839081 35
1694491516627 -81.87554047055224 36
1694491516961 -79.76564258620938 37
1694491517274 -77.7221590577104 38
1694491517584 -75.74268270893613 39
1694491518031 -73.82524292374659 40
1694491518334 -71.96732057357777 41
1694491518678 -70.16814711981492 42
1694491519116 -68.4254691346973 43
1694491519464 -66.73590594585828 44
1694491519835 -65.09950157286482 45
1694491520146 -63.513388788937874 46
1694491520452 -61.97655894761584 47
1694491520781 -60.48682739666166 48
1694491521186 -59.043732652585746 49
