1694491503243 166.23236777783228 0
1694491503698 162.71011460471257 1
1694491504054 152.90091019839798 2
1694491504370 150.9016422454005 3
1694491504803 153.58025834262807 4
1694491505158 129.98679639174495 5
1694491505485 132.59739764493952 6
1694491505854 128.34366545934918 7
1694491506242 130.40961655277096 8
1694491506612 121.12663020094735 9
1694491506980 127.11906831372865 10
1694491507387 117.42799452047629 11
1694491507720 113.76512228441896 12
1694491508080 106.36892805154065 13
1694491508429 113.48229718226328 14
1694491508773 104.74138432328601 15
1694491509233 92.11580875521933 16
1694491509616 100.81420025850315 17
1694491509971 96.89697801453757 18
1694491510315 87.82748548924728 19
1694491510673 89.22425323330371 20
1694491511019 87.7456546952603 21
1694491511378 85.8902334973359 22
1694491511758 87.47674825488625 23
1694491512099 77.25997444752994 24
1694491512502 74.7687914980279 25
1694491512838 79.32664592261092 26
1694491513266 78.04256615097745 27
1694491513653 65.98192861349513 28
1694491513982 71.30177839711361 29
1694491514287 66.13395691772486 30
1694491514642 65.09497912823336 31
1694491515045 60.8204752540343 32
1694491515387 64.90359934408227 33
1694491515731 58.801777919343344 34
1694491516086 60.804944713743765 35
1694491516392 57.89212313496455 36
1694491516733 50.260777391869276 37
1694491517057 55.436076770395765 38
1694491517364 56.57597243678388 39
1694491517780 57.620395867327595 40
1694491518125 52.35344596560443 41
1694491518426 49.884054584759205 42
1694491518837 45.07438798492218 43
1694491519223 51.79204970671884 44
1694491519574 49.72683153614229 45
1694491519926 44.854363872533675 46
1694491520237 44.51469115404613 47
1694491520544 47.57673706581205 48
1694491520865 35.04363821692646 49
