1694397583630 4.363742932937757 0
1694397583973 4.528269206804452 1
1694397584277 4.4141648362966865 2
1694397584585 5.433273547839635 3
1694397584894 5.125384953637181 4
1694397585188 4.451647948636769 5
1694397585474 4.732715695472438 6
1694397585844 4.888911267435979 7
1694397586155 4.404796929238771 8
1694397586491 4.186335722883519 9
1694397586854 4.184325213898136 10
1694397587263 4.756016093110118 11
1694397587603 4.884854126338655 12
1694397587976 4.699884587405583 13
1694397588272 4.86756242576203 14
1694397588577 5.034733478537311 15
1694397588919 4.855585079233942 16
1694397589280 5.197927700039414 17
1694397589535 4.980435996184093 18
1694397589828 4.309681398639659 19
1694397590100 5.0869602969143255 20
1694397590345 4.429240550109363 21
1694397590614 4.235504126002232 22
1694397590877 4.836465679766707 23
1694397591163 4.577586349312847 24
1694397591446 4.273189499402571 25
1694397591822 4.181887457929387 26
1694397592220 5.107452208729077 27
1694397592503 4.079986119142851 28
1694397592852 5.142524332745749 29
1694397593164 4.189080072356675 30
1694397593535 4.778572554161462 31
1694397593861 4.165629551024936 32
1694397594207 5.045697094423363 33
1694397594520 5.118085075220203 34
1694397594915 4.441614909759933 35
1694397595294 4.341995371304753 36
1694397595662 4.55210277823373 37
1694397594909 4.868848593482361 38
1694397595231 5.125640175962694 39
1694397595570 4.526108745224529 40
1694397596007 4.774044768830926 41
1694397596341 4.89635698481571 42
1694397596665 5.000858911425471 43
1694397596979 4.530663877864661 44
1694397597323 4.242754545347497 45
1694397597638 5.1343628559031185 46
1694397597997 4.42145461242597 47
1694397598377 4.935372041465583 48
1694397598721 4.419341697147023 49
1694397599057 4.589531282606736 50
1694397599411 4.420295850920262 51
1694397599744 4.733586878246668 52
1694397600075 4.051791143256865 53
1694397600386 4.481638544546966 54
1694397600725 5.269134969972288 55
1694397601062 4.933615062506116 56
1694397601407 4.477571473908241 57
1694397601747 3.766029212497219 58
1694397602081 4.119024785202041 59
1694397602442 4.874812324878411 60
1694397602769 4.57763293910057 61
1694397603098 4.536510892588691 62
1694397603461 4.345699453287511 63
1694397603815 5.4688135439798895 64
1694397604195 4.508817187259169 65
1694397604551 4.340656295026287 66
1694397604884 4.906520479466094 67
1694397605209 4.687347952846383 68
1694397605505 4.439162443230701 69
1694397605814 4.792484091226894 70
1694397606081 4.091926868077597 71
1694397606337 4.695006177978736 72
1694397606587 5.433413042786666 73
1694397606843 4.357186073140487 74
1694397607101 5.353547974760303 75
1694397607391 4.790059070818986 76
1694397607666 5.290389582322059 77
1694397607971 4.819433223221551 78
1694397608394 4.283434078060372 79
1694397608768 4.668849135653871 80
1694397609116 4.5399907053218085 81
1694397609522 4.107498887545879 82
1694397609884 4.5526136170487765 83
1694397610229 4.253715726523427 84
1694397610540 4.411080474766785 85
1694397610872 5.119311139409727 86
1694397611176 4.189464845181237 87
1694397611518 4.6768951329867035 88
1694397611860 4.621129763192661 89
1694397612171 4.5433240565850035 90
1694397612528 4.750130136121493 91
1694397612899 4.810176036679559 92
1694397613235 3.9393628304019286 93
1694397613583 4.694843896658206 94
1694397613939 4.339748110392718 95
1694397614268 4.311791196227755 96
1694397614615 4.024913752173326 97
1694397614972 4.787893140568867 98
1694397615298 3.905293586787791 99
