1694397583760 -5.174651580245763 0
1694397584067 -5.407454573578603 1
1694397584383 -5.245998057350137 2
1694397584698 -6.688026451982118 3
1694397584986 -6.252367242915931 4
1694397585288 -5.299036277611981 5
1694397585623 -5.69674426220827 6
1694397585942 -5.917759397626155 7
1694397586273 -5.23274256475864 8
1694397586620 -4.923622194064454 9
1694397586999 -4.9207773444309 10
1694397587375 -5.7297140863488965 11
1694397587760 -5.912018584504745 12
1694397588078 -5.650288580372369 13
1694397588386 -5.887551005196924 14
1694397588685 -6.124096333611888 15
1694397589045 -5.870603182466903 16
1694397589379 -6.355014486484508 17
1694397589642 -6.047265951903323 18
1694397589934 -5.098155062619889 19
1694397590188 -6.19799674699067 20
1694397590444 -5.267330038071124 21
1694397590709 -4.993194981160493 22
1694397590999 -5.84354942793828 23
1694397591266 -5.477237825388459 24
1694397591572 -5.046519398752136 25
1694397591962 -4.917327944689436 26
1694397592321 -6.226992592441178 27
1694397592624 -4.773138593429038 28
1694397592953 -6.276619288905703 29
1694397593305 -4.927505420476181 30
1694397593661 -5.761631247835234 31
1694397593985 -4.894323172845217 32
1694397594308 -6.139609737860575 33
1694397594680 -6.242037989681793 34
1694397595055 -5.284839630305396 35
1694397595435 -5.143879003156004 36
1694397595814 -5.4411788331764575 37
1694397594994 -5.889370919355216 38
1694397595357 -6.252728379893925 39
1694397595728 -5.40439754255878 40
1694397596137 -5.755224477941621 41
1694397596453 -5.928295011499694 42
1694397596773 -6.076164167908797 43
1694397597106 -5.410843008615525 44
1694397597435 -5.003454250314449 45
1694397597760 -6.2650708827191 46
1694397598150 -5.2563130159506 47
1694397598477 -5.983500917278001 48
1694397598848 -5.253323262459944 49
1694397599153 -5.494139783723888 50
1694397599511 -5.254673380281792 51
1694397599861 -5.6979769769158635 52
1694397600184 -4.733242991170865 53
1694397600501 -5.341472663823381 54
1694397600826 -6.455772044519669 55
1694397601180 -5.981014810035835 56
1694397601529 -5.3357178005025325 57
1694397601868 -4.328892784374599 58
1694397602215 -4.828377906279847 59
1694397602565 -5.897809538232335 60
1694397602892 -5.477303749461165 61
1694397603259 -5.419116474596517 62
1694397603592 -5.149120241244427 63
1694397603975 -6.738315182712097 64
1694397604295 -5.379930165044438 65
1694397604666 -5.141984223929555 66
1694397604991 -5.942676252390427 67
1694397605296 -5.632549370803529 68
1694397605620 -5.281369415271434 69
1694397605912 -5.781315930376073 70
1694397606178 -4.790034630939115 71
1694397606434 -5.643385680971673 72
1694397606658 -6.688223835904214 73
1694397606933 -5.165373690752533 74
1694397607186 -6.575215582193123 75
1694397607504 -5.777884551322831 76
1694397607765 -6.485847103419777 77
1694397608126 -5.819448676281213 78
1694397608559 -5.0610153726833405 79
1694397608890 -5.606373733840991 80
1694397609276 -5.424040373992451 81
1694397609670 -4.812068879082305 82
1694397610003 -5.441901664870499 83
1694397610350 -5.018964209473238 84
1694397610645 -5.24163371735868 85
1694397610967 -6.243772857959249 86
1694397611300 -4.928049870084173 87
1694397611635 -5.617758737703347 88
1694397611957 -5.538851310292181 89
1694397612295 -5.428757031907711 90
1694397612653 -5.72138551746214 91
1694397613019 -5.806349852086347 92
1694397613357 -4.5741580793640315 93
1694397613715 -5.643156054564331 94
1694397614051 -5.140699151969771 95
1694397614387 -5.101140404609906 96
1694397614775 -4.6952117579205765 97
1694397615086 -5.77481978219066 98
1694397615404 -4.525950448403014 99
