1694397583533 0.032179591226916895 0
1694397583882 1.0181871190315739 1
1694397584189 11.274044705143702 2
1694397584501 0.03531002894589024 3
1694397584803 4.229042678543861 4
1694397585111 0.032932953497702463 5
1694397585402 1.2085365502293388 6
1694397585753 0.0003774956081862464 7
1694397586061 2.310405733622996 8
1694397586395 0.3202507607315924 9
1694397586754 10.691424489942463 10
1694397587149 3.6255482252583344 11
1694397587500 0.03135921411419757 12
1694397587876 0.02094147839739607 13
1694397588183 0.8375490835509308 14
1694397588493 0.8117782028110933 15
1694397588808 5.547777613350921 16
1694397589186 5.114333938088209 17
1694397589478 4.209198120406167 18
1694397589749 0.43556089289758293 19
1694397590032 0.003331523386541044 20
1694397590289 14.892079376701556 21
1694397590547 3.5278239401107645 22
1694397590810 5.560936860011559 23
1694397591096 0.8749073650648904 24
1694397591364 5.102807183377342 25
1694397591699 22.7121686407167 26
1694397592096 0.14119703165815328 27
1694397592425 62.85523620194073 28
1694397592751 1.5215065954693796 29
1694397593078 1.1266243685539807 30
1694397593425 0.7494456131798795 31
1694397593767 3.260136346623509 32
1694397594103 0.30053385204092575 33
1694397594439 3.2170402860151637e-06 34
1694397594814 1.9366909701573831 35
1694397595188 1.2401121094368095 36
1694397595551 0.0004076586423630914 37
1694397594819 3.0959889716326154 38
1694397595145 2.4562155039443248 39
1694397595466 2.388556119311327 40
1694397595899 4.627108460832918 41
1694397596249 0.020582373276635115 42
1694397596577 0.7577570263584635 43
1694397596885 2.4629273087001264 44
1694397597222 1.9977707007971284 45
1694397597553 0.9444547958979373 46
1694397597886 1.8217281130067762 47
1694397598284 1.4427130143467235 48
1694397598636 0.4086303480224593 49
1694397598962 0.005863085559644969 50
1694397599302 0.17839350868677922 51
1694397599634 0.6878522066868638 52
1694397599978 6.605169493925139 53
1694397600298 2.046833976975171 54
1694397600626 24.55496347035023 55
1694397600965 4.08401642847271 56
1694397601303 3.762520450375019 57
1694397601658 0.6364389172602699 58
1694397601992 0.6217101684043348 59
1694397602345 0.5701848142709579 60
1694397602688 0.36628231321055754 61
1694397603002 5.744490349801325 62
1694397603372 33.088094398046834 63
1694397603715 0.8073171125427431 64
1694397604104 0.11853096992914301 65
1694397604434 1.6934902666671106 66
1694397604782 0.02608039403884402 67
1694397605105 3.9540657111548523 68
1694397605423 17.99620787159119 69
1694397605754 0.009087428933689587 70
1694397606015 0.5047263286755332 71
1694397606276 7.141948434156831 72
1694397606529 0.4704662285272651 73
1694397606773 0.41213299824591915 74
1694397607036 1.3146743447838793 75
1694397607295 3.4254579909935403 76
1694397607601 0.5213461956608719 77
1694397607889 2.217572936218486 78
1694397608255 0.20548622291001037 79
1694397608673 6.122194744521059 80
1694397609020 0.04735717379574254 81
1694397609410 1.7915584344953144 82
1694397609791 2.421556092223853 83
1694397610133 0.19476322404474425 84
1694397610460 4.720975075779716 85
1694397610769 2.430464938883345 86
1694397611093 2.476669334743642 87
1694397611419 0.9388940303886321 88
1694397611752 0.1461076946937132 89
1694397612061 3.037985960889917 90
1694397612424 0.03771508850320355 91
1694397612794 0.1374454694207632 92
1694397613137 2.9964836000663806 93
1694397613490 0.011156668300202522 94
1694397613842 0.7047967110290175 95
1694397614173 0.7043747544338395 96
1694397614513 2.7568793915046084 97
1694397614886 2.677283344328158 98
1694397615194 1.9992311054637881 99
