1694491898628 169.58737247084122 0
1694491898959 169.5268370576803 1
1694491899296 169.46632540339414 2
1694491899731 169.40583765302188 3
1694491900097 169.34537379679387 4
1694491900515 169.28493382494796 5
1694491900938 169.2245177277262 6
1694491901308 169.16412549537466 7
1694491901682 169.10375711814348 8
1694491902054 169.0434125862868 9
1694491902433 168.98309189006278 10
1694491902855 168.92279501973374 11
1694491903277 168.862521965566 12
1694491903653 168.80227271782988 13
1694491904050 168.74204726679983 14
1694491904478 168.68184560275427 15
1694491904867 168.62166771597563 16
1694491905308 168.56151359675053 17
1694491905763 168.50138323536942 18
1694491906163 168.44127662212696 19
1694491906572 168.38119374732173 20
1694491907028 168.32113460125643 21
1694491907451 168.26109917423773 22
1694491907857 168.20108745657632 23
1694491908230 168.141099438587 24
1694491908629 168.08113511058846 25
1694491909013 168.0211944629035 26
1694491909396 167.961277485859 27
1694491909797 167.9013841697857 28
1694491910156 167.84151450501858 29
1694491910546 167.7816684818963 30
1694491910963 167.72184609076194 31
1694491911365 167.66204732196226 32
1694491911743 167.60227216584818 33
1694491912129 167.54252061277467 34
1694491912574 167.4827926531006 35
1694491912948 167.42308827718895 36
1694491913361 167.3634074754066 37
1694491913758 167.3037502381245 38
1694491914130 167.24411655571757 39
1694491914470 167.18450641856478 40
1694491914848 167.12491981704906 41
1694491915220 167.06535674155728 42
1694491915554 167.0058171824804 43
1694491915919 166.94630113021333 44
1694491916406 166.88680857515504 45
1694491916797 166.82733950770836 46
1694491917195 166.76789391828015 47
1694491917631 166.70847179728133 48
1694491917978 166.6490731351268 49
