1694491898742 -236.60515148335256 0
1694491899062 -236.52033664245582 1
1694491899436 -236.43555508959793 2
1694491899868 -236.35080702799 3
1694491900235 -236.26609244394396 4
1694491900685 -236.18141132378233 5
1694491901059 -236.0967636538335 6
1694491901429 -236.01214942043134 7
1694491901805 -235.92756860991557 8
1694491902171 -235.8430212086315 9
1694491902600 -235.75850720293013 10
1694491902989 -235.6740265791681 11
1694491903395 -235.58957932370777 12
1694491903788 -235.50516542291712 13
1694491904231 -235.4207848631699 14
1694491904602 -235.3364376308454 15
1694491904981 -235.25212371232863 16
1694491905498 -235.16784309401027 17
1694491905905 -235.08359576228654 18
1694491906306 -234.99938170355946 19
1694491906746 -234.91520090423666 20
1694491907151 -234.8310533507314 21
1694491907601 -234.74693902946257 22
1694491907982 -234.66285792685474 23
1694491908362 -234.57881002933811 24
1694491908761 -234.4947953233485 25
1694491909135 -234.41081379532736 26
1694491909532 -234.32686543172184 27
1694491909912 -234.24295021898465 28
1694491910291 -234.15906814357425 29
1694491910699 -234.0752191919544 30
1694491911089 -233.99140335059496 31
1694491911498 -233.90762060597106 32
1694491911868 -233.82387094456354 33
1694491912247 -233.74015435285892 34
1694491912722 -233.65647081734932 35
1694491913080 -233.5728203245324 36
1694491913470 -233.48920286091155 37
1694491913902 -233.40561841299558 38
1694491914251 -233.3220669672991 39
1694491914574 -233.2385485103422 40
1694491914971 -233.15506302865072 41
1694491915333 -233.0716105087559 42
1694491915671 -232.98819093719464 43
1694491916065 -232.90480430050954 44
1694491916541 -232.82145058524875 45
1694491916937 -232.73812977796595 46
1694491917345 -232.65484186522036 47
1694491917744 -232.57158683357693 48
1694491918116 -232.48836466960614 49
