1694491898488 168.87672819721146 0
1694491898833 168.80899981546904 1
1694491899165 168.74807208981102 2
1694491899546 168.68716840439865 3
1694491899958 168.62628890562942 4
1694491900350 168.56543358358903 5
1694491900796 168.5046024283709 6
1694491901179 168.44379543007267 7
1694491901542 168.38301257879607 8
1694491901895 168.32225386464702 9
1694491902304 168.26151927773537 10
1694491902705 168.20080880817525 11
1694491903129 168.14012244608486 12
1694491903509 168.07946018158657 13
1694491903911 168.01882200480676 14
1694491904344 167.95820790587595 15
1694491904734 167.89761787492878 16
1694491905100 167.83705190210404 17
1694491905601 167.77650997754458 18
1694491906017 167.71599209139734 19
1694491906417 167.65549823381335 20
1694491906872 167.5950283949478 21
1694491907290 167.53458256495998 22
1694491907725 167.47416073401322 23
1694491908094 167.413762892275 24
1694491908481 167.35338902991674 25
1694491908902 167.29303913711422 26
1694491909261 167.23271320404706 27
1694491909664 167.17241122089914 28
1694491910016 167.1121331778583 29
1694491910414 167.05187906511654 30
1694491910811 166.99164887286994 31
1694491911197 166.93144259131859 32
1694491911596 166.87126021066678 33
1694491911998 166.81110172112275 34
1694491912401 166.75096711289893 35
1694491912819 166.6908563762117 36
1694491913224 166.63076950128163 37
1694491913599 166.57070647833334 38
1694491914022 166.51066729759538 39
1694491914364 166.45065194930058 40
1694491914695 166.39066042368572 41
1694491915080 166.33069271099157 42
1694491915430 166.27074880146313 43
1694491915795 166.21082868534936 44
1694491916186 166.15093235290334 45
1694491916652 166.09105979438206 46
1694491917072 166.03121100004677 47
1694491917498 165.9713859601626 48
1694491917851 165.91158466499886 49
