1694491522851 163.9169152795723 0
1694491523276 158.95880126242474 1
1694491523690 154.16656692351327 2
1694491524073 149.53311096403678 3
1694491524427 145.05333392154327 4
1694491524822 140.72332670236256 5
1694491525162 136.53687183627653 6
1694491525522 132.4890922814035 7
1694491525887 128.5751559118272 8
1694491526252 124.78983949033517 9
1694491526654 121.1296900294082 10
1694491527043 117.5909584479413 11
1694491527373 114.16731884652218 12
1694491527734 110.8570869784122 13
1694491528069 107.65499761425822 14
1694491528460 104.55764342322193 15
1694491528808 101.5615145791956 16
1694491529199 98.66352607711487 17
1694491529499 95.86058377325683 18
1694491529881 93.14890260083428 19
1694491530220 90.52561926624904 20
1694491530562 87.98773123913026 21
1694491530900 85.53198651315064 22
1694491531266 83.1559132468356 23
1694491531683 80.85649074632501 24
1694491532087 78.6315323904126 25
1694491532435 76.47823706674876 26
1694491532823 74.39389979202635 27
1694491533216 72.37705791071305 28
1694491533572 70.42493269383202 29
1694491533969 68.53496634353746 30
1694491534394 66.70580324918821 31
1694491534789 64.9350924857114 32
1694491535229 63.220659752729 33
1694491535650 61.560931476136716 34
1694491536077 59.95399471634257 35
1694491536476 58.39746202313012 36
1694491536874 56.89046465141976 37
1694491537294 55.431081147725436 38
1694491537773 54.017792641198234 39
1694491538159 52.649099295845616 40
1694491538562 51.32314313759099 41
1694491538971 50.03863386773107 42
1694491539383 48.794324052674526 43
1694491539775 47.58902234363842 44
1694491540135 46.42096823603801 45
1694491540534 45.28987632902904 46
1694491540917 44.19347122071854 47
1694491541308 43.13116578689159 48
1694491541708 42.101508972155344 49
