1694491523018 -230.94075716981715 0
1694491523422 -223.92507658974955 1
1694491523815 -217.14411405634317 2
1694491524220 -210.58782130448762 3
1694491524562 -204.24898264701446 4
1694491524942 -198.12206675639612 5
1694491525293 -192.19827597591973 6
1694491525635 -186.47070934124696 7
1694491526018 -180.93252944367092 8
1694491526404 -175.57634545600396 9
1694491526798 -170.3972714362533 10
1694491527184 -165.39000247303323 11
1694491527517 -160.54558748343098 12
1694491527858 -155.86164327555232 13
1694491528194 -151.33071960376063 14
1694491528596 -146.94799512979907 15
1694491528938 -142.70850348565392 16
1694491529313 -138.607879420739 17
1694491529635 -134.64174475335997 18
1694491530021 -130.80474365275907 19
1694491530350 -127.09282458780527 20
1694491530689 -123.50173900875946 21
1694491531045 -120.02688535995804 22
1694491531434 -116.66476601101766 23
1694491531868 -113.41110671104785 24
1694491532224 -110.26281341342536 25
1694491532568 -107.21592257284925 26
1694491532968 -104.26660666562978 27
1694491533354 -101.4127960491613 28
1694491533728 -98.65055885038633 29
1694491534174 -95.9762758115362 30
1694491534534 -93.38802875743046 31
1694491534941 -90.88249115315651 32
1694491535392 -88.45658638593684 33
1694491535779 -86.10808786452193 34
1694491536227 -83.83428879897109 35
1694491536633 -81.63181097166743 36
1694491537019 -79.49942511721629 37
1694491537427 -77.43441239860405 38
1694491537909 -75.43462362912756 39
1694491538299 -73.49793655621058 40
1694491538713 -71.62172216555405 41
1694491539117 -69.80415469770111 42
1694491539518 -68.04346904688946 43
1694491539918 -66.33797946678662 44
1694491540272 -64.68519486142677 45
1694491540678 -63.084711391536786 46
1694491541038 -61.53330938673048 47
1694491541434 -60.03015807225391 48
1694491541846 -58.57320421958004 49
