1694491522725 166.73549296665163 0
1694491523155 162.5709883742897 1
1694491523547 145.69487764013235 2
1694491523935 150.6816705802557 3
1694491524322 137.6638077952774 4
1694491524695 136.78429078090147 5
1694491525050 137.40624135484825 6
1694491525409 125.35061086379731 7
1694491525762 125.82085733593748 8
1694491526138 127.11102808311922 9
1694491526523 126.49351571500503 10
1694491526932 124.02136331976826 11
1694491527279 115.20121256952007 12
1694491527625 122.60729710433156 13
1694491527958 101.99824178235485 14
1694491528319 104.77649137046707 15
1694491528699 99.90329645321515 16
1694491529056 99.21394845517896 17
1694491529403 87.69234329429722 18
1694491529754 85.9387687464706 19
1694491530118 89.87412339994805 20
1694491530458 83.46178501911965 21
1694491530791 88.37419305584869 22
1694491531152 80.23371115551821 23
1694491531545 86.70170534480431 24
1694491531974 76.94116887496364 25
1694491532314 73.89685689764953 26
1694491532678 70.53739271099857 27
1694491533099 68.28869391244089 28
1694491533456 68.8321573837253 29
1694491533845 67.1107588757562 30
1694491534284 64.57034455059102 31
1694491534659 64.44190021783736 32
1694491535078 66.43104012517999 33
1694491535524 58.17868498670105 34
1694491535915 59.23485331731046 35
1694491536342 61.26683676910845 36
1694491536741 57.35820748547072 37
1694491537147 55.56449297464191 38
1694491537579 56.33972881395898 39
1694491538033 50.8576531049764 40
1694491538409 48.69753131543902 41
1694491538855 51.59769868587907 42
1694491539246 56.86927378430905 43
1694491539634 48.21244257351643 44
1694491540028 53.889012546781856 45
1694491540396 36.10494385624936 46
1694491540782 43.76552961437247 47
1694491541171 38.77845375667519 48
1694491541553 47.60599343260074 49
