1694491919827 168.98455732222033 0
1694491920253 168.92394284202103 1
1694491920620 168.86335212658082 2
1694491921014 168.80278532101067 3
1694491921423 168.74224241556917 4
1694491921789 168.68172340052254 5
1694491922144 168.621228266141 6
1694491922546 168.5607570026988 7
1694491922903 168.50030960047425 8
1694491923231 168.43988604974965 9
1694491923633 168.3794863408114 10
1694491924013 168.31911046394973 11
1694491924368 168.25875840945906 12
1694491924724 168.1984301676378 13
1694491925060 168.13812572878837 14
1694491925394 168.07784508321714 15
1694491925867 168.0175882212345 16
1694491926305 167.95735513315495 17
1694491926736 167.8971458092969 18
1694491927122 167.83696023998283 19
1694491927535 167.77679841553913 20
1694491927883 167.71666032629633 21
1694491928352 167.65654596258884 22
1694491928783 167.5964553147551 23
1694491929176 167.53638837313758 24
1694491929573 167.47634512808278 25
1694491930037 167.4163255699411 26
1694491930483 167.35632968906697 27
1694491930877 167.29635747581884 28
1694491931364 167.23640892055911 29
1694491931817 167.17648401365423 30
1694491932223 167.11658274547452 31
1694491932642 167.05670510639433 32
1694491932989 166.99685108679216 33
1694491933333 166.93702067705027 34
1694491933718 166.87721386755496 35
1694491934066 166.81743064869656 36
1694491934471 166.75767101086933 37
1694491934885 166.6979349444715 38
1694491935285 166.63822243990535 39
1694491935702 166.578533487577 40
1694491936120 166.51886807789668 41
1694491936528 166.4592262012785 42
1694491937005 166.39960784814053 43
1694491937373 166.3400130089048 44
1694491937750 166.28044167399747 45
1694491938120 166.22089383384838 46
1694491938518 166.16136947889157 47
1694491938910 166.10186859956488 48
1694491939313 166.0423911863102 49
