1694491919965 -238.11141878477412 0
1694491920391 -238.0256499157779 1
1694491920728 -237.93991467367255 2
1694491921160 -237.85421326378852 3
1694491921546 -237.76854567234187 4
1694491921912 -237.68291188555943 5
1694491922277 -237.59731188967365 6
1694491922681 -237.51174567092266 7
1694491923009 -237.42621321555035 8
1694491923363 -237.34071450980636 9
1694491923759 -237.255249539946 10
1694491924123 -237.16981829223002 11
1694491924477 -237.08442075292518 12
1694491924843 -236.99905690830374 13
1694491925174 -236.9137267446438 14
1694491925532 -236.82843024822893 15
1694491925991 -236.7431674053485 16
1694491926481 -236.65793820229754 17
1694491926877 -236.57274262537675 18
1694491927250 -236.48758066089252 19
1694491927647 -236.40245229515685 20
1694491928057 -236.31735751448744 21
1694491928504 -236.23229630520763 22
1694491928912 -236.14726865364642 23
1694491929291 -236.06227454613847 24
1694491929713 -235.9773139690242 25
1694491930209 -235.8923869086495 26
1694491930605 -235.80749335136602 27
1694491931016 -235.72263328353108 28
1694491931514 -235.63780669150756 29
1694491931971 -235.55301356166402 30
1694491932391 -235.46825388037462 31
1694491932766 -235.38352763401923 32
1694491933100 -235.2988348089834 33
1694491933478 -235.21417539165816 34
1694491933850 -235.1295493684403 35
1694491934199 -235.04495672573213 36
1694491934606 -234.9603974499417 37
1694491935017 -234.87587152748264 38
1694491935420 -234.79137894477412 39
1694491935865 -234.70691968824104 40
1694491936231 -234.6224937443139 41
1694491936679 -234.5381010994288 42
1694491937112 -234.4537417400274 43
1694491937495 -234.369415652557 44
1694491937881 -234.28512282347063 45
1694491938247 -234.20086323922666 46
1694491938654 -234.1166368862894 47
1694491939086 -234.0324437511284 48
1694491939435 -233.9482838202191 49
