1694491919653 169.17813275916612 0
1694491920076 169.1105505899712 1
1694491920495 169.0497542478816 2
1694491920833 168.98898176610413 3
1694491921267 168.9282332900361 4
1694491921648 168.86750880989774 5
1694491922012 168.8068083159169 6
1694491922377 168.74613179832542 7
1694491922779 168.6854792473593 8
1694491923103 168.6248506532585 9
1694491923466 168.56424600626704 10
1694491923868 168.5036652966329 11
1694491924230 168.44310851460824 12
1694491924568 168.3825756504491 13
1694491924936 168.3220666944157 14
1694491925266 168.2615816367721 15
1694491925660 168.20112046778655 16
1694491926136 168.14068317773123 17
1694491926579 168.08026975688247 18
1694491926987 168.01988019552041 19
1694491927399 167.9595144839294 20
1694491927765 167.89917261239773 21
1694491928212 167.8388545712177 22
1694491928634 167.7785603506856 23
1694491929023 167.7182899411018 24
1694491929453 167.65804333277066 25
1694491929915 167.59782051600055 26
1694491930325 167.53762148110377 27
1694491930725 167.47744621839675 28
1694491931165 167.4172947181998 29
1694491931631 167.3571669708374 30
1694491932074 167.29706296663787 31
1694491932506 167.2369826959336 32
1694491932869 167.17692614906093 33
1694491933197 167.1168933163603 34
1694491933582 167.05688418817596 35
1694491933948 166.9968987548564 36
1694491934355 166.9369370067539 37
1694491934707 166.8769989342248 38
1694491935135 166.81708452762948 39
1694491935529 166.75719377733213 40
1694491935976 166.6973266737012 41
1694491936391 166.63748320710883 42
1694491936827 166.57766336793142 43
1694491937220 166.51786714654907 44
1694491937625 166.45809453334607 45
1694491938004 166.39834551871058 46
1694491938386 166.33862009303485 47
1694491938774 166.2789182467149 48
1694491939179 166.2192399701509 49
