1694494185646 163.96301704770846 0
1694494186014 158.96732421524322 1
1694494186384 154.1312571571199 2
1694494186743 149.4477100950764 3
1694494187159 144.91459072287154 4
1694494187592 140.52384794340625 5
1694494187919 136.27354242263644 6
1694494188318 132.15793227660683 7
1694494188747 128.17346156591094 8
1694494189127 124.31482770797282 9
1694494189512 120.57845171542795 10
1694494189937 116.96104344290242 11
1694494190305 113.45743141464155 12
1694494190732 110.06514879674594 13
1694494191075 106.78013135669654 14
1694494191503 103.59905151989575 15
1694494191866 100.51842979897958 16
1694494192333 97.53632392339048 17
1694494192828 94.64830388348098 18
1694494193249 91.85205520533661 19
1694494193610 89.14431712838564 20
1694494193953 86.52134790374966 21
1694494194365 83.98179387140631 22
1694494194759 81.52173966386151 23
1694494195172 79.13992516490475 24
1694494195552 76.83306558782463 25
1694494195949 74.59930625612103 26
1694494196312 72.43567415021094 27
1694494196639 70.34025563683798 28
1694494196978 68.31067905681537 29
1694494197326 66.34534211537873 30
1694494197734 64.44138074793175 31
1694494198133 62.59796204804205 32
1694494198532 60.81154450242861 33
1694494198880 59.081728061973166 34
1694494199262 57.40633003985058 35
1694494199711 55.78348916596952 36
1694494200056 54.21163354913857 37
1694494200452 52.68876376675297 38
1694494200857 51.214164199388755 39
1694494201256 49.78543259916351 40
1694494201730 48.40141311453975 41
1694494202161 47.060596428315534 42
1694494202560 45.76171254744701 43
1694494202987 44.50378846145394 44
1694494203311 43.284772722074145 45
1694494203733 42.10439330479837 46
1694494204286 40.960408386183204 47
1694494204676 39.8522131953542 48
1694494205074 38.778459924608896 49
