1694494185781 -240.79238589554276 0
1694494186143 -233.42535575110747 1
1694494186523 -226.29372196326227 2
1694494186902 -219.38700580875252 3
1694494187296 -212.7021218130171 4
1694494187724 -206.22719721345555 5
1694494188054 -199.95937211999015 6
1694494188500 -193.89017911206412 7
1694494188875 -188.0143743298812 8
1694494189267 -182.32413818024565 9
1694494189679 -176.8141928150821 10
1694494190073 -171.47968633477186 11
1694494190451 -166.31299248624975 12
1694494190862 -161.31047348786922 13
1694494191205 -156.46613591199443 14
1694494191642 -151.77507266301515 15
1694494192037 -147.2321526231551 16
1694494192481 -142.83451157192948 17
1694494192969 -138.57561667881663 18
1694494193380 -134.4520548438386 19
1694494193727 -130.45901750044985 20
1694494194149 -126.59098678001747 21
1694494194494 -122.84596647210087 22
1694494194932 -119.21818267679812 23
1694494195313 -115.70577713051702 24
1694494195699 -112.30390583593183 25
1694494196097 -109.00983374544391 26
1694494196460 -105.81917661734303 27
1694494196770 -102.7291124618956 28
1694494197137 -99.7361438493542 29
1694494197465 -96.83790791350077 30
1694494197900 -94.03018108596872 31
1694494198316 -91.31173509932837 32
1694494198671 -88.67734736764952 33
1694494199019 -86.12642794795283 34
1694494199430 -83.65575808356616 35
1694494199833 -81.26259300347779 36
1694494200190 -78.94461467690016 37
1694494200615 -76.69887460257536 38
1694494201004 -74.52431747345287 39
1694494201418 -72.41740075135874 40
1694494201925 -70.37641992934981 41
1694494202326 -68.39914925302176 42
1694494202757 -66.48371589364976 43
1694494203127 -64.62868497567614 44
1694494203469 -62.83103127683565 45
1694494203932 -61.09035364901391 46
1694494204441 -59.40334612816551 47
1694494204841 -57.76911687297594 48
1694494205228 -56.185678303282465 49
