1694494185527 168.19372221220692 0
1694494185896 155.36479329777404 1
1694494186264 160.20447877162948 2
1694494186629 148.33276846970523 3
1694494187014 146.06928480902715 4
1694494187479 140.68323931159395 5
1694494187819 139.72884902998197 6
1694494188186 135.13421529000388 7
1694494188604 132.95684471182733 8
1694494188992 125.74791772996971 9
1694494189388 122.07788560489753 10
1694494189802 114.45912574559176 11
1694494190185 112.92378845759511 12
1694494190594 107.30528364880527 13
1694494190960 101.8805783421126 14
1694494191317 104.16706526926097 15
1694494191745 97.89395765773531 16
1694494192191 97.47342599393735 17
1694494192656 90.09665388857194 18
1694494193100 98.44770292265945 19
1694494193489 95.12102766690367 20
1694494193838 82.40470231466335 21
1694494194256 88.6440420765066 22
1694494194621 78.33480040175519 23
1694494195037 79.28368778659953 24
1694494195409 75.98993698793123 25
1694494195826 74.98286101941859 26
1694494196195 67.42674582439061 27
1694494196546 73.72964804437564 28
1694494196875 70.96106231624535 29
1694494197231 62.08058050260003 30
1694494197596 64.23122780612819 31
1694494198007 65.44426095469811 32
1694494198430 62.258862961708 33
1694494198786 66.959868868096 34
1694494199148 54.68637859774724 35
1694494199547 57.04748803856821 36
1694494199921 56.657747588956966 37
1694494200307 53.98568772801318 38
1694494200743 49.974476931384636 39
1694494201138 47.65517768979885 40
1694494201566 42.73219874894776 41
1694494202030 55.86613272609389 42
1694494202450 42.32155163498419 43
1694494202863 37.46920391355381 44
1694494203219 39.479900105532764 45
1694494203585 38.58645969864632 46
1694494204104 42.279300954645095 47
1694494204550 34.550081846991965 48
1694494204950 37.455299705182235 49
