1694510388739 121.45520538482087 0
1694510389031 87.7379471958477 1
1694510389340 64.07949455457853 2
1694510389650 47.412985877343345 3
1694510389940 35.63073896976072 4
1694510390228 27.263221550850556 5
1694510390507 21.279809537448564 6
1694510390782 16.9861420075463 7
1694510391052 13.876172576703684 8
1694510391348 11.599891743648525 9
1694510391622 9.917863427326104 10
1694510391898 8.662456487671882 11
1694510392189 7.711527871491075 12
1694510392503 6.976927839200902 13
1694510392818 6.405551997991487 14
1694510393137 5.9521184100851166 15
1694510393478 5.586909544443517 16
1694510393814 5.287933056843523 17
1694510394144 5.039534653327668 18
1694510394457 4.830408709073789 19
1694510394790 4.650053742051921 20
1694510395110 4.4947156832877235 21
1694510395423 4.357545171242539 22
1694510395780 4.235827560583965 23
1694510396129 4.127892019497482 24
1694510396473 4.029696995299059 25
1694510396810 3.940506208603501 26
1694510397167 3.8589797198974596 27
1694510397494 3.7842239319013684 28
1694510397832 3.714671039694013 29
1694510398187 3.650497709385642 30
1694510398555 3.590844131874443 31
1694510398881 3.534641461500367 32
1694510399235 3.481630827599859 33
1694510399559 3.43178657486541 34
1694510399903 3.3850051383232196 35
1694510400259 3.3406312522393646 36
1694510400588 3.298503006824743 37
1694510400924 3.2576991144338385 38
1694510401261 3.219229233069205 39
1694510401601 3.1821831115022277 40
1694510401924 3.1464701144682876 41
1694510402283 3.112524742512732 42
1694510402628 3.0798196333887002 43
1694510402954 3.04831385057003 44
1694510403286 3.0178994861973107 45
1694510403627 2.988203874031298 46
1694510404002 2.959517328850596 47
1694510404369 2.9314127354698685 48
1694510404741 2.9040764148597593 49
