1694510388859 -169.16822687587756 0
1694510389148 -121.92771525717343 1
1694510389487 -88.78037567764773 2
1694510389754 -65.42929557506541 3
1694510390048 -48.92144761149264 4
1694510390335 -37.197902309193765 5
1694510390619 -28.814674848811144 6
1694510390896 -22.798911357711635 7
1694510391180 -18.44160133540435 8
1694510391461 -15.252354139244641 9
1694510391740 -12.895701122713032 10
1694510392024 -11.136777968684676 11
1694510392319 -9.80445272178963 12
1694510392648 -8.775220713480797 13
1694510392964 -7.974678542642964 14
1694510393283 -7.339382678496845 15
1694510393623 -6.8276965394905 16
1694510393967 -6.408807134040388 17
1694510394280 -6.060781573907628 18
1694510394593 -5.767779795888538 19
1694510394931 -5.5150884036248 20
1694510395244 -5.29744765333755 21
1694510395575 -5.105261054661702 22
1694510395942 -4.934725177506727 23
1694510396279 -4.78349905602943 24
1694510396616 -4.645920159324786 25
1694510396971 -4.5209569024799325 26
1694510397312 -4.406731925604161 27
1694510397636 -4.301993229130031 28
1694510397964 -4.204544195936976 29
1694510398365 -4.114632349040867 30
1694510398697 -4.031053028749732 31
1694510399056 -3.9523086988303726 32
1694510399377 -3.8780366612685873 33
1694510399701 -3.8082009709751983 34
1694510400061 -3.742656525334782 35
1694510400407 -3.68048524588606 36
1694510400733 -3.621460284371368 37
1694510401067 -3.564290844858304 38
1694510401420 -3.5103915370501007 39
1694510401735 -3.458487027896237 40
1694510402081 -3.408450330313504 41
1694510402439 -3.3608902134949865 42
1694510402772 -3.315067801752442 43
1694510403095 -3.270925739816086 44
1694510403422 -3.2283128403486314 45
1694510403797 -3.186706968848325 46
1694510404170 -3.1465148789899446 47
1694510404514 -3.107138149046482 48
1694510404883 -3.068837829247145 49
