1694510388660 119.73456859634051 0
1694510388944 76.18773055324634 1
1694510389237 61.23080581182704 2
1694510389565 50.35740359877149 3
1694510389840 34.54198903788889 4
1694510390136 24.097774264169335 5
1694510390425 28.777196490291367 6
1694510390693 16.36623536788222 7
1694510390973 9.049038914085527 8
1694510391262 10.378957274214605 9
1694510391541 7.52056390758655 10
1694510391821 5.19369511577443 11
1694510392102 3.0852695065191837 12
1694510392413 10.94126829573485 13
1694510392729 5.480673311552304 14
1694510393052 6.160968942420586 15
1694510393386 3.491732578772451 16
1694510393722 7.112997264560055 17
1694510394058 5.955538464443588 18
1694510394372 3.5965413589789326 19
1694510394683 4.367369526487057 20
1694510395024 2.9155661221174984 21
1694510395337 6.706877015030126 22
1694510395680 4.605223928272853 23
1694510396039 2.210361470150519 24
1694510396381 4.344851936983656 25
1694510396716 4.849408725138433 26
1694510397074 3.6379061103792942 27
1694510397405 2.749015524348584 28
1694510397733 5.203046677992323 29
1694510398083 3.5892574159415744 30
1694510398468 2.714428629232764 31
1694510398791 2.6670434973130908 32
1694510399151 4.838143464842087 33
1694510399470 5.920580992059702 34
1694510399804 3.5220514051685115 35
1694510400159 2.585104124133975 36
1694510400496 3.4734527943404645 37
1694510400831 4.992221178750249 38
1694510401165 2.581550559510098 39
1694510401507 1.700638057623156 40
1694510401831 2.967368259116188 41
1694510402180 2.092889319246911 42
1694510402540 2.4405698877087376 43
1694510402866 1.868992026067266 44
1694510403198 2.0628206455008224 45
1694510403524 2.814557330936764 46
1694510403897 2.1959016379061245 47
1694510404276 5.847850312779284 48
1694510404635 4.579505235788676 49
