1694507950287 36.32143195867322 0
1694507950685 13.124603307065373 1
1694507951107 7.873564114422159 2
1694507951509 6.231471523629093 3
1694507951902 5.570490780348631 4
1694507952296 5.243968826701797 5
1694507952706 5.0443727751737235 6
1694507953080 4.908354624888371 7
1694507953463 4.818904080691523 8
1694507953856 4.741233615183802 9
1694507954233 4.676442357794866 10
1694507954600 4.633125881041008 11
1694507954989 4.5924375901766155 12
1694507955384 4.569578965625463 13
1694507955785 4.535341264102265 14
1694507956160 4.510223166688291 15
1694507956509 4.485310594971596 16
1694507956897 4.465646889353245 17
1694507957284 4.441802962637786 18
1694507957628 4.4257962595095925 19
1694507958033 4.420535374139211 20
1694507958457 4.417447406620894 21
1694507958846 4.398215595223836 22
1694507959271 4.386447177117756 23
1694507959684 4.370433321642212 24
1694507960144 4.365478408330316 25
1694507974784 4.361859069819001 26
1694507976239 4.353917605775327 27
1694507976674 4.348091119710711 28
1694507977063 4.3480882760085535 29
