1694507950437 -52.562357234954014 0
1694507950839 -18.35454229062211 1
1694507951274 -10.61095890406627 2
1694507951646 -8.189403772071351 3
1694507952045 -7.214671092553209 4
1694507952475 -6.733156885013532 5
1694507952854 -6.438817305373689 6
1694507953227 -6.238234554002236 7
1694507953609 -6.106323950681749 8
1694507953997 -5.991785150976296 9
1694507954363 -5.896239015077342 10
1694507954732 -5.832361230614173 11
1694507955126 -5.772359169763764 12
1694507955530 -5.738650096412758 13
1694507955914 -5.688160567201029 14
1694507956281 -5.6511195026229455 15
1694507956647 -5.61438152193294 16
1694507957051 -5.585383920018692 17
1694507957410 -5.550221844854073 18
1694507957763 -5.5266171380770475 19
1694507958191 -5.518859034764901 20
1694507958592 -5.514305282051235 21
1694507958999 -5.485944584337099 22
1694507959436 -5.468589976308281 23
1694507959839 -5.444974722133666 24
1694507973669 -5.43766782858437 25
1694507975507 -5.43233047562654 26
1694507976366 -5.420619386301654 27
1694507976806 -5.412027205013964 28
1694507977220 -5.412023011473605 29
