1694507950173 36.49223690203082 0
1694507950581 3.82092846193342 1
1694507950996 0.8786808079522278 2
1694507951402 4.989260901227287 3
1694507951801 0.3279720463973164 4
1694507952198 6.509006073276656 5
1694507952604 3.709201274459075 6
1694507952983 0.7198329620565425 7
1694507953350 1.484172346963478 8
1694507953756 0.3695135743964468 9
1694507954142 0.14032462357763947 10
1694507954501 30.55386200659845 11
1694507954887 0.477794640856717 12
1694507955284 0.1555510198977975 13
1694507955698 1.8105444676543139 14
1694507956062 21.4267811020113 15
1694507956404 0.3423366510550275 16
1694507956794 8.77960746909861 17
1694507957183 2.7645799519474004 18
1694507957544 1.0627907715195133 19
1694507957932 7.496756476563872 20
1694507958351 3.2235533667892033 21
1694507958723 1.446717322431656 22
1694507959145 3.292883107221379 23
1694507959580 2.7735522412990616 24
1694507960021 0.18266919138887092 25
1694507974320 9.225508066519017 26
1694507976100 24.24034889304682 27
1694507976560 5.192873709596489 28
1694507976948 4.786477530815909 29
