1694507307216 4.995674905787983 0
1694507307633 5.09056460336356 1
1694507308032 4.2610039710892265 2
1694507308392 5.673811494120886 3
1694507308751 4.713023237185523 4
1694507309156 4.588997300762925 5
1694507309555 4.868973991816707 6
1694507309918 4.574786317331618 7
1694507310335 4.660741273194632 8
1694507310724 4.694661320710881 9
1694507311140 4.6116668332703075 10
1694507311511 4.928723131588106 11
1694507311872 5.2090488333394305 12
1694507312258 5.438625026527094 13
1694507312631 4.381907272495185 14
1694507313001 4.948434815795378 15
1694507313370 4.562700307430627 16
1694507313703 4.7856469463439435 17
1694507314070 4.49512237965529 18
1694507321146 5.008607557384182 19
1694507321553 4.842043663522436 20
1694507321899 5.246940262492047 21
1694507322294 4.458991493959161 22
1694507322673 9.549437031135376 23
1694507323058 6.8619431946004825 24
1694507323440 5.356131672727579 25
1694507323805 5.112127361721637 26
1694507324217 5.188227466465735 27
1694507324578 4.541997495582072 28
1694507324960 4.9079589682590035 29
1694507325326 4.258874425403444 30
1694507325697 4.803238536161637 31
1694507326107 3.893679163107579 32
1694507326533 3.8483860518261443 33
1694507326912 4.651044177032364 34
1694507327280 4.507086919055615 35
1694507327678 4.317421929970456 36
1694507328096 4.599317066589655 37
1694507328460 4.761689427222727 38
1694507328812 4.646719634270951 39
1694507329150 4.9139976735225686 40
1694507338120 4.308378553826833 41
1694507338530 4.303613488664855 42
1694507338992 4.543533563762143 43
1694507339358 4.496188989351882 44
1694507339757 4.319235962227753 45
1694507340125 5.540538098814244 46
1694507340510 4.980637673217 47
1694507340868 4.929491180795039 48
1694507341258 4.9840032644966525 49
