1694507307366 -5.999330642707072 0
1694507307760 -6.13227851870846 1
1694507308182 -4.969999294587222 2
1694507308521 -6.949452956943339 3
1694507308922 -5.603313583436594 4
1694507309295 -5.429543561634864 5
1694507309693 -5.821812768477372 6
1694507310087 -5.409632864147624 7
1694507310482 -5.530062469318184 8
1694507310865 -5.5775871046197105 9
1694507311289 -5.461305346884528 10
1694507311638 -5.905525978957263 11
1694507312003 -6.2982841770403954 12
1694507312405 -6.619938350724261 13
1694507312775 -5.139394260891918 14
1694507313133 -5.93314358776753 15
1694507313489 -5.392699420510196 16
1694507313844 -5.705065070970469 17
1694507314204 -5.298017466706408 18
1694507321290 -6.017450297471608 19
1694507321686 -5.784081275615444 20
1694507322040 -6.351373028129684 21
1694507322439 -5.247395274476072 22
1694507322811 -12.379506972158485 23
1694507323215 -8.614118247533694 24
1694507323576 -6.5043587203524655 25
1694507323954 -6.162489626949733 26
1694507324365 -6.2691118161621375 27
1694507324715 -5.363693164479824 28
1694507325093 -5.876433764711861 29
1694507325466 -4.96701563479057 30
1694507325847 -5.7297122619880945 31
1694507326258 -4.455348555133851 32
1694507326672 -4.391889369403333 33
1694507327055 -5.516476080372978 34
1694507327420 -5.314780720687075 35
1694507327840 -5.049045260516442 36
1694507328234 -5.444002359402691 37
1694507328588 -5.671498715899187 38
1694507328939 -5.510417058271564 39
1694507337892 -5.884894462333433 40
1694507338272 -5.036374784364711 41
1694507338723 -5.029698555980817 42
1694507339128 -5.365845315947808 43
1694507339504 -5.299511870180204 44
1694507339908 -5.051586861362136 45
1694507340271 -6.762726523134241 46
1694507340652 -5.978262305655426 47
1694507341006 -5.906602075871209 48
1694507341378 -5.982977761848784 49
