1694507307095 0.019727815673502926 0
1694507307529 15.794815294115248 1
1694507307924 0.010411779265902572 2
1694507308295 12.869854994667207 3
1694507308646 4.727175685997324 4
1694507309066 3.161436760643777 5
1694507309457 0.6429460718826174 6
1694507309825 1.9163688879557106 7
1694507310237 0.5261704767781776 8
1694507310629 0.09384284461066981 9
1694507311030 4.3391429026900505 10
1694507311422 25.217749018645318 11
1694507311767 9.567659236890441e-05 12
1694507312137 2.0256922727629045 13
1694507312535 25.82798119352952 14
1694507312901 3.63285678285652 15
1694507313260 0.8485020457195304 16
1694507313619 10.528570739456969 17
1694507313978 0.014464461741203473 18
1694507321041 2.5163832902660555 19
1694507321450 4.896888066203706 20
1694507321809 0.027259118517214114 21
1694507322191 4.879034549406057 22
1694507322565 7.090424864432843 23
1694507322942 0.1299020293032838 24
1694507323345 0.012620480868109239 25
1694507323707 0.08718427210481279 26
1694507324119 5.758069319064068 27
1694507324478 3.2307888492320727 28
1694507324852 3.238919093272962 29
1694507325223 0.007886357884518339 30
1694507325589 21.64542395266464 31
1694507326016 9.4602200383084 32
1694507326427 1.5038502076414446 33
1694507326804 0.9197648165938964 34
1694507327189 4.83114092382454 35
1694507327589 0.429929442237785 36
1694507327997 0.4140411165991127 37
1694507328369 3.9695660810565783 38
1694507328711 0.7284531663050562 39
1694507329064 1.8116055903205095 40
1694507338022 3.6002381711631286 41
1694507338431 0.9370852436597679 42
1694507338881 2.242216095476998 43
1694507339261 0.2561475608621384 44
1694507339637 0.07597813572167382 45
1694507340032 5.258715505441808 46
1694507340410 21.841859482159744 47
1694507340776 34.820188237630205 48
1694507341149 7.5222556503437135 49
