1694509205868 0.4161958489423443 0
1694509206198 0.31376762194343144 1
1694509206532 0.3136192368413475 2
1694509206908 0.3098139435252091 3
1694509207226 0.29878684416586493 4
1694509207536 0.3008173229629378 5
1694509207876 0.33796623213033755 6
1694509208180 0.30277686512975965 7
1694509208490 0.3427747473242056 8
1694509208837 0.33102440521747994 9
1694509209136 0.33049405029107387 10
1694509209479 0.31738727748125967 11
1694509209793 0.31457253542929814 12
1694509210110 0.3366089226646533 13
1694509210427 0.32949641267325086 14
1694509210732 0.29830407928226466 15
1694509211022 0.2909592142910214 16
1694509211311 0.3219982840665455 17
1694509211630 0.3141870895107921 18
1694509211952 0.3272924943523003 19
1694509212256 0.3257108636471606 20
1694509212565 0.32712923589295856 21
1694509212870 0.3467837569783268 22
1694509213151 0.33306111649160486 23
1694509213476 0.29734636423096095 24
1694509213788 0.30350589999794697 25
1694509214075 0.29813928867870493 26
1694509214364 0.315233985258631 27
1694509214653 0.3322605581973332 28
1694509214980 0.36339787089833425 29
1694509215287 0.32437976497850773 30
1694509215605 0.2981607157622885 31
1694509215901 0.33246345482430895 32
1694509216184 1.6224739739117289 33
1694509216483 0.3090892483301496 34
1694509216810 0.31701291457574254 35
1694509217131 0.2971648909609906 36
1694509217451 0.31091991306705835 37
1694509217758 0.32039102446359646 38
1694509218043 0.3455942849512326 39
1694509218363 0.28297475609948414 40
1694509218692 0.33234555771578017 41
1694509219030 0.2868347317711611 42
1694509219364 0.3144613985194495 43
1694509219646 0.6488454327030068 44
1694509219972 0.32232428907771876 45
1694509220324 0.29273346592547395 46
1694509220651 0.3193209090253091 47
1694509220973 0.300337779854312 48
1694509221275 0.3234118228687461 49
