1694509205999 0.38624581855364937 0
1694509206319 0.5372943039685713 1
1694509206683 0.5375131239714612 2
1694509207015 0.5431247000848342 3
1694509207345 0.5593861028792657 4
1694509207663 0.5563918037885647 5
1694509207979 0.5016091854717231 6
1694509208276 0.5535021132698734 7
1694509208622 0.49451818176689355 8
1694509208934 0.5118461335466987 9
1694509209269 0.5126282354214762 10
1694509209575 0.5319564834992343 11
1694509209902 0.5361073170754809 12
1694509210208 0.5036107776601062 13
1694509210554 0.5140994280368352 14
1694509210829 0.560098024842731 15
1694509211119 0.5709293236459032 16
1694509211412 0.5251567410712701 17
1694509211754 0.5366757250613021 18
1694509212039 0.5173494942940722 19
1694509212377 0.5196818877123398 20
1694509212656 0.5175902476853713 21
1694509212965 0.4886061899848311 22
1694509213272 0.5088426435693966 23
1694509213568 0.5615103445928331 24
1694509213895 0.552427022780847 25
1694509214165 0.5603410376508954 26
1694509214470 0.5351318926458483 27
1694509214757 0.5100232079643789 28
1694509215077 0.4641057488695638 29
1694509215408 0.5216448274578454 30
1694509215701 0.5603094396371742 31
1694509215982 0.5097240011041371 32
1694509216285 -1.3926240213754495 33
1694509216630 0.5441933909604691 34
1694509216921 0.5325085476277533 35
1694509217237 0.5617779589348504 36
1694509217552 0.5414937529415907 37
1694509217844 0.5275269288193859 38
1694509218167 0.4903602762694438 39
1694509218466 0.5827038154244563 40
1694509218845 0.5098978611835296 41
1694509219153 0.5770116005338145 42
1694509219465 0.5362712080496603 43
1694509219754 0.04316297616653009 44
1694509220106 0.5246759891865781 45
1694509220448 0.5683128766958662 46
1694509220752 0.5291050027635356 47
1694509221067 0.5570989746766233 48
1694509221396 0.5230722288093339 49
