1694509205773 0.002682103466040273 0
1694509206121 0.34501041564209606 1
1694509206444 0.06956363178436516 2
1694509206813 0.4361066541902637 3
1694509207138 0.11283394612111243 4
1694509207461 0.7590088556893938 5
1694509207781 1.468165644756337 6
1694509208101 0.13077699292072742 7
1694509208397 0.2860878106156226 8
1694509208738 0.2932598509948859 9
1694509209056 0.4055152512409478 10
1694509209395 0.017661657272663292 11
1694509209702 0.02894839713503689 12
1694509210024 2.0893685884466855 13
1694509210333 0.35852334987775153 14
1694509210659 0.0038585229003357327 15
1694509210939 0.2705513606674673 16
1694509211231 0.00034936832056755765 17
1694509211538 0.061885727317379825 18
1694509211863 0.5984283782797568 19
1694509212179 0.08474454120706845 20
1694509212481 0.4995921557653419 21
1694509212782 0.4302918876399202 22
1694509213074 0.09681933122704059 23
1694509213398 0.1323787885857613 24
1694509213686 0.0045447667073345134 25
1694509214007 0.0037375461804178087 26
1694509214283 0.4775385492423785 27
1694509214580 1.5614698028112088 28
1694509214897 0.00047578778823086624 29
1694509215193 0.20566205938673224 30
1694509215528 0.36585352906781815 31
1694509215813 0.1058419584973642 32
1694509216107 0.024605569259170314 33
1694509216410 0.025800656071155652 34
1694509216737 0.020837361264961145 35
1694509217053 0.4414593926750385 36
1694509217363 0.13456351031653327 37
1694509217675 0.05098406259537228 38
1694509217964 0.7347114460395496 39
1694509218288 0.2688933789106827 40
1694509218593 0.36487374745492335 41
1694509218953 0.003541142472430892 42
1694509219267 0.014706976943581928 43
1694509219575 0.9463738669786147 44
1694509219881 0.042971940339324104 45
1694509220228 0.3537039912422992 46
1694509220574 0.1868024133378926 47
1694509220881 7.011805654378236e-05 48
1694509221190 1.0966162753892672 49
