1694493387475 0.3958870508327883 0
1694493387857 0.6892035464348156 1
1694493388234 0.7159094481920274 2
1694493388614 0.6786671981151492 3
1694493389067 0.7048069048373635 4
1694493389464 0.7044432746814098 5
1694493389898 0.6050293175243935 6
1694493390366 0.6254371264930811 7
1694493390774 0.003177296554037423 8
1694493391245 0.7086798614246056 9
1694493391644 0.687613614453325 10
1694493392044 0.6964264647834135 11
1694493392460 0.7068899497331804 12
1694493392884 0.7133691529508541 13
1694493393262 0.689231090297835 14
1694493393662 0.7119030107755454 15
1694493394029 0.7092250447338848 16
1694493394483 0.7078966024611603 17
1694493394880 0.7024647746299387 18
1694493395283 0.7062996480608651 19
1694493395679 0.7092615436570415 20
1694493396099 0.686655440845965 21
1694493396494 0.7005033544291099 22
1694493396876 0.7098174254763365 23
1694493397270 0.6925926152377109 24
1694493397711 0.6779634560070451 25
1694493398094 0.6862990144912673 26
1694493398514 0.7062351353128311 27
1694493398926 0.7099168655515702 28
1694493399356 0.6756861639421223 29
1694493399711 0.6954042289334347 30
1694493400130 0.7084179831125152 31
1694493400558 0.7043935095903578 32
1694493401030 0.7054152215553777 33
1694493401470 0.6887654248146811 34
1694493401941 0.694169443505384 35
1694493402449 0.6995796388490931 36
1694493402922 0.7036442231351354 37
1694493403410 0.7019905645115052 38
1694493403884 0.1534439387110912 39
1694493404383 0.6815160084010576 40
1694493404845 0.6851525502636862 41
1694493405235 0.6876836900239396 42
1694493405622 0.7007935269133057 43
1694493406013 0.6951302358530603 44
1694493406473 0.6962323467790975 45
1694493406864 0.30764030172077284 46
1694493407289 0.6845335252776861 47
1694493407723 0.6957635823671147 48
1694493408089 0.6895917309791966 49
