1694493387212 0.045782911640435534 0
1694493387609 0.4736420513442383 1
1694493387995 0.02069604267032008 2
1694493388366 0.29277419099268137 3
1694493388741 0.0011943013126767767 4
1694493389186 0.029225165660594285 5
1694493389616 0.06307273162193766 6
1694493390054 0.04254209277626386 7
1694493390507 0.052603476964217924 8
1694493390922 0.005149999826786693 9
1694493391389 0.0007294146074641067 10
1694493391798 0.8026454640492927 11
1694493392190 0.022656012689658417 12
1694493392603 0.2566004120758961 13
1694493393021 0.20157028499668816 14
1694493393404 0.004621492073957562 15
1694493393778 0.0012467813834188487 16
1694493394208 0.000219639560193941 17
1694493394631 0.6722782156115082 18
1694493395039 0.12180007497060164 19
1694493395428 0.004783359154761311 20
1694493395842 0.0005133283576695627 21
1694493396241 0.8887311403040579 22
1694493396624 0.008513813467051233 23
1694493397035 0.29092699781939213 24
1694493397462 0.03095719203180641 25
1694493397844 0.04324503880907979 26
1694493398268 2.242319191477621 27
1694493398634 0.033930022619351984 28
1694493399073 0.33493157933182405 29
1694493399474 0.021027110240034244 30
1694493399870 0.035673537399052456 31
1694493400279 0.0029189655030620004 32
1694493400695 0.020550962382847135 33
1694493401202 0.07351596685202215 34
1694493401608 0.01454453716489243 35
1694493402097 0.1085557769199214 36
1694493402615 0.028841086295273724 37
1694493403070 5.168147469350421e-05 38
1694493403582 0.45103339649710295 39
1694493404028 0.23551380722769463 40
1694493404541 0.3070221670558768 41
1694493404983 0.8162642966067446 42
1694493405388 0.0009750204274680919 43
1694493405767 0.025761292581338358 44
1694493406140 0.022002909600056984 45
1694493406620 0.10181088441269083 46
1694493407028 0.07077733161682705 47
1694493407427 0.01599924277322308 48
1694493407856 0.31202426588720567 49
