1694492477274 2.9201516034509907 0
1694492477660 2.0287873272853716 1
1694492478017 1.5002158374661445 2
1694492478432 1.133984593833868 3
1694492478962 0.9058169583199028 4
1694492479373 0.6965657140894537 5
1694492479799 0.5486290745192689 6
1694492480242 0.4585261986755696 7
1694492480673 0.41586665485511576 8
1694492481069 0.3699375613632465 9
1694492481522 0.3608348359735234 10
1694492481934 0.33800043186038053 11
1694492482348 0.3286621049891252 12
1694492482761 0.33130407125556544 13
1694492483173 0.3639362279557349 14
1694492483569 0.31902066098580795 15
1694492483980 0.34383037945411343 16
1694492484367 0.31516702841060246 17
1694492484748 0.3164436927907391 18
1694492485211 0.33452849079546326 19
1694492485588 0.3201887849899153 20
1694492485991 0.32275839203872214 21
1694492486468 0.31569089959458185 22
1694492486892 0.31869905196394394 23
1694492487282 0.3172269901864664 24
1694492487646 0.31964071403598154 25
1694492488001 0.3154266455467582 26
1694492488370 0.3121389383788008 27
1694492488732 0.31798092238261055 28
1694492489115 0.327988249292508 29
1694492489502 0.32325905427352286 30
1694492489948 0.3359756899307011 31
1694492490316 0.3488220948366796 32
1694492490711 0.31307224363512504 33
1694492491113 0.32021232433455077 34
1694492491495 0.32207780905332967 35
1694492491951 0.3241286446140904 36
1694492492349 0.3140610260868996 37
1694492492740 0.31474610474769693 38
1694492493121 0.3180434425702958 39
1694492493466 0.32697889282372156 40
1694492493816 0.32702276585617507 41
1694492494188 0.3138971331386605 42
1694492494544 0.3226453342108308 43
1694492494877 0.3170857106006253 44
1694492495253 0.3293711330983694 45
1694492495571 0.3233708720077859 46
1694492495977 0.3181537708597153 47
1694492496417 0.32317634671746726 48
1694492496829 0.3235905315138613 49
