1694492477411 -3.0913604237345362 0
1694492477780 -1.8424894684303825 1
1694492478169 -1.1019195363744276 2
1694492478651 -0.5888009659682165 3
1694492479091 -0.26912029157593187 4
1694492479516 0.024057041494692677 5
1694492479930 0.23132782553290654 6
1694492480399 0.3575689904970546 7
1694492480797 0.41733834256607416 8
1694492481226 0.48168858903566336 9
1694492481654 0.49444221811561384 10
1694492482083 0.526435001359356 11
1694492482465 0.5395187265124608 12
1694492482913 0.5358171254686721 13
1694492483304 0.4900969257686302 14
1694492483702 0.5530271424372393 15
1694492484089 0.5182667895345807 16
1694492484490 0.5584263825955849 17
1694492484895 0.5566376761075005 18
1694492485357 0.531299461906457 19
1694492485718 0.5513905094916172 20
1694492486187 0.5477902893620823 21
1694492486590 0.5576923981590456 22
1694492487037 0.553477741790511 23
1694492487406 0.5555402152903616 24
1694492487776 0.5521583996955617 25
1694492488121 0.558062638714981 26
1694492488485 0.5626689731860792 27
1694492488867 0.5544838974108932 28
1694492489223 0.5404628509631193 29
1694492489638 0.5470888224756709 30
1694492490071 0.5292718229098456 31
1694492490452 0.5112730064930966 32
1694492490845 0.5613613396425072 33
1694492491239 0.5513575290316546 34
1694492491638 0.548743839269632 35
1694492492078 0.5458704585044115 36
1694492492490 0.5599759782160344 37
1694492492871 0.5590161295161864 38
1694492493245 0.5543963017459018 39
1694492493578 0.541877038193999 40
1694492493961 0.5418155686495967 41
1694492494316 0.5602056050345058 42
1694492494660 0.5479486922073598 43
1694492494999 0.5557381590222927 44
1694492495352 0.5385253227651865 45
1694492495683 0.5469321570984025 46
1694492496149 0.5542417231971664 47
1694492496549 0.5472047022201301 48
1694492496968 0.546624396977732 49
