1694492477164 0.42958143097692975 0
1694492477535 0.14726987602814154 1
1694492477908 0.07635553180508971 2
1694492478310 0.4773058409570671 3
1694492478849 0.6858321027193437 4
1694492479248 0.11756785890312425 5
1694492479649 0.31789013238175157 6
1694492480120 0.009021824200112506 7
1694492480551 0.03716983242542972 8
1694492480943 0.006032524731637599 9
1694492481381 0.5831699574651769 10
1694492481811 0.011826603313707204 11
1694492482226 0.10805568617454823 12
1694492482644 0.008008872008812874 13
1694492483052 0.26973506621908705 14
1694492483439 0.5718319671614208 15
1694492483846 1.10448362121537 16
1694492484229 0.0069423177683355704 17
1694492484619 0.001225474292323479 18
1694492485061 0.1887633915276664 19
1694492485490 0.4028229580572078 20
1694492485856 0.0019541624891180817 21
1694492486344 0.7066804517919502 22
1694492486730 0.012418411338337612 23
1694492487180 0.1971585049656622 24
1694492487538 0.13760895474425963 25
1694492487896 1.2518059331682287 26
1694492488256 0.17705868052819235 27
1694492488625 0.000140226369915589 28
1694492488998 0.9632941649691059 29
1694492489384 0.00630906486001837 30
1694492489760 0.22739908240609677 31
1694492490213 0.16930989378623884 32
1694492490594 0.004576323667528016 33
1694492490970 0.04377612772010142 34
1694492491374 0.007523672359410254 35
1694492491801 0.30317635623030176 36
1694492492230 0.4265443841862676 37
1694492492612 0.1942452787241608 38
1694492492996 0.02399128121793038 39
1694492493365 0.021964695347994508 40
1694492493703 0.18401444169415926 41
1694492494090 0.004435755515564592 42
1694492494439 0.35968607744893427 43
1694492494789 0.1552217671186464 44
1694492495133 0.2768407033061187 45
1694492495478 0.690635112272931 46
1694492495819 0.41027970663224667 47
1694492496294 0.40406954388676924 48
1694492496711 0.0009701980368222332 49
