1694507281420 -5.180183343898628 0
1694507281828 -5.520639518102535 1
1694507282233 -6.015421111966187 2
1694507282587 -5.416665804356813 3
1694507283003 -5.899790856557694 4
1694507283411 -5.59244935656423 5
1694507283825 -7.34128474019791 6
1694507284244 -4.523589363048624 7
1694507286203 -5.752662715933311 8
1694507286584 -5.741479860113191 9
1694507286971 -4.7955312896316755 10
1694507287380 -4.732646819279006 11
1694507287733 -5.135559144741162 12
1694507288126 -5.574309463108546 13
1694507288536 -5.984794482683763 14
1694507288907 -5.32286478894054 15
1694507289298 -5.62372409337595 16
1694507289674 -5.943795030058031 17
1694507290051 -5.538961318168969 18
1694507290438 -5.380877104581216 19
1694507290814 -5.118045194135677 20
1694507291172 -5.333182293545988 21
1694507291595 -31.499231609909508 22
1694507291963 -5.569765329548413 23
1694507292320 -5.5805138763873385 24
1694507292679 -5.5259812709657785 25
1694507293061 -5.2182869350152075 26
1694507293405 -5.546676353235027 27
1694507293761 -5.268192308337393 28
1694507294119 -5.163674308334475 29
1694507294490 -6.018288926367584 30
1694507294866 -5.179937982601994 31
1694507295246 -6.061724377402543 32
1694507295560 -5.6912209211796645 33
1694507295920 -6.13708749204137 34
1694507296293 -5.770139225952558 35
1694507296652 -5.174200290428704 36
1694507297043 -5.865566605767101 37
1694507297421 -5.452303037424978 38
1694507297758 -10.32085208058238 39
1694507298143 -5.114423257675857 40
1694507298515 -8.53298440373017 41
1694507298892 -5.8522417266602895 42
1694507303503 -5.639412896064883 43
1694507303893 -5.6216425140334785 44
1694507304267 -5.334652205636779 45
1694507304637 -5.343060158922918 46
1694507304989 -5.722842340927347 47
1694507305336 -5.370674122950052 48
1694507305687 -6.336289300412142 49
