1694507281152 2.695353912343674 0
1694507281551 1.7755394351278428 1
1694507281971 0.8124695517430882 2
1694507282362 0.004984927821270074 3
1694507282744 3.2438199163605552 4
1694507283152 6.7502044395647225 5
1694507283544 1.498764777528053 6
1694507283996 0.4858626114323368 7
1694507285920 0.6019189257804458 8
1694507286330 0.7262815002041311 9
1694507286730 2.852451112489522 10
1694507287123 32.96616695864348 11
1694507287501 1.0968264339740401 12
1694507287885 32.74034508031795 13
1694507288299 0.003910250403884368 14
1694507288676 2.423958034156192 15
1694507289036 0.47461148392887254 16
1694507289436 20.505795689806245 17
1694507289802 1.090806716917809 18
1694507290182 1.7786669972901894 19
1694507290573 0.8574781832598048 20
1694507290932 0.8350012019928347 21
1694507291331 25.397365192277974 22
1694507291722 3.2271608176852133 23
1694507292090 0.03852052377647009 24
1694507292439 15.463549980648553 25
1694507292806 2.2083667254402215 26
1694507293179 5.736269356346514 27
1694507293524 2.396332560948999 28
1694507293907 1.8965679810129241 29
1694507294251 3.3512544565343885 30
1694507294608 0.05820580837794741 31
1694507294990 0.5256345437729822 32
1694507295364 0.49246716897247494 33
1694507295698 5.145114712359855 34
1694507296059 0.6564534310744556 35
1694507296422 0.1409749176696673 36
1694507296780 0.12295852408298327 37
1694507297194 2.701037565865582 38
1694507297545 17.92441505664199 39
1694507297888 1.7941400914643486 40
1694507298273 0.41990819717736866 41
1694507298658 0.7664188710698795 42
1694507299046 6.644860686613453 43
1694507303636 0.8081475929229188 44
1694507304040 22.177178079177523 45
1694507304391 0.536751769842394 46
1694507304762 6.9995120675226055 47
1694507305111 7.795356613788778 48
1694507305453 0.3861743599228552 49
