1694492230685 2.8526307096949757 0
1694492231182 1.9887293027373394 1
1694492231619 1.4423838189019271 2
1694492232030 1.0833022217056334 3
1694492232450 0.8394740997793096 4
1694492232910 0.6603416521622125 5
1694492233318 0.5328080398373202 6
1694492233734 0.45415212866007837 7
1694492234171 0.4335073814599712 8
1694492234557 0.3655149827930905 9
1694492235017 0.33962105291036115 10
1694492235471 0.3544550227205206 11
1694492236006 0.3381966805273618 12
1694492236412 0.3284420637144324 13
1694492236878 0.3211206559079069 14
1694492237242 0.3314683643954675 15
1694492237617 0.32448490622630505 16
1694492238069 0.3156579449688183 17
1694492238436 0.32597135976783964 18
1694492238830 0.32394646950978345 19
1694492239186 0.32749550353638857 20
1694492239596 0.346750988934537 21
1694492240065 0.3149866798748623 22
1694492240510 0.31612767312878387 23
1694492240930 0.32666608320747853 24
1694492241295 0.3167883884537643 25
1694492241737 0.337773878498155 26
1694492242163 0.3465915922362023 27
1694492242572 0.31334196620340304 28
1694492242966 0.325562512464 29
1694492243348 0.32713732553689995 30
1694492243742 0.3165148467056777 31
1694492244216 0.33272177476085363 32
1694492244640 0.3190538168310555 33
1694492245075 0.3173287603046329 34
1694492245480 0.32017732474618327 35
1694492245875 0.3319428053679835 36
1694492246246 0.3201831964987131 37
1694492246618 0.32391261705183555 38
1694492247072 0.31719438598075433 39
1694492247548 0.3489636824919518 40
1694492247960 0.31945945280071625 41
1694492248444 0.3189931436007971 42
1694492248979 0.342470737566562 43
1694492249445 0.32574704557644313 44
1694492249846 0.3323522151577574 45
1694492250235 0.354313068427861 46
1694492250698 0.3233211747218941 47
1694492251235 0.3270591600791107 48
1694492251728 0.3166280493237097 49
