1694492230876 -3.206707084289307 0
1694492231328 -1.9327320981738483 1
1694492231766 -1.1270493262998644 2
1694492232153 -0.597520181980624 3
1694492232575 -0.23795261357072617 4
1694492233076 0.02620977304871175 5
1694492233441 0.2142805768260071 6
1694492233882 0.3302725899688208 7
1694492234306 0.3607169107162964 8
1694492234690 0.46098369399732386 9
1694492235179 0.4991688603799068 10
1694492235597 0.4772935557088708 11
1694492236152 0.50126934866739 12
1694492236581 0.5156542515263604 13
1694492237011 0.5264509585736512 14
1694492237396 0.511191437440109 15
1694492237788 0.5214897781447827 16
1694492238193 0.5345066892817265 17
1694492238574 0.5192977402401254 18
1694492238950 0.5222837980444264 19
1694492239311 0.5170501214485168 20
1694492239758 0.4886545122445195 21
1694492240224 0.5354965880501104 22
1694492240658 0.5338139922664762 23
1694492241039 0.5182732480038124 24
1694492241422 0.5328396509930517 25
1694492241893 0.5018928448267322 26
1694492242296 0.4888895707881361 27
1694492242713 0.5379220084278131 28
1694492243084 0.5199006576957952 29
1694492243484 0.5175783180786535 30
1694492243866 0.5332430365436645 31
1694492244378 0.5093430627992306 32
1694492244779 0.529498877309549 33
1694492245219 0.5320427773965242 34
1694492245622 0.5278420667417596 35
1694492245998 0.5104917905515802 36
1694492246384 0.5278334078070857 37
1694492246763 0.5223337194640432 38
1694492247271 0.5322409360359464 39
1694492247675 0.4853915053534755 40
1694492248156 0.5289006955324913 41
1694492248605 0.52958835068817 42
1694492249165 0.49496649777107393 43
1694492249576 0.5196285310764042 44
1694492249985 0.5098880436111977 45
1694492250419 0.47750289234909793 46
1694492250851 0.523205905488984 47
1694492251398 0.5176935868317772 48
1694492251866 0.5330760993184509 49
