1694492230536 5.951454014679785 0
1694492231036 1.005297994671686 1
1694492231462 0.7697987939917577 2
1694492231907 0.9257090673864266 3
1694492232295 0.016586468112018166 4
1694492232726 0.006140561243079804 5
1694492233211 0.19480190155379679 6
1694492233571 0.0011541248436879481 7
1694492234057 0.029499151094193373 8
1694492234452 0.11999856851498647 9
1694492234860 0.8602519805585441 10
1694492235317 0.23796103071482275 11
1694492235807 0.0694581284804738 12
1694492236306 4.366905154527196e-05 13
1694492236755 0.03934674816865157 14
1694492237132 0.041016157731358215 15
1694492237516 0.006774820196710611 16
1694492237948 0.5490113058224255 17
1694492238325 0.2324162537346952 18
1694492238715 0.3315072978167319 19
1694492239073 0.06834575331042152 20
1694492239490 0.012209131270400686 21
1694492239933 0.19522657762395204 22
1694492240360 0.5153377227311057 23
1694492240814 0.4099435185695575 24
1694492241169 2.139079706119997 25
1694492241606 0.012851406205059602 26
1694492242026 0.1272078660843718 27
1694492242460 0.05910750850235913 28
1694492242857 0.3146686720158255 29
1694492243222 0.32506065625705666 30
1694492243625 1.4443615953257305 31
1694492244050 0.030304182381788537 32
1694492244527 0.2280624330836465 33
1694492244940 0.3110280561740606 34
1694492245363 0.12591867103553153 35
1694492245759 0.6706683595915899 36
1694492246139 0.13911612356618167 37
1694492246517 0.12424450221949396 38
1694492246947 0.01731552358068261 39
1694492247394 0.42730026285929823 40
1694492247839 0.019572649273016135 41
1694492248315 0.04642087374483998 42
1694492248788 0.08194978859371638 43
1694492249309 0.38306240945449055 44
1694492249726 0.0203521558209079 45
1694492250126 0.607410911661823 46
1694492250568 0.03593420567984748 47
1694492251062 0.38806137315146927 48
1694492251570 0.0025652533592718423 49
