1694492545451 41.300888307708014 0
1694492545858 13.96308642820955 1
1694492546282 7.35802300111871 2
1694492546670 5.302373054581878 3
1694492547023 4.428479020482762 4
1694492547345 3.945297437333048 5
1694492547690 3.6227769909377767 6
1694492548107 3.388700363548401 7
1694492548528 3.2028860329673168 8
1694492548915 3.054106102771666 9
1694492549332 2.924062293862194 10
1694492549758 2.8088827209956495 11
1694492550171 2.7065697493266865 12
1694492550625 2.6125453718717275 13
1694492551020 2.5272034492566053 14
1694492551428 2.4446747911013906 15
1694492551868 2.369517870465456 16
1694492552294 2.2981317665563226 17
1694492552722 2.2331562184778626 18
1694492553143 2.168900830211266 19
1694492553572 2.105903444592202 20
1694492553942 2.0473355934118276 21
1694492554369 1.989915669863065 22
1694492554793 1.9357253471517193 23
1694492555221 1.8840872910369788 24
1694492555603 1.8319056087938095 25
1694492555972 1.781954582473108 26
1694492556387 1.7329766722756796 27
1694492556753 1.687049628732353 28
1694492557125 1.6420304226909224 29
1694492557546 1.5979224592918582 30
1694492557898 1.5571842280852446 31
1694492558320 1.514716340684362 32
1694492558785 1.475639112206906 33
1694492559181 1.4364847061639736 34
1694492559546 1.401144074329956 35
1694492559974 1.3665363250439484 36
1694492560425 1.3306619450809916 37
1694492560818 1.2971672444581732 38
1694492561257 1.2641439348260923 39
1694492561669 1.2331469899328784 40
1694492562043 1.2034439216919073 41
1694492562460 1.1740289317258688 42
1694492562817 1.1459869501551694 43
1694492563183 1.116562570881303 44
1694492563556 1.089495953458204 45
1694492563929 1.0641709932395045 46
1694492564350 1.036895655455614 47
1694492564772 1.0118430116448427 48
1694492565124 0.9891567878955311 49
