1694492545583 -56.86576960166821 0
1694492545997 -18.5633744282483 1
1694492546423 -9.309164794091059 2
1694492546797 -6.4290386984549555 3
1694492547138 -5.204644916493269 4
1694492547473 -4.5276697880650385 5
1694492547827 -4.075793457854172 6
1694492548264 -3.747833824426113 7
1694492548679 -3.4874934375079336 8
1694492549104 -3.279041137452995 9
1694492549474 -3.0968396063766175 10
1694492549891 -2.935464030707217 11
1694492550350 -2.792115568036178 12
1694492550748 -2.6603800730944496 13
1694492551153 -2.5408093753744105 14
1694492551575 -2.425180280843453 15
1694492552021 -2.319879566217463 16
1694492552458 -2.2198620602793224 17
1694492552858 -2.128826243644149 18
1694492553290 -2.038799427140866 19
1694492553704 -1.9505351705810412 20
1694492554074 -1.868477037661033 21
1694492554529 -1.788027240991696 22
1694492554967 -1.712102367286993 23
1694492555361 -1.6397534183842182 24
1694492555714 -1.566642806825116 25
1694492556130 -1.4966575183997062 26
1694492556525 -1.4280356416511948 27
1694492556873 -1.363688267319589 28
1694492557282 -1.3006128442188887 29
1694492557682 -1.2388141432167914 30
1694492558045 -1.1817367001502355 31
1694492558475 -1.1222358736910034 32
1694492558915 -1.0674856251515257 33
1694492559300 -1.0126272448162137 34
1694492559684 -0.9631122599556341 35
1694492560112 -0.914624100773773 36
1694492560588 -0.8643612931055 37
1694492560990 -0.8174326020159397 38
1694492561396 -0.7711643665141403 39
1694492561798 -0.7277352262452232 40
1694492562182 -0.6861189082016745 41
1694492562591 -0.6449062103166148 42
1694492562929 -0.6056172044082 43
1694492563308 -0.5643913513696861 44
1694492563690 -0.5264689067957944 45
1694492564074 -0.4909866599669004 46
1694492564510 -0.4527717818690915 47
1694492564895 -0.41767107159220895 48
1694492565293 -0.38588590060922656 49
