1694492545328 32.94613813770954 0
1694492545749 4.607162920510329 1
1694492546154 2.598266902866376 2
1694492546554 3.891038971628632 3
1694492546924 6.08057144618533 4
1694492547258 0.0038336364911165516 5
1694492547600 0.03726247850560801 6
1694492547972 0.9133371841020095 7
1694492548397 2.276416986190987 8
1694492548819 6.303776372147757e-07 9
1694492549237 0.3252644353784778 10
1694492549650 0.03836556915787177 11
1694492550053 0.939989057399302 12
1694492550509 1.5527646966024267 13
1694492550877 0.08414872903074398 14
1694492551301 0.28912028714590965 15
1694492551738 0.013831839349095477 16
1694492552154 0.4921644297320018 17
1694492552595 6.661619555176351 18
1694492553023 0.17248259600451993 19
1694492553437 1.1803200678320083 20
1694492553827 0.24192721077575444 21
1694492554227 0.00871028447538834 22
1694492554673 1.5491169592989023 23
1694492555109 0.02010134304175978 24
1694492555498 0.6523073359084585 25
1694492555849 8.629280937134576 26
1694492556275 0.04207527890030693 27
1694492556651 0.00036280519128414744 28
1694492557003 5.704567935703503 29
1694492557426 4.265976013325716 30
1694492557810 0.06328569651285226 31
1694492558191 7.266767064442106 32
1694492558666 0.17682664263829506 33
1694492559055 0.010951445214818382 34
1694492559432 3.8581378475507027 35
1694492559828 0.0787616639698127 36
1694492560305 0.0005013908623163807 37
1694492560716 0.02096351659332913 38
1694492561148 8.035938550478608 39
1694492561562 0.09434568835480808 40
1694492561929 0.11626789050751923 41
1694492562315 0.055305665706131386 42
1694492562716 0.007714610510535651 43
1694492563065 0.13387138024181144 44
1694492563454 0.5435222726458954 45
1694492563811 5.749646120556117 46
1694492564229 0.00015575131732764998 47
1694492564657 7.485523480882315 48
1694492565019 0.0021202843882438425 49
