1694512502492 10.820033179015521 0
1694512502793 4.587138555088836 1
1694512503076 3.6521014912968357 2
1694512503410 3.230591000253925 3
1694512503675 2.9638289253892802 4
1694512503973 2.759184244440211 5
1694512504295 2.5803282385861337 6
1694512504595 2.42395675097113 7
1694512504882 2.2773374940901627 8
1694512505205 2.145990985159916 9
1694512505472 2.022292579062909 10
1694512505749 1.9090111529807379 11
1694512506018 1.8012845092755112 12
1694512506289 1.70309720760418 13
1694512506601 1.6086483638790028 14
1694512506882 1.5243949398749124 15
1694512507165 1.4436102113548195 16
1694512507474 1.364831780800244 17
1694512507801 1.2939586763259405 18
1694512508114 1.2259035741845268 19
1694512508413 1.1630469345054122 20
1694512508736 1.1036235743461418 21
1694512509033 1.0472416183761488 22
1694512509312 0.9958778783814588 23
1694512509606 0.949212052159868 24
1694512509900 0.9016224147102669 25
1694512510184 0.8595376349737657 26
1694512510458 0.818752815754012 27
1694512510764 0.7815625808201526 28
1694512511067 0.7466613273105303 29
1694512511360 0.7127746415575963 30
1694512511654 0.6802853684863587 31
1694512511954 0.6503395299402369 32
1694512512277 0.6230642505455563 33
1694512512558 0.5984335199721269 34
1694512512876 0.5740010272487921 35
1694512513199 0.551268878788886 36
1694512513496 0.5306207156245584 37
1694512513828 0.5098104152170316 38
1694512514139 0.4904974687527582 39
1694512514413 0.4720876908175902 40
1694512514707 0.4556674074927231 41
1694512515027 0.4406809116336605 42
1694512515347 0.42581137610902153 43
1694512515643 0.41193468623084845 44
1694512515923 0.39904094180907496 45
1694512516210 0.3871333641091409 46
1694512516518 0.3763363907698648 47
1694512516788 0.36539896824064505 48
1694512517078 0.35496470465533986 49
