1694512502639 -14.159711392998453 0
1694512502901 -5.426939313800688 1
1694512503235 -4.116879372733748 2
1694512503518 -3.5263102600877376 3
1694512503802 -3.152555762422379 4
1694512504123 -2.8658325842239165 5
1694512504433 -2.6152413536063635 6
1694512504715 -2.3961526888012736 7
1694512505023 -2.1907276607817563 8
1694512505316 -2.0067009452517026 9
1694512505585 -1.8333898190121465 10
1694512505852 -1.6746736952091639 11
1694512506116 -1.5237402552752766 12
1694512506426 -1.3861721784341214 13
1694512506721 -1.2538419731023134 14
1694512506999 -1.1357963469344505 15
1694512507307 -1.022610634001381 16
1694512507611 -0.9122359011847669 17
1694512507925 -0.81293714751366 18
1694512508243 -0.7175866351616513 19
1694512508571 -0.6295195746541924 20
1694512508862 -0.5462628068502047 21
1694512509146 -0.46726728381100346 22
1694512509427 -0.39530267321307555 23
1694512509738 -0.32992020665953925 24
1694512510025 -0.2632434084374635 25
1694512510299 -0.20427934573194428 26
1694512510584 -0.1471366292210381 27
1694512510890 -0.09503020598672274 28
1694512511189 -0.046130824468570086 29
1694512511480 0.0013470683974154962 30
1694512511770 0.046867076975900646 31
1694512512084 0.08882353517428843 32
1694512512381 0.1270383314642548 33
1694512512689 0.1615479083494772 34
1694512513020 0.1957797385268215 35
1694512513333 0.22762925361549202 36
1694512513632 0.25655894257188294 37
1694512513964 0.28571579846688555 38
1694512514247 0.3127747445627842 39
1694512514543 0.33856828102324554 40
1694512514836 0.3615743801800412 41
1694512515152 0.38257163113638504 42
1694512515485 0.4034050115310628 43
1694512515759 0.4228473376462205 44
1694512516048 0.4409124804212221 45
1694512516345 0.45759592661164583 46
1694512516641 0.4727233293684844 47
1694512516900 0.48804751240775834 48
1694512517204 0.5026667304761906 49
