1694493757797 38.92737516069263 0
1694493758250 12.154970658097271 1
1694493758754 6.184842972835825 2
1694493759172 4.594345762297983 3
1694493759622 4.01163711191138 4
1694493760010 3.6996280160066966 5
1694493760386 3.486377898005284 6
1694493760804 3.321035797056887 7
1694493761267 3.184519863662324 8
1694493761703 3.0627579433307734 9
1694493762158 2.955773605207701 10
1694493762651 2.8592631349674362 11
1694493763090 2.768714551329584 12
1694493763528 2.684627041112765 13
1694493763939 2.60538379937574 14
1694493764369 2.527736473342214 15
1694493764783 2.453063122950799 16
1694493765225 2.3847714260661865 17
1694493765721 2.317662328789634 18
1694493766174 2.254615946364328 19
1694493766624 2.191690225991333 20
1694493767031 2.1308599657662723 21
1694493767490 2.0750921436510836 22
1694493767947 2.017468053357318 23
1694493768437 1.964989714154609 24
1694493768895 1.9111450803232846 25
1694493769345 1.8603160691478557 26
1694493769821 1.8114283164839335 27
1694493770289 1.7643900965299104 28
1694493770779 1.7192116246309892 29
1694493771222 1.673937205881784 30
1694493771712 1.6308130058318016 31
1694493772135 1.589553852043633 32
1694493772565 1.549658121318172 33
1694493773011 1.510817760087897 34
1694493773553 1.473237297798609 35
1694493774003 1.4374086731132665 36
1694493774452 1.4032458964473788 37
1694493774902 1.368345562527292 38
1694493775366 1.3338441640725687 39
1694493775883 1.299848942203921 40
1694493776392 1.2680756683208083 41
1694493776859 1.2379088645111782 42
1694493777279 1.2093628216510746 43
1694493777744 1.1809571508760894 44
1694493778212 1.1507159148699144 45
1694493778656 1.123329615822388 46
1694493779177 1.0965430180463533 47
1694493779624 1.0702423256358033 48
1694493780086 1.0464834371142528 49
