1694493757958 -56.40528008225197 0
1694493758417 -16.924647940922544 1
1694493758900 -8.12064175030473 2
1694493759328 -5.775173106090579 3
1694493759770 -4.915866431964473 4
1694493760135 -4.455753992718778 5
1694493760532 -4.141279083971127 6
1694493760965 -3.89745299564255 7
1694493761417 -3.696136175285287 8
1694493761839 -3.5165767492738587 9
1694493762300 -3.358809474470015 10
1694493762791 -3.216487765078046 11
1694493763223 -3.0829579089465993 12
1694493763676 -2.9589560450785752 13
1694493764103 -2.842097909441089 14
1694493764502 -2.727593232971318 15
1694493764916 -2.6174742080896256 16
1694493765398 -2.5167660568009658 17
1694493765875 -2.4178018572030022 18
1694493766330 -2.324828847171954 19
1694493766748 -2.2320337746175434 20
1694493767193 -2.1423288276160832 21
1694493767633 -2.0600893384420935 22
1694493768098 -1.9751124544589471 23
1694493768583 -1.8977238879874818 24
1694493769076 -1.8183204791202274 25
1694493769504 -1.7433641377079314 26
1694493770006 -1.6712705243399766 27
1694493770449 -1.601904373144715 28
1694493770930 -1.535280748450273 29
1694493771385 -1.4685156332034675 30
1694493771855 -1.4049213946509531 31
1694493772295 -1.3440774957394708 32
1694493772711 -1.285244204593404 33
1694493773180 -1.2279672418977228 34
1694493773678 -1.1725482223919985 35
1694493774122 -1.1197125963952885 36
1694493774591 -1.0693335570997498 37
1694493775045 -1.0178668595539642 38
1694493775554 -0.9669884627099183 39
1694493776077 -0.9168565125136314 40
1694493776574 -0.8700012164948048 41
1694493777001 -0.8255149439236502 42
1694493777414 -0.7834187692172982 43
1694493777899 -0.741529597907109 44
1694493778342 -0.6969335619349504 45
1694493778851 -0.6565476340179035 46
1694493779327 -0.6170460713916981 47
1694493779757 -0.5782610619233661 48
1694493780246 -0.5432243905733847 49
