1694493757673 58.76786402721972 0
1694493758116 0.15910635775599855 1
1694493758597 0.026640330756863527 2
1694493759051 24.76096310769265 3
1694493759500 0.5614700074354299 4
1694493759919 5.092625820176376 5
1694493760260 1.6606977241353984 6
1694493760678 0.12596860532662454 7
1694493761141 0.3412819572001451 8
1694493761577 17.202245114001535 9
1694493762010 2.2293049930439346 10
1694493762506 24.587140209347538 11
1694493762958 0.012116308664043866 12
1694493763378 0.325948554713113 13
1694493763819 4.148278864567862e-05 14
1694493764246 2.732692170790439 15
1694493764633 3.5089196725885587 16
1694493765071 0.044228067061750566 17
1694493765595 0.41165545859786806 18
1694493766050 0.16105876939100558 19
1694493766495 0.9812443006838887 20
1694493766898 0.14217116399681926 21
1694493767360 2.4162228793412743 22
1694493767796 0.0024290008853695517 23
1694493768280 0.1830390453590015 24
1694493768737 12.126453072873593 25
1694493769228 0.04825569929022214 26
1694493769666 1.02955522042488 27
1694493770161 3.1577995246149113 28
1694493770641 0.003077361282159206 29
1694493771084 0.0185300283042116 30
1694493771554 6.408309562371404 31
1694493772007 0.07260720675404968 32
1694493772448 3.839117719907333e-05 33
1694493772861 1.8382592081367228 34
1694493773329 0.4833981359784661 35
1694493773840 0.9548263207559258 36
1694493774286 6.385898852162539 37
1694493774767 0.01025569249233044 38
1694493775210 0.17163132365300188 39
1694493775737 3.6423169182806907 40
1694493776277 0.44673145928383523 41
1694493776737 0.4438310907347029 42
1694493777166 0.9016933685874621 43
1694493777576 0.41705893201215666 44
1694493778041 1.849067202279825 45
1694493778501 0.01608490334594962 46
1694493778998 0.966017428086495 47
1694493779458 1.7085405919503207 48
1694493779946 0.0009507658821965564 49
