1694492749437 164.57437687652944 0
1694492749925 159.66283869294216 1
1694492750257 154.90703650226834 2
1694492750571 150.3022764426173 3
1694492750990 145.8438464143467 4
1694492751364 141.52623356481948 5
1694492751758 137.34646184620397 6
1694492752136 133.2982380135384 7
1694492752464 129.37829835463185 8
1694492752856 125.5831273567537 9
1694492753223 121.90564759186188 10
1694492753604 118.3462730166507 11
1694492753993 114.89805527854958 12
1694492754443 111.55840288898261 13
1694492754815 108.32432029831944 14
1694492755238 105.19180793075377 15
1694492755541 102.15855041936021 16
1694492755875 99.21992109477848 17
1694492756322 96.37466191707358 18
1694492756709 93.61790928144778 19
1694492757039 90.948024996018 20
1694492757429 88.36186300815977 21
1694492757748 85.85670835860881 22
1694492758127 83.43026918311726 23
1694492758545 81.07945434554124 24
1694492758899 78.80277937931746 25
1694492759273 76.59636645519987 26
1694492759669 74.45885629715612 27
1694492760044 72.38837006617182 28
1694492760415 70.38273925896034 29
1694492760842 68.43882756457081 30
1694492761181 66.55576956064802 31
1694492761536 64.73152998979626 32
1694492761901 62.96323618761599 33
1694492762266 61.250651639802 34
1694492762721 59.590487498058636 35
1694492763121 57.981652851162075 36
1694492763445 56.42267437489567 37
1694492763815 54.91215964683599 38
1694492764183 53.44818971881525 39
1694492764520 52.02989858099982 40
1694492764974 50.65494047260346 41
1694492765292 49.321893589497876 42
1694492765619 48.02965762984161 43
1694492765993 46.777174705553946 44
1694492766395 45.56375654715453 45
1694492766728 44.38725355729957 46
1694492767116 43.24623026755115 47
1694492767464 42.141305473126955 48
1694492767801 41.0693311871121 49
