1694492749637 -229.58155320349462 0
1694492750069 -222.70010467861593 1
1694492750388 -216.03685444084127 2
1694492750748 -209.58522602312993 3
1694492751143 -203.33861740592695 4
1694492751516 -197.28930465220307 5
1694492751933 -191.43311808655395 6
1694492752278 -185.76124038136453 7
1694492752616 -180.2690988210002 8
1694492752991 -174.95176789760782 9
1694492753352 -169.7993315818419 10
1694492753756 -164.81236985935598 11
1694492754129 -159.98114754561934 12
1694492754581 -155.30203376277422 13
1694492754997 -150.7708315118736 14
1694492755364 -146.38193707489603 15
1694492755668 -142.13210644197787 16
1694492756053 -138.01485728806037 17
1694492756455 -134.0284270009574 18
1694492756818 -130.16600129056073 19
1694492757180 -126.42528492211979 20
1694492757544 -122.8018700302404 21
1694492757893 -119.29195274498893 22
1694492758326 -115.89232198558825 23
1694492758675 -112.59864682892173 24
1694492759040 -109.4088474214159 25
1694492759424 -106.31749062148715 26
1694492759810 -103.32267197727167 27
1694492760189 -100.42175908859649 28
1694492760612 -97.6117137130241 29
1694492760991 -94.88814163400566 30
1694492761329 -92.24983032724285 31
1694492761681 -89.69392823819618 32
1694492762062 -87.21641053972274 33
1694492762479 -84.81694585681213 34
1694492762877 -82.49092625618422 35
1694492763237 -80.23682328602793 36
1694492763590 -78.05257270406756 37
1694492763947 -75.9362236177571 38
1694492764317 -73.88508743086767 39
1694492764686 -71.89795079599779 40
1694492765098 -69.97152711911139 41
1694492765417 -68.10382434159962 42
1694492765754 -66.29330085466279 43
1694492766172 -64.53847447449199 44
1694492766503 -62.83838088180003 45
1694492766882 -61.190008322851575 46
1694492767254 -59.59134559427299 47
1694492767601 -58.043259676484425 48
1694492767956 -56.54133999399974 49
