1694492749281 161.6633349829767 0
1694492749767 155.7539181330251 1
1694492750156 146.87584391285495 2
1694492750481 143.73830056088877 3
1694492750855 151.6889860575857 4
1694492751232 136.90508403933424 5
1694492751638 141.5095421772386 6
1694492752033 131.59907831329642 7
1694492752374 127.56287862601087 8
1694492752740 124.64037184393618 9
1694492753120 130.4146329920979 10
1694492753468 119.2322690210577 11
1694492753876 115.89724500262466 12
1694492754315 112.74496802144574 13
1694492754693 101.99120444892645 14
1694492755115 99.34380177142707 15
1694492755450 93.38463957702236 16
1694492755770 106.6263499200973 17
1694492756205 91.6685740794873 18
1694492756573 93.38202512935241 19
1694492756922 87.761799775178 20
1694492757304 85.23306276603539 21
1694492757640 87.20426945586016 22
1694492758006 90.2892824679477 23
1694492758441 77.16125168974729 24
1694492758784 76.24967194094214 25
1694492759154 77.62758626623264 26
1694492759552 78.23067501142968 27
1694492759927 72.21898184426495 28
1694492760309 67.47666973485906 29
1694492760728 61.76008865710449 30
1694492761087 65.57877825022567 31
1694492761430 63.501995360769065 32
1694492761791 62.59526043718453 33
1694492762159 59.44707103116292 34
1694492762592 52.849546766320074 35
1694492762978 58.2435009007729 36
1694492763333 60.01361091408934 37
1694492763701 50.21074115080554 38
1694492764069 54.406969229305965 39
1694492764414 46.101545487150865 40
1694492764817 43.247988272623154 41
1694492765183 55.56923218684912 42
1694492765517 48.27159461311006 43
1694492765860 48.817315555942905 44
1694492766282 40.591484397896274 45
1694492766609 42.595369703504716 46
1694492766995 50.138659296339334 47
1694492767366 32.7309482137072 48
1694492767696 41.98751318299723 49
