1694491051168 -5.8484186759534715 0
1694491051667 -5.523371562614206 1
1694491052091 -5.319393138467929 2
1694491052507 -5.204186992368876 3
1694491052927 -5.28394897988934 4
1694491053338 -5.383773941136269 5
1694491053710 -5.311884523353346 6
1694491054127 -5.343684869298947 7
1694491054494 -5.420127411901575 8
1694491054896 -5.254210118981179 9
1694491055317 -5.393652625948757 10
1694491055677 -5.4760942115281654 11
1694491056064 -5.296405174424818 12
1694491056453 -5.257392400785287 13
1694491056849 -5.089913777435595 14
1694491057183 -5.465487512109036 15
1694491057567 -5.25800076134892 16
1694491057987 -4.991109258357877 17
1694491058443 -5.231013054044961 18
1694491058858 -5.166041881796467 19
1694491059263 -5.570948608980538 20
1694491059633 -5.153569340745954 21
1694491060006 -5.419582362576118 22
1694491060389 -5.362023318078348 23
1694491060755 -5.361433392247401 24
1694491061100 -5.333605797344633 25
1694491061442 -5.536512438969628 26
1694491061812 -5.311590945445036 27
1694491062173 -5.222542688760699 28
1694491062566 -5.3358874324934416 29
1694491063006 -5.363789450602866 30
1694491063389 -5.291432386398094 31
1694491063804 -5.328501590705419 32
1694491064250 -5.087623430548384 33
1694491064612 -5.170619381799823 34
1694491065026 -5.314356772159226 35
1694491065436 -5.219990951689829 36
1694491065850 -5.370692272342305 37
1694491066270 -5.580076668969001 38
1694491066635 -5.117624090895792 39
1694491067011 -5.095329046601061 40
1694491067338 -5.376962760259706 41
1694491067694 -5.445480811313297 42
1694491068120 -5.167160697191434 43
1694491068491 -5.397969671502232 44
1694491068920 -5.303003539630304 45
1694491069306 -5.121093026316789 46
1694491069714 -5.0066833020611545 47
1694491070198 -5.296435733572951 48
1694491070600 -5.276801785752837 49
