1694491050846 2.038477490022689 0
1694491051340 21.29920446170681 1
1694491051853 0.01554622193986098 2
1694491052244 1.6190511586745102 3
1694491052682 0.003993381829969834 4
1694491053072 2.698390072792422 5
1694491053458 7.140253350087394 6
1694491053851 1.9572793460908815 7
1694491054270 0.5144370537305328 8
1694491054637 5.631515708648483 9
1694491055026 0.20144137710106527 10
1694491055461 0.18275254959764106 11
1694491055797 2.7343816257143434 12
1694491056215 0.06478139146052082 13
1694491056577 0.4994711808466802 14
1694491056968 3.114064353543443 15
1694491057345 3.2074048167192233 16
1694491057685 0.004037352544115149 17
1694491058208 5.033492309084707 18
1694491058573 0.08507926949973138 19
1694491059004 5.760309800018939 20
1694491059395 0.3163535001864912 21
1694491059766 2.4621131169061155 22
1694491060134 0.7793990149005972 23
1694491060515 0.06354714294117722 24
1694491060874 0.11672992678566207 25
1694491061223 2.9157556614765583 26
1694491061564 7.688605625192466 27
1694491061953 0.5000130697370062 28
1694491062294 1.792152975229164 29
1694491062720 2.1273166253862605 30
1694491063135 2.0382766865263036 31
1694491063516 7.2215542080737505 32
1694491063998 21.05351414558006 33
1694491064377 2.3579121208064944 34
1694491064763 2.3081665494170047 35
1694491065177 0.583693742065498 36
1694491065572 3.247208139000956 37
1694491065994 3.7466688827756807 38
1694491066388 16.73575792873686 39
1694491066782 19.46117086592703 40
1694491067133 0.8634965040938497 41
1694491067469 3.9548827226050842 42
1694491067835 0.6927435180575903 43
1694491068243 0.050000187817764705 44
1694491068673 0.010224633255136792 45
1694491069061 0.19870890120238618 46
1694491069457 1.805475801981273 47
1694491069875 1.9251014149045595 48
1694491070317 0.11355100186037821 49
