1694494207177 164.32386380034384 0
1694494207730 159.36913928330662 1
1694494208066 154.57072551729325 2
1694494208491 149.92574097668773 3
1694494208939 145.42859437294985 4
1694494209339 141.07491187691116 5
1694494209714 136.85932237895156 6
1694494210113 132.77853707958354 7
1694494210437 128.826234339615 8
1694494210835 125.00078037890907 9
1694494211199 121.29586529288977 10
1694494211556 117.70924765582937 11
1694494211962 114.23637240301223 12
1694494212395 110.8733976457711 13
1694494212882 107.61701826616077 14
1694494213255 104.46335213219778 15
1694494213664 101.41009728298279 16
1694494214068 98.45363950503051 17
1694494214494 95.59017756695147 18
1694494214914 92.81774549237747 19
1694494215320 90.1325515910548 20
1694494215761 87.53204111604343 21
1694494216103 85.01351545361118 22
1694494216474 82.57467645436667 23
1694494216818 80.21247291063385 24
1694494217176 77.92465967563645 25
1694494217509 75.70822810101457 26
1694494217853 73.56211871996666 27
1694494218188 71.48327511811183 28
1694494218607 69.46905417908482 29
1694494218970 67.51856083318133 30
1694494219448 65.62952878108388 31
1694494219828 63.7990830755552 32
1694494220184 62.02598345395851 33
1694494220570 60.308805769548755 34
1694494220908 58.64518402016164 35
1694494221284 57.03307414671708 36
1694494221664 55.471328383882074 37
1694494222003 53.95878236812032 38
1694494222387 52.49296394239385 39
1694494222760 51.072703986747065 40
1694494223146 49.69694288469934 41
1694494223518 48.363777261945025 42
1694494223853 47.07151650283202 43
1694494224241 45.81964917334961 44
1694494224566 44.606427972199555 45
1694494224933 43.43109300286885 46
1694494225298 42.29162519268918 47
1694494225644 41.18783616241004 48
1694494225994 40.11801385772833 49
