1694494207383 -229.2305648218221 0
1694494207874 -222.28860887146777 1
1694494208227 -215.56565648921156 2
1694494208683 -209.0576704326544 3
1694494209083 -202.7568168699417 4
1694494209485 -196.6569677248672 5
1694494209838 -190.7505976534366 6
1694494210245 -185.03309879075397 7
1694494210596 -179.49561402667015 8
1694494210959 -174.13585430763555 9
1694494211333 -168.94497896461476 10
1694494211709 -163.9198475851359 11
1694494212129 -159.0540781678387 12
1694494212601 -154.34228792669703 13
1694494213023 -149.77984613338123 14
1694494213395 -145.36131361783657 15
1694494213818 -141.08346515308872 16
1694494214212 -136.94123694381997 17
1694494214646 -132.92930316802503 18
1694494215050 -129.0449093392939 19
1694494215501 -125.28274300349761 20
1694494215896 -121.63922476067937 21
1694494216248 -118.11057364227243 22
1694494216579 -114.6935697615228 23
1694494216957 -111.38393813821514 24
1694494217320 -108.17853314639808 25
1694494217646 -105.07313943478157 26
1694494217999 -102.06627260764554 27
1694494218335 -99.15365038977468 28
1694494218764 -96.33156956874691 29
1694494219150 -93.59877608201276 30
1694494219600 -90.95209466725888 31
1694494219958 -88.38749729890839 32
1694494220315 -85.90324627215817 33
1694494220707 -83.4973462462104 34
1694494221040 -81.1664822672777 35
1694494221441 -78.90779044897346 36
1694494221799 -76.71966268244003 37
1694494222139 -74.60046760344082 38
1694494222525 -72.54674152692111 39
1694494222903 -70.55684642452947 40
1694494223286 -68.62929769083375 41
1694494223632 -66.76142854980202 42
1694494223998 -64.95087031688978 43
1694494224369 -63.196906433111394 44
1694494224711 -61.49708879290567 45
1694494225080 -59.850352721919485 46
1694494225433 -58.25386934168022 47
1694494225781 -56.70737471814785 48
1694494226115 -55.20847012955371 49
