1694494207033 166.7152314131518 0
1694494207547 160.58854616760328 1
1694494207969 154.23342843582296 2
1694494208379 148.66181448587238 3
1694494208800 144.1975849340586 4
1694494209219 139.92738650351473 5
1694494209597 130.6219639907654 6
1694494209986 136.20251933969934 7
1694494210339 129.6432598640509 8
1694494210728 123.32623454925123 9
1694494211080 120.65991516441848 10
1694494211438 113.13674030402497 11
1694494211829 107.60186542379716 12
1694494212264 113.13901704960686 13
1694494212760 101.17968543637741 14
1694494213144 108.28165476589811 15
1694494213535 104.25771743028574 16
1694494213940 112.5473045163401 17
1694494214339 93.73581263063902 18
1694494214799 94.37439527099899 19
1694494215172 91.16745744751545 20
1694494215637 82.97403463119521 21
1694494216006 86.67574283887356 22
1694494216363 79.66903241659982 23
1694494216703 80.8645127131425 24
1694494217067 75.05911241453026 25
1694494217418 86.11072909998295 26
1694494217749 69.14415443472296 27
1694494218091 58.694967220847275 28
1694494218460 73.37071574055959 29
1694494218874 66.8220763030469 30
1694494219304 67.02752257844816 31
1694494219715 58.905794018952264 32
1694494220058 59.4295468708049 33
1694494220452 51.046568199254 34
1694494220801 65.19479520764332 35
1694494221132 61.868181734729255 36
1694494221546 59.9727494321283 37
1694494221899 47.345177961934446 38
1694494222259 50.52170757111426 39
1694494222649 51.57778589973402 40
1694494223024 50.509447549544106 41
1694494223396 51.705481996708585 42
1694494223736 47.53750288996691 43
1694494224133 42.978001979308004 44
1694494224468 43.203059347671086 45
1694494224831 42.80025625871325 46
1694494225185 45.13276382646043 47
1694494225528 40.702566081587335 48
1694494225889 36.497154724189336 49
