1694511665064 0.4005076386044896 0
1694511665446 0.22696857675462298 1
1694511665784 0.23224258463493103 2
1694511666143 0.42747585897976353 3
1694511666478 0.2122950763895138 4
1694511666824 0.22517609495728386 5
1694511667176 0.2350877544708503 6
1694511667511 0.21687065342345854 7
1694511667826 0.23149166793794135 8
1694511668149 0.27316967227036804 9
1694511668489 0.2208979437441257 10
1694511668827 0.22741824962663593 11
1694511669188 0.24742424815114739 12
1694511669532 0.25497051560672024 13
1694511669860 0.24166293182532037 14
1694511670203 0.26106058939008625 15
1694511670528 0.22134087190336135 16
1694511670869 0.22935536596724626 17
1694511671226 0.26287816438746153 18
1694511671587 0.25419401877426284 19
1694511671917 0.2487770343494565 20
1694511672266 0.24271193030033045 21
1694511672598 0.23258268575114488 22
1694511672984 0.2211107482320893 23
1694511673341 0.24633521199499223 24
1694511673669 0.2349685419190624 25
1694511674028 0.23603094475654768 26
1694511674378 0.2534136339551861 27
1694511674720 0.25189210487872105 28
1694511675041 0.6875375551461721 29
1694511675385 0.2397747706510707 30
1694511675759 0.2200316891231037 31
1694511676101 0.271614310920527 32
1694511676433 0.23048170513145844 33
1694511676796 0.2591307053289411 34
1694511677161 0.24779129099161393 35
1694511677497 0.2208219134982111 36
1694511677836 0.22110529966124656 37
1694511678162 0.23279794506797294 38
1694511678503 0.26116524095268506 39
1694511678845 0.23902601268348259 40
1694511679162 0.25512248700629653 41
1694511679497 0.23670336407501116 42
1694511679860 0.21956941976030828 43
1694511680180 0.23293889065337062 44
1694511680520 0.21916193998180147 45
1694511680840 0.2097196360627312 46
1694511681189 0.323976937509765 47
1694511681507 0.21934513784016546 48
1694511681840 0.22435453238138944 49
