1694511665192 0.4332857912084105 0
1694511665570 0.6788417872771941 1
1694511665911 0.6713791201144315 2
1694511666259 0.3951260354400987 3
1694511666596 0.6996046400871698 4
1694511666969 0.6813781306715221 5
1694511667295 0.6673532339214518 6
1694511667622 0.6931302454224587 7
1694511667938 0.672441659553843 8
1694511668281 0.6134677100642344 9
1694511668618 0.6874316708444473 10
1694511668950 0.6782055047664142 11
1694511669314 0.6498972216474985 12
1694511669635 0.639219330445933 13
1694511669979 0.6580494252722924 14
1694511670318 0.6306019383840779 15
1694511670659 0.6868049320332043 16
1694511670989 0.6754645049739224 17
1694511671374 0.6280300883685677 18
1694511671709 0.6403180655151779 19
1694511672048 0.6479830430248131 20
1694511672391 0.6565651031683237 21
1694511672732 0.6708978805164656 22
1694511673110 0.6871305546723718 23
1694511673468 0.651438196660438 24
1694511673810 0.6675219184619012 25
1694511674145 0.6660186293222452 26
1694511674499 0.6414223020456896 27
1694511674836 0.6435752501136136 28
1694511675170 0.027141397510416998 29
1694511675513 0.6607211540055178 30
1694511675882 0.6886574122656973 31
1694511676232 0.615668530452658 32
1694511676564 0.673870746586438 33
1694511676938 0.6333327045751602 34
1694511677280 0.6493778597855067 35
1694511677611 0.6875392528641258 36
1694511677957 0.6871382643443396 37
1694511678282 0.670593290786676 38
1694511678625 0.630453857494276 39
1694511678968 0.6617806388649243 40
1694511679294 0.6390042924712018 41
1694511679619 0.6650671628699024 42
1694511679979 0.6893115186819894 43
1694511680308 0.6703938542261408 44
1694511680630 0.6898880983973719 45
1694511680965 0.7032488617858323 46
1694511681286 0.5415759498437928 47
1694511681612 0.6896288753031088 48
1694511681959 0.6825406333064108 49
