1694511664970 0.05130734069880157 0
1694511665344 0.04662453604461565 1
1694511665688 0.010740138836360125 2
1694511666042 0.5168669971134066 3
1694511666389 0.013071873964068961 4
1694511666727 0.4358995625532573 5
1694511667084 0.0001938996179343151 6
1694511667416 0.00014971069559804626 7
1694511667742 0.03859066297736685 8
1694511668060 0.07841490277258373 9
1694511668398 0.021354482828130773 10
1694511668740 0.09301243745682938 11
1694511669094 0.01918937855417591 12
1694511669439 0.028691675028047026 13
1694511669761 0.33797845409472177 14
1694511670107 0.00024151567793395085 15
1694511670439 0.08313761995936804 16
1694511670785 0.17994003272099796 17
1694511671105 0.2232658486529001 18
1694511671500 0.16347995564595585 19
1694511671826 0.0006345339973680512 20
1694511672169 1.488602251436053 21
1694511672511 0.2427412816185729 22
1694511672897 0.11619973429761603 23
1694511673235 1.6396772196800684 24
1694511673584 0.01125205144039584 25
1694511673941 0.7259842133153915 26
1694511674285 1.3631937436191413 27
1694511674631 0.19890167330516875 28
1694511674956 1.4157628239008413 29
1694511675297 0.06128215160500877 30
1694511675661 0.003219246160971742 31
1694511676005 0.656709517428035 32
1694511676349 1.080046881831156 33
1694511676695 0.0002456643678484531 34
1694511677073 0.079632878740185 35
1694511677413 0.20613988347391787 36
1694511677745 0.12799488016064356 37
1694511678072 0.0011478425189708928 38
1694511678403 0.051014785507568765 39
1694511678754 0.04002567508411487 40
1694511679083 0.14925185289563472 41
1694511679412 0.27897975626549976 42
1694511679750 0.004668945311364812 43
1694511680094 0.4448514223351403 44
1694511680427 0.000569444793508132 45
1694511680752 0.4432461919529273 46
1694511681103 0.005353054356300184 47
1694511681408 0.01258348397441953 48
1694511681745 0.11539609821055172 49
