1694491742020 162.0140191022444 0
1694491742425 155.622343824087 1
1694491742823 149.50663868989486 2
1694491743247 143.65462674321134 3
1694491743611 138.05458583174675 4
1694491744008 132.69532345520426 5
1694491744399 127.56615261214269 6
1694491744775 122.656868754356 7
1694491745135 117.95772779780383 8
1694491745492 113.45942514148199 9
1694491745933 109.15307564786275 10
1694491746294 105.03019454067447 11
1694491746635 101.08267917782894 12
1694491746960 97.30279165924996 13
1694491747297 93.68314223121341 14
1694491747654 90.21667345057736 15
1694491748039 86.89664507397002 16
1694491748408 83.71661963861307 17
1694491748776 80.67044870299333 18
1694491749139 77.75225971706135 19
1694491749499 74.95644349303214 20
1694491749883 72.27764224919608 21
1694491750280 69.71073820041929 22
1694491750715 67.25084267022551 23
1694491751116 64.8932857005076 24
1694491751454 62.63360613602015 25
1694491751796 60.46754216185708 26
1694491752201 58.39102227312176 27
1694491752570 56.40015665695401 28
1694491752986 54.49122896799239 29
1694491753352 52.66068847922068 30
1694491753695 50.90514259097837 31
1694491754102 49.221349681707835 32
1694491754500 47.60621228476622 33
1694491754825 46.05677057635216 34
1694491755227 44.570196160284134 35
1694491755588 43.143786136024374 36
1694491755959 41.774957436967675 37
1694491756378 40.46124142661131 38
1694491756813 39.20027874079222 39
1694491757202 37.98981436472045 40
1694491757626 36.82769293405627 41
1694491758018 35.71185424977256 42
1694491758435 34.64032899701563 43
1694491758859 33.61123465862756 44
1694491759225 32.62277161442181 45
1694491759703 31.673219417713796 46
1694491760097 30.760933240997936 47
1694491760477 29.884340483035427 48
1694491760875 29.041937529972405 49
