1694491742175 -237.9182446908701 0
1694491742540 -228.4925922284886 1
1694491742996 -219.47390641472566 2
1694491743389 -210.84408271206647 3
1694491743735 -202.5858347395881 4
1694491744137 -194.68265718164298 5
1694491744538 -187.11879016979816 6
1694491744894 -179.87918529800365 7
1694491745264 -172.9494731958312 8
1694491745650 -166.31593258809866 9
1694491746055 -159.9654607724984 10
1694491746397 -153.8855454500044 11
1694491746742 -148.06423784583896 12
1694491747067 -142.49012706164876 13
1694491747419 -137.15231560227718 14
1694491747808 -132.04039602312892 15
1694491748165 -127.14442864661245 16
1694491748542 -122.45492029852112 17
1694491748906 -117.9628040174768 18
1694491749261 -113.65941969272215 19
1694491749622 -109.5364955876065 20
1694491750014 -105.58613070807634 21
1694491750410 -101.80077797735612 22
1694491750859 -98.17322817979252 23
1694491751230 -94.6965946385416 24
1694491751566 -91.36429859340451 25
1694491751920 -88.17005524666935 26
1694491752343 -85.10786044629697 27
1694491752708 -82.17197797720009 28
1694491753115 -79.35692743271179 29
1694491753470 -76.65747263962442 30
1694491753826 -74.06861061140431 31
1694491754257 -71.58556100535773 32
1694491754602 -69.2037560606366 33
1694491754954 -66.91883099503785 34
1694491755351 -64.72661483956315 35
1694491755705 -62.62312169067377 36
1694491756072 -60.60454236109906 37
1694491756513 -58.66723641093584 38
1694491756957 -56.80772454161756 39
1694491757361 -55.02268133613183 40
1694491757767 -53.30892832962992 41
1694491758133 -51.66342739530033 42
1694491758609 -50.08327443107405 43
1694491758972 -48.56569333339246 44
1694491759396 -47.108030244901364 45
1694491759853 -45.70774806353861 46
1694491760224 -44.36242120105799 47
1694491760625 -43.06973057958182 48
1694491760993 -41.82745885529846 49
