1694491741845 169.35337134490706 0
1694491742295 162.70867850110014 1
1694491742638 156.356652630847 2
1694491743111 150.2775679235123 3
1694491743485 144.45930409181153 4
1694491743871 138.89028848692385 5
1694491744271 133.55947125445263 6
1694491744638 128.45630147774307 7
1694491745004 123.57070441632419 8
1694491745357 118.89305978901601 9
1694491745801 114.41418105357815 10
1694491746156 110.12529563699587 11
1694491746513 106.01802607262174 12
1694491746831 102.08437200241082 13
1694491747178 98.31669300441631 14
1694491747528 94.707692207551 15
1694491747920 91.25040065737372 16
1694491748263 87.93816239833313 17
1694491748638 84.76462023949603 18
1694491749001 81.72370217230903 19
1694491749366 78.80960841039466 20
1694491749739 76.01679902276527 21
1694491750126 73.33998213316038 22
1694491750516 70.77410265947069 23
1694491750982 68.31433156841385 24
1694491751336 65.95605562177201 25
1694491751663 63.69486759159422 26
1694491752027 61.52655692280783 27
1694491752445 59.447100822678536 28
1694491752809 57.45265575750468 29
1694491753221 55.539549337837144 30
1694491753565 53.70427257437802 31
1694491753928 51.94347248753333 32
1694491754368 50.253945054380594 33
1694491754695 48.632628477559436 34
1694491755077 47.0765967613076 35
1694491755477 45.583053580545766 36
1694491755812 44.149326429563125 37
1694491756197 42.772861037476204 38
1694491756651 41.45121603822297 39
1694491757077 40.18205788341857 40
1694491757500 38.96315598693642 41
1694491757900 37.79237809059071 42
1694491758254 36.66768584078565 43
1694491758715 35.58713056646337 44
1694491759078 34.54884924912686 45
1694491759526 33.55106067613922 46
1694491759968 32.592061768904955 47
1694491760341 31.670224077925287 48
1694491760747 30.78399043708792 49
