1694510692208 168.02646685215834 0
1694510692582 167.3608997558899 1
1694510692933 166.69809703439088 2
1694510693277 166.0380470760343 3
1694510693617 165.38073831826665 4
1694510693976 164.72615924739972 5
1694510694298 164.0745710540947 6
1694510694651 163.4254169916238 7
1694510694971 162.77895836242573 8
1694510695293 162.135183846237 9
1694510695638 161.4940821706312 10
1694510695967 160.85564211081592 11
1694510696337 160.2198524894307 12
1694510696678 159.58670217634543 13
1694510697057 158.9564516628356 14
1694510697425 158.32854673298792 15
1694510697804 157.70324799885833 16
1694510698189 157.08054451727222 17
1694510698584 156.4604253912918 18
1694510698983 155.84287977002018 19
1694510699383 155.2278968484057 20
1694510699791 154.6157364749334 21
1694510700203 154.0058466786849 22
1694510700633 153.39848743658732 23
1694510701003 152.7936481250617 24
1694510701369 152.19131816540997 25
1694510701773 151.59175694883393 26
1694510702150 150.99441408696342 27
1694510702516 150.3995491048407 28
1694510702909 149.80715160142296 29
1694510703288 149.21721121960417 30
1694510703693 148.62998687433839 31
1694510704088 148.0449297836814 32
1694510704474 147.46229900171312 33
1694510704874 146.88208434524591 34
1694510705228 146.30454435241944 35
1694510705636 145.72913150811814 36
1694510706028 145.15610449379955 37
1694510706419 144.58545329726144 38
1694510706840 144.0174360681143 39
1694510707245 143.4515065728475 40
1694510707627 142.88792310851034 41
1694510707978 142.32694354769868 42
1694510708381 141.76802258371546 43
1694510708787 141.21141823969518 44
1694510709208 140.65712079575863 45
1694510709626 140.10538771589535 46
1694510709996 139.5556750003757 47
1694510710363 139.00824026772628 48
1694510710742 138.46334069011527 49
