1694510692338 -246.78465928057588 0
1694510692726 -245.80316321470704 1
1694510693057 -244.8257437069733 2
1694510693395 -243.85238363398287 3
1694510693766 -242.88306594471135 4
1694510694099 -241.9177736601948 5
1694510694423 -240.956891952128 6
1694510694770 -239.99959979927044 7
1694510695084 -239.04628253815244 8
1694510695428 -238.09692347504904 9
1694510695758 -237.1515059867794 10
1694510696091 -236.21001352040747 11
1694510696458 -235.27242959294395 12
1694510696823 -234.33873779104906 13
1694510697193 -233.40932225504994 14
1694510697532 -232.48336569583833 15
1694510697954 -231.5612524318536 16
1694510698308 -230.6429663254546 17
1694510698729 -229.7284913071849 18
1694510699135 -228.81781137548316 19
1694510699536 -227.9109105963952 20
1694510699920 -227.0081721623403 21
1694510700360 -226.10878209485108 22
1694510700774 -225.2131237757574 23
1694510701130 -224.3211815387184 24
1694510701533 -223.43293978357806 25
1694510701909 -222.5487810284109 26
1694510702307 -221.6678936284961 27
1694510702660 -220.7906602992795 28
1694510703042 -219.91706570258907 29
1694510703436 -219.04709456504534 30
1694510703849 -218.18112870241154 31
1694510704241 -217.31835883892518 32
1694510704609 -216.45916699551515 33
1694510704998 -215.60353815527523 34
1694510705380 -214.75185357828934 35
1694510705780 -213.90330585695733 36
1694510706159 -213.05827646271064 37
1694510706558 -212.21675063079115 38
1694510706982 -211.37910904832813 39
1694510707400 -210.54454619767378 40
1694510707762 -209.7134429833818 41
1694510708132 -208.88617968407442 42
1694510708514 -208.06195214885398 43
1694510708952 -207.24114087833843 44
1694510709353 -206.42373153885168 45
1694510709761 -205.61010380645382 46
1694510710122 -204.79945545760123 47
1694510710494 -203.99216639624618 48
1694510710878 -203.18861586810664 49
