1694510692079 169.35337134490703 0
1694510692446 168.6826201265469 1
1694510692813 168.02168055557664 2
1694510693143 167.36347261624434 3
1694510693498 166.70798485173964 4
1694510693860 166.05520585368214 5
1694510694182 165.4051242619157 6
1694510694521 164.75769767391319 7
1694510694849 164.11297787714548 8
1694510695168 163.4709216869614 9
1694510695505 162.83151793410067 10
1694510695836 162.19475549651165 11
1694510696195 161.5606232991505 12
1694510696562 160.9291103137819 13
1694510696917 160.3002055587798 14
1694510697287 159.67387027948632 15
1694510697650 159.05015007108716 16
1694510698049 158.42900541947034 17
1694510698422 157.81042552751435 18
1694510698827 157.19439964372557 19
1694510699245 156.5809170620444 20
1694510699641 155.96996712165216 21
1694510700026 155.36151417517678 22
1694510700470 154.7555985381856 23
1694510700872 154.15218382330028 24
1694510701238 153.5512595487904 25
1694510701641 152.95281527721397 26
1694510702016 152.3568175496665 27
1694510702402 151.76330295561252 28
1694510702773 151.1722373098547 29
1694510703144 150.58361035026806 30
1694510703542 149.9974118580835 31
1694510703956 149.41361051958825 32
1694510704342 148.83223927089512 33
1694510704719 148.25326608552038 34
1694510705101 147.67668091632058 35
1694510705471 147.1024541502099 36
1694510705889 146.53061582191728 37
1694510706272 145.96113561630503 38
1694510706662 145.3940036549585 39
1694510707089 144.82919199841533 40
1694510707506 144.2667278255293 41
1694510707854 143.70658250538548 42
1694510708233 143.14872935520793 43
1694510708633 142.5931934034963 44
1694510709067 142.0399472839405 45
1694510709459 141.48898140658613 46
1694510709869 140.94027071573623 47
1694510710230 140.39383746258008 48
1694510710601 139.84965591827788 49
