1694511802948 0.3440411077304239 0
1694511803294 0.2124238987871509 1
1694511803627 0.48154504621821054 2
1694511803952 0.19491814730509155 3
1694511804254 0.201571944539994 4
1694511804585 0.19998062710222192 5
1694511804887 0.2689494736478803 6
1694511805205 0.2295551956377457 7
1694511805544 0.19714257889285566 8
1694511805828 0.1986777075780197 9
1694511806168 0.20212304674648918 10
1694511806514 2.296410355155935 11
1694511806827 0.20627903195111388 12
1694511807132 0.1989245885473495 13
1694511807480 0.20571599632400572 14
1694511807810 0.19728070710791068 15
1694511808166 0.25085337582665196 16
1694511808511 0.20471214155140605 17
1694511808821 0.25214660673545936 18
1694511809180 0.21505616673160735 19
1694511809503 0.213985161377001 20
1694511809815 2.042907727059194 21
1694511810122 0.21424630927288815 22
1694511810462 4.960361924856261 23
1694511810773 0.20493419728100865 24
1694511811084 0.202911402476828 25
1694511811413 0.19697815032382646 26
1694511811742 0.20238196272965392 27
1694511812059 0.19536986559094696 28
1694511812384 1.237643115673347 29
1694511812725 0.20496002548611075 30
1694511813087 0.1992005742744198 31
1694511813397 0.20166141858028996 32
1694511813708 0.19461583640995148 33
1694511814045 0.19726307855639527 34
1694511814358 0.20200963978274625 35
1694511814681 0.2026289184237301 36
1694511814998 0.22105575085619703 37
1694511815303 0.2044298863306097 38
1694511815599 0.22120449554179 39
1694511815921 0.20333624658067048 40
1694511816281 0.2903720699553091 41
1694511816583 0.20335633245127807 42
1694511816909 0.19647016172412773 43
1694511817186 0.3435575844408159 44
1694511817516 0.3201328732875686 45
1694511817845 0.19966416829709202 46
1694511818208 0.19795711693412169 47
1694511818546 0.2859613272032299 48
1694511818875 0.20647543051206677 49
