1694511803080 0.4926507100068803 0
1694511803412 0.686743497199533 1
1694511803738 0.28987690189061555 2
1694511804067 0.7125588151532758 3
1694511804377 0.7027466176366608 4
1694511804686 0.7050932958505909 5
1694511805009 0.6033865679615449 6
1694511805339 0.6614803786403955 7
1694511805641 0.7092784984663099 8
1694511805969 0.7070146804778027 9
1694511806311 0.7019339202383079 10
1694511806645 -2.3864620739859976 11
1694511806928 0.6958051870857557 12
1694511807253 0.7066506109474824 13
1694511807619 0.6966354824174343 14
1694511807922 0.709074804052295 15
1694511808302 0.6300724557085408 16
1694511808622 0.6981158433239971 17
1694511808948 0.6281653586534566 18
1694511809297 0.682861753876761 19
1694511809603 0.6844411401594728 20
1694511809908 -2.012627739988189 21
1694511810275 0.6840560315297639 22
1694511810579 -6.314928490047352 23
1694511810888 0.6977883829879461 24
1694511811200 0.7007713506759439 25
1694511811546 0.709520977390709 26
1694511811847 0.7015521029575387 27
1694511812174 0.7118926768737037 28
1694511812519 -0.8251230503936018 29
1694511812862 0.6977502947443441 30
1694511813205 0.7062436213188272 31
1694511813501 0.7026146723841984 32
1694511813848 0.7130046258850756 33
1694511814155 0.7091008004605555 34
1694511814474 0.7021011588073116 35
1694511814805 0.701187923232401 36
1694511815098 0.6740143089712829 37
1694511815404 0.6985320784268677 38
1694511815707 0.6737949586990912 39
1694511816062 0.700144843117402 40
1694511816380 0.5717951715203395 41
1694511816711 0.7001152229587562 42
1694511817011 0.71027009617213 43
1694511817314 0.4933637503737599 44
1694511817655 0.5279076182571469 45
1694511817981 0.7055599701708599 46
1694511818340 0.7080773184688529 47
1694511818659 0.5782995896068059 48
1694511818991 0.6955155627698928 49
