1694511802847 0.01344087484270902 0
1694511803215 0.13474048327530383 1
1694511803542 0.7294197206199058 2
1694511803864 0.17975970513652617 3
1694511804180 0.005480904107224526 4
1694511804500 0.17438731043518663 5
1694511804810 0.07496734141972639 6
1694511805124 0.9040291757488217 7
1694511805462 0.004500875503551147 8
1694511805751 0.001989085175778489 9
1694511806084 0.07091983219797579 10
1694511806433 4.769674854150507 11
1694511806754 0.041816175498310675 12
1694511807043 0.14613018335657513 13
1694511807379 0.16911726723878057 14
1694511807729 0.0008830753198458777 15
1694511808058 0.07748344221961541 16
1694511808415 0.01794784657173662 17
1694511808729 0.6581429857160278 18
1694511809074 0.191215112577725 19
1694511809415 0.15460289242274472 20
1694511809729 1.5055880038147741e-05 21
1694511810030 5.217147502608401 22
1694511810380 1.5378516048087103 23
1694511810702 0.001031606154892465 24
1694511811007 0.029183375964149067 25
1694511811326 0.046693936771377044 26
1694511811659 0.037680337004340834 27
1694511811972 0.011813678803130974 28
1694511812292 0.869164840268089 29
1694511812630 0.1479607174664376 30
1694511812992 0.5745465941858678 31
1694511813319 7.84141081521233e-05 32
1694511813615 0.1589698181614024 33
1694511813968 0.030820955485952043 34
1694511814275 0.03189817859710208 35
1694511814591 0.0005130286416500796 36
1694511814923 0.005571672741013106 37
1694511815227 0.4772113597283091 38
1694511815512 0.0004951426852019452 39
1694511815825 0.029639095897058817 40
1694511816192 0.04745973976157331 41
1694511816499 0.18572226407234468 42
1694511816827 0.025653687924413023 43
1694511817115 0.029163170498038883 44
1694511817430 0.002857518489956172 45
1694511817764 0.010968824084290927 46
1694511818109 0.09227613474973492 47
1694511818458 0.13560760147667278 48
1694511818785 0.04794269357695238 49
