1694494160125 -169.83462933782604 0
1694494160524 -121.90002615604928 1
1694494160938 -88.23868136358043 2
1694494161330 -64.5376431686838 3
1694494161689 -47.801057512292246 4
1694494162050 -35.94437065555771 5
1694494162390 -27.5131306645799 6
1694494162719 -21.48459824586311 7
1694494163113 -17.147352105165993 8
1694494163513 -14.006760208664923 9
1694494163906 -11.711949259748684 10
1694494164306 -10.02110815906528 11
1694494164715 -8.760926272862447 12
1694494165094 -7.807915871391675 13
1694494165453 -7.078935554527568 14
1694494165802 -6.514978752801296 15
1694494166194 -6.068836300097912 16
1694494166565 -5.709865104737186 17
1694494166896 -5.417674706273069 18
1694494167260 -5.17512170787254 19
1694494167592 -4.971990047269709 20
1694494168019 -4.798609602769513 21
1694494168400 -4.648442794700605 22
1694494168793 -4.5169458191153735 23
1694494169161 -4.40038595158032 24
1694494169506 -4.29570804303243 25
1694494169907 -4.2014868825316185 26
1694494170296 -4.1157210773342205 27
1694494170645 -4.0371805906261065 28
1694494170993 -3.9643417648690322 29
1694494171325 -3.8972127181792002 30
1694494171660 -3.834440367082742 31
1694494172020 -3.7756914174422063 32
1694494172396 -3.720323396103834 33
1694494172769 -3.6683591987700055 34
1694494173150 -3.6189109056641318 35
1694494173542 -3.571791155674565 36
1694494173929 -3.5267304329732987 37
1694494174266 -3.4833140701122094 38
1694494174681 -3.4417307632376195 39
1694494175097 -3.402081778621711 40
1694494175480 -3.3636711881499295 41
1694494175830 -3.326379686918206 42
1694494176234 -3.290365713985035 43
1694494176659 -3.2552749164915564 44
1694494177013 -3.2214126875186677 45
1694494177397 -3.188130919859499 46
1694494177778 -3.155696562361271 47
1694494178138 -3.124331149673842 48
1694494178526 -3.0935498674640165 49
