1694494159864 120.60219008813061 0
1694494160237 87.05027553050135 1
1694494160635 69.15314630263572 2
1694494161054 46.24974343008442 3
1694494161433 32.86960800598961 4
1694494161786 25.47287147749071 5
1694494162151 18.69033142046594 6
1694494162477 11.581242391115056 7
1694494162815 12.063009281320099 8
1694494163241 11.140798731475856 9
1694494163642 10.369791679808728 10
1694494164021 5.695301042644138 11
1694494164425 6.70046228875105 12
1694494164833 10.958982181186126 13
1694494165194 6.259273268048688 14
1694494165542 3.3700106217364594 15
1694494165932 4.818750047711764 16
1694494166312 6.054280062511687 17
1694494166663 3.960619942085462 18
1694494166990 4.386997643965402 19
1694494167358 2.588184665647052 20
1694494167711 3.402629735976834 21
1694494168124 3.4828693312282724 22
1694494168509 3.6641229938255364 23
1694494168904 2.829735317724178 24
1694494169254 5.802062075948245 25
1694494169680 2.569157848917257 26
1694494170030 4.889872252106192 27
1694494170394 4.464194750525337 28
1694494170741 4.3830979991598085 29
1694494171079 4.935438397735826 30
1694494171432 7.158053859619333 31
1694494171775 1.5514947412723528 32
1694494172108 2.571041674237112 33
1694494172503 2.618918143282025 34
1694494172874 2.9598801823989023 35
1694494173268 3.389900879941311 36
1694494173678 4.359423658142585 37
1694494174039 2.1805505144196697 38
1694494174403 3.625316015323611 39
1694494174805 3.3693566141924025 40
1694494175221 3.4452797050742636 41
1694494175570 4.423194195728914 42
1694494175953 3.3906185932245876 43
1694494176364 4.138453450351534 44
1694494176775 3.4055248216701877 45
1694494177121 3.6767688923815323 46
1694494177499 2.290805857054532 47
1694494177878 2.635164322921038 48
1694494178252 3.254787580086356 49
