1694492971905 164.00074704463978 0
1694492972265 159.08105178459456 1
1694492972649 154.31785427102756 2
1694492973016 149.70517533236585 3
1694492973342 145.23940970314544 4
1694492973720 140.91545898761748 5
1694492974052 136.72623022957623 6
1694492974389 132.66931039566413 7
1694492974721 128.74117343201857 8
1694492975088 124.93801536733713 9
1694492975411 121.25480239118762 10
1694492975754 117.68679366776931 11
1694492976077 114.23189777119748 12
1694492976483 110.88603099888712 13
1694492976842 107.64557961023418 14
1694492977288 104.50731114769722 15
1694492977644 101.4672462130169 16
1694492977964 98.52413473802544 17
1694492978320 95.67238432269922 18
1694492978649 92.91062241709433 19
1694492978938 90.23599263033849 20
1694492979270 87.64539136526659 21
1694492979616 85.13553770487601 22
1694492979893 82.70421891357083 23
1694492980202 80.34919427432659 24
1694492980500 78.06779400399593 25
1694492980828 75.85792490835705 26
1694492981192 73.71693999029173 27
1694492981547 71.64257314528953 28
1694492981921 69.63348994093072 29
1694492982304 67.68669165023422 30
1694492982620 65.80061191292181 31
1694492982918 63.973150395987304 32
1694492983253 62.202772958010826 33
1694492983590 60.48725658065732 34
1694492983892 58.82532168976779 35
1694492984209 57.21452234095594 36
1694492984501 55.65374880571272 37
1694492984813 54.141695013440504 38
1694492985155 52.67580428231978 39
1694492985537 51.25568525923771 40
1694492985870 49.87915466503793 41
1694492986190 48.54536772895143 42
1694492986520 47.25253321693477 43
1694492986792 45.99927028078432 44
1694492987212 44.785382933411135 45
1694492987593 43.60823763734728 46
1694492987988 42.46746649653818 47
1694492988319 41.36175929566799 48
1694492988625 40.28974641288213 49
