1694492972068 -231.05937825923598 0
1694492972417 -224.09805982719098 1
1694492972792 -217.35818410440885 2
1694492973135 -210.8312906243203 3
1694492973467 -204.51227797319945 4
1694492973827 -198.3939319732518 5
1694492974165 -192.46621616405398 6
1694492974508 -186.72571612810626 7
1694492974863 -181.16744253528788 8
1694492975225 -175.78601280514556 9
1694492975551 -170.57430414744687 10
1694492975884 -165.5256083280637 11
1694492976264 -160.63696600077836 12
1694492976644 -155.9025987682362 13
1694492977004 -151.31739322447487 14
1694492977436 -146.87677547516265 15
1694492977772 -142.57511471249796 16
1694492978095 -138.4106421028199 17
1694492978463 -134.37544445734216 18
1694492978765 -130.46757963194435 19
1694492979063 -126.68300586278188 20
1694492979422 -123.01733159163639 21
1694492979724 -119.46591435453462 22
1694492980007 -116.02562315325913 23
1694492980320 -112.69328739615771 24
1694492980618 -109.46512936740628 25
1694492980964 -106.3381872186082 26
1694492981333 -103.30871547593738 27
1694492981673 -100.37350762470876 28
1694492982099 -97.53067545670848 29
1694492982421 -94.77597580395505 30
1694492982736 -92.10719228268897 31
1694492983037 -89.52135294320675 32
1694492983374 -87.01628699110366 33
1694492983706 -84.58884887819171 34
1694492984009 -82.2372280201344 35
1694492984318 -79.95796343066326 36
1694492984604 -77.74948485529784 37
1694492984916 -75.60994421751218 38
1694492985294 -73.53572383870343 39
1694492985654 -71.52626995822301 40
1694492985987 -69.57849325841403 41
1694492986311 -67.69119839728589 42
1694492986616 -65.86185079700327 43
1694492986935 -64.08849657149321 44
1694492987322 -62.3708584010311 45
1694492987757 -60.70520985705825 46
1694492988094 -59.09103037042346 47
1694492988427 -57.52646599986693 48
1694492988737 -56.00957874448471 49
