1694492971774 166.75255403482282 0
1694492972169 162.96754393432536 1
1694492972535 151.58568937174903 2
1694492972903 152.24095528324582 3
1694492973239 143.43505950938302 4
1694492973590 131.69835963440107 5
1694492973948 134.34008110938197 6
1694492974265 128.3962491176755 7
1694492974593 126.76646423563162 8
1694492974983 130.80559371367218 9
1694492975323 127.94084103172639 10
1694492975646 112.9128727048344 11
1694492975972 113.58225051197934 12
1694492976372 113.5976018871159 13
1694492976754 104.98629464696633 14
1694492977158 107.00871863439737 15
1694492977529 98.85441397669071 16
1694492977871 105.06723578406152 17
1694492978188 94.1152839791428 18
1694492978547 94.00213376412768 19
1694492978855 84.91642671224642 20
1694492979163 87.38317094955077 21
1694492979507 84.36317158089294 22
1694492979812 80.23439365969637 23
1694492980101 82.7390974529163 24
1694492980399 76.68650260595643 25
1694492980721 76.91121209125089 26
1694492981089 72.51712816272675 27
1694492981445 80.78172292931724 28
1694492981805 68.0081245870424 29
1694492982198 80.68048039926028 30
1694492982517 67.6192575665071 31
1694492982822 65.40256413178835 32
1694492983150 64.89269032220244 33
1694492983485 59.01591238021898 34
1694492983805 50.9858256789429 35
1694492984104 56.37195217386713 36
1694492984414 53.53096270581639 37
1694492984712 47.48800442967058 38
1694492985029 53.955555559119475 39
1694492985429 50.41857707457741 40
1694492985772 50.21746965125231 41
1694492986088 46.909566467562655 42
1694492986410 46.92317007692908 43
1694492986708 50.8349163000521 44
1694492987067 33.82312166429679 45
1694492987424 42.95718531601521 46
1694492987873 40.77540831806279 47
1694492988205 35.51369600629386 48
1694492988525 40.52447658577129 49
