1694510193279 0.3712189764769582 0
1694510193599 0.3211692819676648 1
1694510193920 0.6150494848875396 2
1694510194219 0.3396737018073427 3
1694510194547 0.3253540877876963 4
1694510194859 0.3339524257007057 5
1694510195176 0.3094735648695866 6
1694510195473 0.3229037782193073 7
1694510195818 0.32700540122948507 8
1694510196140 0.30767313219110176 9
1694510196487 0.3110864457120136 10
1694510196821 0.32151084317185086 11
1694510197167 0.30334491447350026 12
1694510197495 0.3319533980126524 13
1694510197798 0.319963754888357 14
1694510198135 0.3144499434496097 15
1694510198470 0.33285137953175253 16
1694510198775 0.32174124575176105 17
1694510199112 0.30658100775952474 18
1694510199431 0.3351632547618107 19
1694510199743 0.3281002565685471 20
1694510200075 0.3488577115065532 21
1694510200388 0.313579337049115 22
1694510200722 0.32005938132839584 23
1694510201056 0.3233731121749571 24
1694510201448 0.3230232901498621 25
1694510201792 0.3447578680855079 26
1694510202091 0.3439160138331422 27
1694510202390 0.3277196016286948 28
1694510202699 0.3469922548180649 29
1694510202997 0.3287334263328403 30
1694510203313 0.32628411531681795 31
1694510203656 0.33553749851053233 32
1694510203978 0.31056098000286253 33
1694510204294 0.33022493439029377 34
1694510204651 0.3153390151565658 35
1694510204959 0.3265580492160911 36
1694510205270 0.3235162813540869 37
1694510205591 0.3078829711904275 38
1694510205897 0.32144753374494955 39
1694510206219 0.32493931117932 40
1694510206542 0.3338193208992051 41
1694510206888 0.33372847525655197 42
1694510207220 0.3069637819427421 43
1694510207534 0.3465691898960068 44
1694510207894 0.31811219700164756 45
1694510208227 0.3384287537332813 46
1694510208542 0.3284234319802995 47
1694510208876 0.33474533279060714 48
1694510209196 0.30793611205673926 49
