1694510193401 0.4747289483027485 0
1694510193701 0.545548753695037 1
1694510194032 0.12971127489549605 2
1694510194342 0.5193651890441107 3
1694510194659 0.539627296297847 4
1694510194978 0.527460736168626 5
1694510195278 0.5620980736645196 6
1694510195613 0.5430944592542952 7
1694510195942 0.5372907046815398 8
1694510196251 0.5646456674742788 9
1694510196614 0.5598158637828904 10
1694510196954 0.5450654480875368 11
1694510197276 0.5707700512384809 12
1694510197600 0.5302893398839883 13
1694510197928 0.5472545621717672 14
1694510198266 0.5550565489149499 15
1694510198569 0.529018705226733 16
1694510198894 0.5447394307955012 17
1694510199226 0.5661910123653268 18
1694510199541 0.525747425441927 19
1694510199865 0.5357414955843558 20
1694510200181 0.506369909332699 21
1694510200500 0.5562884480596064 22
1694510200839 0.5471192517380011 23
1694510201237 0.5424303565114315 24
1694510201572 0.5429253510959553 25
1694510201884 0.5121711458050489 26
1694510202202 0.5133623609544267 27
1694510202500 0.5362801184276371 28
1694510202796 0.5090095114509886 29
1694510203109 0.5348455668493821 30
1694510203440 0.5383113168644533 31
1694510203761 0.5252178743684668 32
1694510204095 0.5605593923823604 33
1694510204438 0.5327350982160468 34
1694510204754 0.5537985215506724 35
1694510205067 0.5379237032011317 36
1694510205385 0.5422277735885276 37
1694510205681 0.5643487474382693 38
1694510206008 0.5451550302785292 39
1694510206328 0.5402142009528001 40
1694510206646 0.5276490781002097 41
1694510207014 0.5277776237546139 42
1694510207343 0.5656493908143778 43
1694510207690 0.5096081439849574 44
1694510208008 0.5498744976278163 45
1694510208336 0.5211267778248805 46
1694510208652 0.5352842056849414 47
1694510208978 0.5263387807530828 48
1694510209312 0.5642735536564196 49
