1694510193179 0.04229765964232059 0
1694510193514 0.30818777605885833 1
1694510193828 1.9669735987878983e-05 2
1694510194137 0.004540535246701016 3
1694510194460 0.7177534208277782 4
1694510194781 1.604921175486866 5
1694510195094 0.31838113415944175 6
1694510195394 1.2345994496450492 7
1694510195729 0.0246130783658077 8
1694510196061 0.2382724727304624 9
1694510196369 0.38474957526059256 10
1694510196730 1.6255816283689721 11
1694510197084 0.693518098160486 12
1694510197403 1.2329866016772453 13
1694510197724 0.16173886708234336 14
1694510198055 0.9339153345304441 15
1694510198385 0.0423620043003138 16
1694510198692 0.45770051798163297 17
1694510199024 0.16091062859342675 18
1694510199343 0.7064347443213574 19
1694510199657 0.5870444743970245 20
1694510199990 0.0006880478116113539 21
1694510200310 0.07497049992032387 22
1694510200639 1.7972926858315474 23
1694510200971 0.0020636109236665226 24
1694510201363 0.2001028391834478 25
1694510201697 0.023325286298584533 26
1694510202004 0.03437370135587369 27
1694510202309 0.08392342994065195 28
1694510202620 0.08856226130781715 29
1694510202915 0.10037196191589068 30
1694510203233 0.004917290530894724 31
1694510203565 0.5643877624017031 32
1694510203892 0.06570771326502478 33
1694510204205 0.005780306008093825 34
1694510204551 0.37262385308662277 35
1694510204869 1.042203257688702 36
1694510205189 0.025126060711190154 37
1694510205504 0.3626664027861416 38
1694510205806 0.3845982576325721 39
1694510206127 0.16635127516891815 40
1694510206458 0.5548308658717396 41
1694510206782 0.4500204413317043 42
1694510207134 3.595893361789767e-06 43
1694510207449 0.0006114293984251596 44
1694510207822 0.2198866916596354 45
1694510208145 0.05257959502340249 46
1694510208462 1.1800902558256576 47
1694510208775 0.4242575300878592 48
1694510209094 1.8124818722347298 49
