1694507584669 4.968056796003885 0
1694507585058 4.219596468697182 1
1694507596616 5.705516704343404 2
1694507596993 4.726099989883935 3
1694507597405 4.194521487037593 4
1694507597779 4.467928430769842 5
1694507598210 3.977401664617996 6
1694507598595 4.202126660857198 7
1694507598958 4.359579392788518 8
1694507599344 4.510002483736816 9
1694507599714 3.9092521350227942 10
1694507600058 4.680679730247802 11
1694507641435 4.3015182376022505 12
1694507709867 3.9499425705944007 13
1694507785863 4.668957644085777 14
1694507804062 4.165103118208755 15
1694507804436 3.9724540608131904 16
1694507804821 4.08279489980697 17
1694507805237 4.58316919992311 18
1694507805600 4.591061617387497 19
1694507805967 4.542190370943117 20
1694507806342 5.170384291227538 21
1694507806754 4.272642828904291 22
1694507807116 4.541153806911922 23
1694507807518 4.974844736875303 24
1694507807918 4.3722354605914 25
1694507808260 4.39760252517093 26
1694507808608 3.575653394089571 27
1694507808979 4.231171314827516 28
1694507809365 13.002531836945098 29
1694507809764 4.195966038118943 30
1694507810150 4.259585778615224 31
1694507820767 7.0310817179689895 32
1694507821192 8.601072716171155 33
1694507821577 4.507543027044766 34
1694507821979 4.767881180761711 35
1694507822360 3.7347595992711335 36
1694507822752 4.278698616027393 37
1694507823163 4.4805311851173615 38
1694507823551 3.978449311526376 39
1694507823974 4.148781640749793 40
1694507824335 4.478095561378112 41
1694507824756 3.7115541812264268 42
1694507825164 4.473437803127283 43
1694507842892 10.838064840518395 44
1694507843315 4.796712400805423 45
1694507843714 4.488411780685038 46
1694507844207 4.106998297652377 47
1694507844601 4.21949170923035 48
1694507845007 4.058508422522746 49
