1694507584820 -6.326275934656776 0
1694507585203 -5.222539180197146 1
1694507596753 -7.413790631265689 2
1694507597153 -5.96946795143709 3
1694507597554 -5.185561697402995 4
1694507597948 -5.588748455220419 5
1694507598351 -4.865380227012172 6
1694507598729 -5.196776867482827 7
1694507599101 -5.42896868979095 8
1694507599475 -5.650794066690353 9
1694507599837 -4.764881726465013 10
1694507600225 -5.90248776808135 11
1694507655666 -5.343347276541069 12
1694507742037 -4.82488695006446 13
1694507795720 -5.8852014846753535 14
1694507804205 -5.142179124208393 15
1694507804578 -4.858084112620218 16
1694507804991 -5.020801139925583 17
1694507805370 -5.758691293719777 18
1694507805742 -5.770330055213429 19
1694507806108 -5.698260783177299 20
1694507806480 -6.624643509755504 21
1694507806887 -5.300765393818351 22
1694507807277 -5.696732186700186 23
1694507807668 -6.336285950623611 24
1694507808039 -5.447632293847613 25
1694507808388 -5.485040504420284 26
1694507808762 -4.272931547977367 27
1694507809115 -5.2396083322084985 28
1694507809496 -18.17452637885361 29
1694507809906 -5.187691942740002 30
1694507820536 -5.281510470366724 31
1694507820933 -9.36857002649314 32
1694507821332 -11.683798644050052 33
1694507821746 -5.647167164037027 34
1694507822113 -6.031081686106019 35
1694507822517 -4.507561708206987 36
1694507822931 -5.309695719957351 37
1694507823300 -5.6073334391845515 38
1694507823697 -4.866925167146321 39
1694507824100 -5.1181102271656265 40
1694507824482 -5.603741682423418 41
1694507824889 -4.473341226687667 42
1694507842566 -5.5968729964192745 43
1694507843042 -14.982638057440912 44
1694507843464 -6.073598404864738 45
1694507843913 -5.618954767206539 46
1694507844364 -5.056493318669264 47
1694507844746 -5.22238469388745 48
1694507845149 -4.984986445897101 49
