1694507584543 2.333243348057472 0
1694507584946 8.3200192936291 1
1694507596489 0.3314118320431989 2
1694507596884 0.7176137417294302 3
1694507597299 0.37802287507673815 4
1694507597687 0.13077855939371388 5
1694507598093 12.608518715003832 6
1694507598494 4.046933174502908 7
1694507598854 3.999278529023155 8
1694507599240 2.15275316281486 9
1694507599602 31.60090827123873 10
1694507599965 22.569451347851814 11
1694507623676 0.6752233400462255 12
1694507678588 4.658013726030416 13
1694507764568 2.53651907225185 14
1694507803963 0.1535131186683357 15
1694507804333 0.41041258400929953 16
1694507804731 25.74847529028986 17
1694507805133 2.971794433106914 18
1694507805492 8.263561096396177 19
1694507805868 0.024451097826050344 20
1694507806237 3.3823518641512296 21
1694507806631 0.06598230564875109 22
1694507807010 0.7812514505710589 23
1694507807414 0.5315395874482246 24
1694507807821 4.702701460266063 25
1694507808162 0.06555407410077034 26
1694507808515 0.23800028551360985 27
1694507808888 1.2687846425551697 28
1694507809251 17.201451592641295 29
1694507809650 9.512613877745203 30
1694507810045 3.1617527771067255 31
1694507820661 0.019718447475816477 32
1694507821094 4.457716724710783 33
1694507821477 13.02453520598706 34
1694507821881 4.958916249995933 35
1694507822246 14.876033094354895 36
1694507822644 2.918519686187876 37
1694507823062 0.22690075945277655 38
1694507823449 4.675698653992252 39
1694507823853 0.011078273867819755 40
1694507824236 0.20364237427578682 41
1694507824653 0.0518367288366124 42
1694507825052 9.923068843971148 43
1694507842766 1.5399455536163917 44
1694507843207 0.19231277332185487 45
1694507843607 4.059341018371056 46
1694507844075 0.008173318426558376 47
1694507844504 14.635478050453504 48
1694507844881 0.22512655286104127 49
