1694492034980 169.10976529633348 0
1694492035386 168.44647332561436 1
1694492035806 167.78606045830756 2
1694492036199 167.12851392399295 3
1694492036596 166.4738208556147 4
1694492036994 165.82196844487672 5
1694492037357 165.1729439419683 6
1694492037683 164.52673465529477 7
1694492038043 163.88332795120903 8
1694492038506 163.24271125374474 9
1694492038967 162.60487204435023 10
1694492039415 161.9697978616245 11
1694492039774 161.33747630105336 12
1694492040136 160.7078950147476 13
1694492040517 160.0810417111821 14
1694492040948 159.45690415493615 15
1694492041358 158.83547016643496 16
1694492041757 158.21672762169229 17
1694492042135 157.6006644520546 18
1694492042538 156.98726864394584 19
1694492042932 156.37652823861407 20
1694492043356 155.76843133187867 21
1694492043772 155.16296607387906 22
1694492044215 154.56012066882454 23
1694492044662 153.95988337474506 24
1694492045083 153.3622425032436 25
1694492045529 152.7671864192492 26
1694492045979 152.1747035407713 27
1694492046412 151.58478233865566 28
1694492046831 150.99741133634046 29
1694492047208 150.41257910961463 30
1694492047605 149.8302742863763 31
1694492047980 149.25048554639326 32
1694492048371 148.67320162106367 33
1694492048757 148.09841129317869 34
1694492049171 147.52610339668553 35
1694492049563 146.95626681645197 36
1694492049975 146.3888904880321 37
1694492050364 145.82396339743258 38
1694492050735 145.2614745808806 39
1694492051135 144.70141312459256 40
1694492051517 144.14376816454393 41
1694492051946 143.58852888624008 42
1694492052363 143.03568452448843 43
1694492052764 142.48522436317126 44
1694492053269 141.93713773501992 45
1694492053635 141.39141402138995 46
1694492054117 140.84804265203707 47
1694492054541 140.30701310489465 48
1694492054917 139.76831490585172 49
