1694492035091 -235.93598653672333 0
1694492035527 -235.00666269094285 1
1694492035958 -234.08137269386498 2
1694492036337 -233.1600986531339 3
1694492036747 -232.24282254099964 4
1694492037117 -231.32952641203923 5
1694492037469 -230.42019240277227 6
1694492037797 -229.51480273128354 7
1694492038199 -228.6133396968469 8
1694492038687 -227.71578567955157 9
1694492039129 -226.82212313992903 10
1694492039530 -225.93233461858344 11
1694492039899 -225.04640273582177 12
1694492040290 -224.16431019128703 13
1694492040637 -223.28603976359275 14
1694492041072 -222.411574309959 15
1694492041499 -221.54089676585045 16
1694492041873 -220.67399014461571 17
1694492042293 -219.81083753712866 18
1694492042667 -218.95142211143127 19
1694492043097 -218.09572711237814 20
1694492043512 -217.2437358612827 21
1694492043941 -216.39543175556494 22
1694492044381 -215.5507982684009 23
1694492044789 -214.70981894837385 24
1694492045219 -213.87247741912665 25
1694492045690 -213.0387573790164 26
1694492046104 -212.20864260076993 27
1694492046532 -211.38211693114184 28
1694492046981 -210.55916429057288 29
1694492047329 -209.7397686728512 30
1694492047723 -208.92391414477413 31
1694492048112 -208.11158484581233 32
1694492048503 -207.3027649877747 33
1694492048911 -206.49743885447575 34
1694492049297 -205.6955908014035 35
1694492049690 -204.89720525538988 36
1694492050110 -204.1022667142821 37
1694492050485 -203.31075974661547 38
1694492050867 -202.5226689912881 39
1694492051272 -201.73797915723702 40
1694492051633 -200.95667502311545 41
1694492052061 -200.17874143697196 42
1694492052485 -199.4041633159311 43
1694492052913 -198.6329256458752 44
1694492053379 -197.86501348112785 45
1694492053776 -197.10041194413895 46
1694492054257 -196.33910622517098 47
1694492054661 -195.58108158198684 48
1694492055076 -194.82632333953921 49
