1694492034807 169.02485498762405 0
1694492035189 168.3474887599303 1
1694492035636 167.679861100766 2
1694492036060 167.01514670680157 3
1694492036441 166.3533326175142 4
1694492036838 165.69440577519887 5
1694492037229 165.03835318187907 6
1694492037560 164.38516189902774 7
1694492037907 163.7348190472931 8
1694492038354 163.08731180622564 9
1694492038801 162.4426274140066 10
1694492039272 161.80075316717745 11
1694492039650 161.16167642037078 12
1694492039999 160.5253845860425 13
1694492040397 159.89186513420503 14
1694492040751 159.26110559216212 15
1694492041203 158.63309354424422 16
1694492041614 158.0078166315461 17
1694492041994 157.3852625516646 18
1694492042421 156.76541905843845 19
1694492042771 156.14827396168866 20
1694492043222 155.53381512696066 21
1694492043617 154.92203047526712 22
1694492044085 154.3129079828324 23
1694492044499 153.70643568083793 24
1694492044957 153.10260165516885 25
1694492045345 152.5013940461617 26
1694492045823 151.90280104835355 27
1694492046284 151.30681091023206 28
1694492046681 150.71341193398672 29
1694492047083 150.12259247526134 30
1694492047455 149.5343409429077 31
1694492047846 148.94864579874013 32
1694492048251 148.36549555729147 33
1694492048605 147.78487878557002 34
1694492049050 147.20678410281772 35
1694492049414 146.6312001802694 36
1694492049822 146.05811574091297 37
1694492050212 145.48751955925107 38
1694492050601 144.91940046106362 39
1694492050964 144.35374732317135 40
1694492051385 143.79054907320065 41
1694492051788 143.2297946893496 42
1694492052229 142.67147320015457 43
1694492052595 142.11557368425844 44
1694492053082 141.5620852701797 45
1694492053497 141.01099713608252 46
1694492053958 140.46229850954813 47
1694492054367 139.91597866734685 48
1694492054770 139.37202693521172 49
