1694507426101 36.453435834642136 0
1694507426433 13.150067331222653 1
1694507426770 7.9102054515026134 2
1694507427073 6.262175644339183 3
1694507427410 5.561831920349069 4
1694507427732 5.219966540984196 5
1694507428037 5.027460947138041 6
1694507428358 4.9000061246408855 7
1694507428662 4.806054041320196 8
1694507428985 4.73186591034182 9
1694507429275 4.678549297345384 10
1694507429585 4.634054960945312 11
1694507429942 4.59397073616402 12
1694507430256 4.551017960977888 13
1694507430594 4.5290250462125 14
1694507430895 4.505868173841544 15
1694507431216 4.488292743625955 16
1694507431520 4.459113383133547 17
1694507431821 4.44584700163331 18
1694507432135 4.420426919817482 19
1694507432450 4.417384758613865 20
1694507432814 4.3998858761241 21
1694507433134 4.384644105328061 22
1694507433498 4.372623735684046 23
1694507433863 4.373904105000228 24
1694507434177 4.3811317669227305 25
1694507434514 4.369187728352853 26
1694507434846 4.35233895064028 27
1694507435177 4.338433373824538 28
1694507435500 4.339189902936352 29
1694507435821 4.334212163824619 30
1694507436133 4.335410379620738 31
1694507436441 4.32756699981822 32
1694507436713 4.320331740205729 33
1694507437040 4.314813638248317 34
1694507437385 4.315468231569182 35
1694507437742 4.3109509161996025 36
1694507438083 4.3080060999560885 37
1694507438367 4.310887016834266 38
1694507438663 4.326426106636065 39
1694507438989 4.314342112797956 40
1694507439293 4.320270194581999 41
1694507439591 4.316178826829082 42
1694507439922 4.300786475102015 43
1694507440227 4.306698674704744 44
1694507440569 4.303354489621815 45
1694507440892 4.3051997420446 46
1694507441214 4.305897246514975 47
1694507441534 4.299526803595652 48
1694507441893 4.289749682620961 49
