1694507426219 -52.75702023087032 0
1694507426566 -18.3920934851924 1
1694507426870 -10.664993017823205 2
1694507427201 -8.234682413175872 3
1694507427523 -7.201902076368171 4
1694507427823 -6.697761281571344 5
1694507428141 -6.413877832288653 6
1694507428455 -6.225923218008086 7
1694507428769 -6.08737430133771 8
1694507429076 -5.977970818056031 9
1694507429376 -5.899346069033961 10
1694507429714 -5.8337313227898 11
1694507430034 -5.774620063914747 12
1694507430388 -5.711278621557244 13
1694507430690 -5.678846189965838 14
1694507431015 -5.644697297604196 15
1694507431309 -5.618779226069008 16
1694507431620 -5.5757491128190635 17
1694507431921 -5.556185493577966 18
1694507432240 -5.518699099740017 19
1694507432600 -5.514212896515986 20
1694507432905 -5.488407708102827 21
1694507433279 -5.4659310289564855 22
1694507433656 -5.448204873949671 23
1694507433972 -5.4500930043180995 24
1694507434294 -5.460751466525951 25
1694507434630 -5.443137875150045 26
1694507434960 -5.418291380886273 27
1694507435279 -5.39778515542109 28
1694507435603 -5.398900791021353 29
1694507435937 -5.391560236804537 30
1694507436234 -5.393327217318667 31
1694507436526 -5.381760770505945 32
1694507436842 -5.371091104164242 33
1694507437168 -5.36295368963064 34
1694507437535 -5.363919002929291 35
1694507437856 -5.357257424722691 36
1694507438181 -5.35291477381053 37
1694507438461 -5.357163193838923 38
1694507438766 -5.3800783222957795 39
1694507439085 -5.362258342193723 40
1694507439396 -5.371000344287589 41
1694507439728 -5.364966900963806 42
1694507440019 -5.342268163677531 43
1694507440354 -5.350986744693997 44
1694507440675 -5.346055153993622 45
1694507440991 -5.348776304128076 46
1694507441329 -5.349804897484685 47
1694507441670 -5.340410555880039 48
1694507441986 -5.325992466665615 49
