1694507426010 47.71490747892205 0
1694507426337 8.785794241813674 1
1694507426690 25.670042838432597 2
1694507426989 8.046993798496137 3
1694507427318 1.2524669225560048 4
1694507427648 16.319239122745284 5
1694507427948 0.4971868430725753 6
1694507428279 21.07585602355799 7
1694507428575 1.651884878707971 8
1694507428890 0.6181777046488448 9
1694507429184 37.03356277738909 10
1694507429492 28.014783142032215 11
1694507429845 7.294831594779686 12
1694507430161 0.03493052876698616 13
1694507430503 0.005586531131417763 14
1694507430816 0.18016136998357793 15
1694507431139 6.634556732987631 16
1694507431439 1.3951743932328406 17
1694507431732 42.32542582662768 18
1694507432048 1.175767136104533 19
1694507432358 0.017069735371450984 20
1694507432718 0.0014923787627120863 21
1694507433041 1.032196048898789 22
1694507433403 1.2599994356881525 23
1694507433768 0.30890359796839545 24
1694507434088 2.4012352552148655 25
1694507434422 1.7388541733936478 26
1694507434757 2.6849204611883537 27
1694507435079 0.09619458572199804 28
1694507435409 0.0252754036997869 29
1694507435717 0.0027772654810186595 30
1694507436044 12.231092111154487 31
1694507436351 0.023415015094147926 32
1694507436640 19.937000070843396 33
1694507436956 0.5264786138664583 34
1694507437289 4.899350872224531 35
1694507437650 0.35092108235688413 36
1694507437988 5.85614186240211 37
1694507438285 0.07460597069914149 38
1694507438578 2.219779224620878 39
1694507438888 6.474646085196351 40
1694507439209 29.287019145099396 41
1694507439508 4.61325412521493 42
1694507439838 4.846949720387746 43
1694507440144 1.5553140567025638 44
1694507440475 0.7804907685407421 45
1694507440798 2.9384965752172625 46
1694507441129 3.941009740621379 47
1694507441450 21.88669682887987 48
1694507441792 1.75743796411401 49
