1694494733267 5.200600864440614 0
1694494733772 4.3276896553249475 1
1694494734240 4.8796765644922635 2
1694494734610 4.233958821507629 3
1694494735056 3.9133203983049234 4
1694494735515 4.671227473194743 5
1694494735969 5.161779898042072 6
1694494736403 5.507272204965128 7
1694494736764 4.316383324598618 8
1694494737136 4.526436845193157 9
1694494737530 4.590108033612883 10
1694494737891 5.121208304422457 11
1694494738305 4.359302129109131 12
1694494738701 4.820427655502692 13
1694494739070 4.437182248736432 14
1694494739434 4.853049747552225 15
1694494739827 4.546127552688263 16
1694494740217 4.391783976209645 17
1694494740638 4.605147319668895 18
1694494741013 4.4987243111419035 19
1694494741409 4.283916044244717 20
1694494741813 4.650802492889294 21
1694494742249 4.414368586785908 22
1694494742678 4.425412926487998 23
1694494743082 4.356531987647944 24
1694494743451 4.380137050373045 25
1694494743824 4.240743387701556 26
1694494744201 4.15595595994754 27
1694494744658 4.676016125437248 28
1694494745115 4.714895254522815 29
1694494745530 4.367814078493336 30
1694494746004 4.739323597957484 31
1694494746404 4.73484054354035 32
1694494746879 4.588875671027275 33
1694494747279 4.400486645280733 34
1694494747654 4.644775362110563 35
1694494748045 4.554093714451997 36
1694494748467 4.274712115320208 37
1694494748866 4.39978429481712 38
1694494749275 4.312100862787619 39
1694494749734 3.865469506029891 40
1694494750209 4.8492144243147 41
1694494750655 4.252116157487212 42
1694494751090 4.4773833052178675 43
1694494751506 4.994277886223591 44
1694494751928 4.13036798356159 45
1694494752435 4.593305192460761 46
1694494752912 5.166792851441004 47
1694494753253 5.003107889274286 48
1694494753615 4.961342232819511 49
