1694494733439 -6.358796986748109 0
1694494733955 -5.123636561486375 1
1694494734359 -5.904692387492695 2
1694494734752 -4.9910083911192835 3
1694494735200 -4.537308304532552 4
1694494735665 -5.609739057115251 5
1694494736108 -6.3038657166886125 6
1694494736515 -6.792733794320542 7
1694494736895 -5.107638219246926 8
1694494737256 -5.404861800655761 9
1694494737648 -5.49495588049362 10
1694494738015 -6.246457327031756 11
1694494738426 -5.1683678882869595 12
1694494738818 -5.820855787779428 13
1694494739178 -5.278567460332489 14
1694494739552 -5.867015714090432 15
1694494739965 -5.432723950195575 16
1694494740369 -5.214329369430733 17
1694494740800 -5.516236316311824 18
1694494741148 -5.365648848655176 19
1694494741547 -5.061697349900497 20
1694494741978 -5.580837919065255 21
1694494742394 -5.246286362206675 22
1694494742804 -5.261913989828718 23
1694494743208 -5.164448166476192 24
1694494743564 -5.197849088596785 25
1694494743929 -5.000608482832846 26
1694494744361 -4.880635140495317 27
1694494744786 -5.616514951018909 28
1694494745247 -5.6715285206851584 29
1694494745652 -5.180412209532247 30
1694494746143 -5.706094376582202 31
1694494746550 -5.699750900473162 32
1694494747021 -5.49321210005018 33
1694494747398 -5.2266435570806395 34
1694494747802 -5.572309590710636 35
1694494748183 -5.443995987544901 36
1694494748600 -5.048673884689192 37
1694494748990 -5.225649738364304 38
1694494749403 -5.101578579622182 39
1694494749892 -4.469599781793499 40
1694494750385 -5.861588770969978 41
1694494750812 -5.016700835661131 42
1694494751241 -5.33545154373186 43
1694494751633 -6.066852084615413 44
1694494752106 -4.844428415842903 45
1694494752565 -5.499479827535353 46
1694494753033 -6.310958994432537 47
1694494753382 -6.079346448542998 48
1694494753779 -6.020248472197527 49
