1694494733120 0.0007784845189387592 0
1694494733616 0.06885910986274799 1
1694494734124 0.01406809344428374 2
1694494734494 2.3747844384017585 3
1694494734925 5.981916925403293 4
1694494735349 0.1997220717414613 5
1694494735845 0.8749254307516111 6
1694494736277 4.471169176582452 7
1694494736665 1.2194076849340607 8
1694494737028 6.782328376711659 9
1694494737394 28.998258461003303 10
1694494737780 4.077174008150393 11
1694494738169 0.00264234718556004 12
1694494738585 9.318382502136314 13
1694494738953 11.705140241857928 14
1694494739322 1.7270139237447644 15
1694494739694 4.339779589251586 16
1694494740101 0.3344806222312667 17
1694494740497 0.2865900802617716 18
1694494740919 4.647112570997551 19
1694494741299 5.720842276310381 20
1694494741700 3.2897816835220257 21
1694494742116 1.6996729491420772 22
1694494742523 2.271779342634291 23
1694494742950 0.305979474548531 24
1694494743343 1.1900155800162027 25
1694494743720 3.395904455048029 26
1694494744065 15.831509100923999 27
1694494744529 0.026345666269330235 28
1694494744942 2.993120065486593 29
1694494745397 0.5648574585399552 30
1694494745856 2.5749050616551115 31
1694494746284 2.8948106246499905 32
1694494746722 32.548224508141146 33
1694494747152 7.436294632405701 34
1694494747535 1.361386976425737 35
1694494747929 0.8558045895737199 36
1694494748356 5.201495526780292 37
1694494748747 6.5547751333225515 38
1694494749116 3.8953331930083173 39
1694494749532 6.27712126429564 40
1694494750065 30.631861879738285 41
1694494750529 5.623448558679561 42
1694494750961 0.24152183057877974 43
1694494751395 0.06907004025974256 44
1694494751779 29.76514408916894 45
1694494752249 4.1193970037604775 46
1694494752713 25.473858068557316 47
1694494753156 0.19861238131989367 48
1694494753516 1.1687184819169512 49
