1694395173871 3.6970886484551233 0
1694395174540 4.300075517693611 1
1694395175235 4.738719509484909 2
1694395175928 7.344702424170619 3
1694395176705 4.49961762669639 4
1694395177448 4.57181433152992 5
1694395178172 7.51919228470793 6
1694395178805 4.646573569253074 7
1694395179457 4.225740692886243 8
1694395180111 4.413925586421055 9
1694395180740 4.763424031392387 10
1694395181368 4.875101812385475 11
1694395182010 4.138212467372414 12
1694395182690 3.937435687740359 13
1694395183328 3.9194952729738413 14
1694395184028 4.2833728126516295 15
1694395184723 4.197614829559233 16
1694395185365 3.999379835797785 17
1694395186006 3.887714658409606 18
1694395186696 4.296530428990796 19
1694395187412 4.456911329168372 20
1694395188124 4.729947423751781 21
1694395188800 4.589572628747598 22
1694395189527 3.577096759632832 23
1694395190179 4.834125396571382 24
1694395190872 4.078491014268262 25
1694395191439 4.127663630551754 26
1694395192057 4.252596131366909 27
1694395192767 3.971476078739006 28
1694395193474 4.599333837577008 29
1694395194095 4.462298335854861 30
1694395194692 4.009393644297466 31
1694395195430 4.369517744641931 32
1694395196047 4.797455981105535 33
1694395196581 4.720659598189063 34
1694395197157 4.111345458719094 35
1694395197821 4.674085532061696 36
1694395198457 4.228463637147797 37
1694395199111 4.205721173240042 38
1694395199856 4.505214064119414 39
1694395200601 4.326979717091269 40
1694395201126 4.890782513994073 41
1694395201628 4.123119857688998 42
1694395202143 4.191233213438035 43
1694395202719 4.777244938145975 44
1694395203136 4.032257771118627 45
1694395203575 4.144293303944632 46
1694395203994 4.426019820125326 47
1694395204423 3.798495486928356 48
1694395204887 4.782110755893765 49
1694395205343 4.453712148246954 50
1694395205760 4.247256389861776 51
1694395206326 3.971577317118503 52
1694395206940 4.165907853948176 53
1694395207588 4.5349153240832845 54
1694395208192 4.795086366753344 55
1694395208769 4.384127510628631 56
1694395209443 4.37989650242966 57
1694395210102 3.9761986411137284 58
1694395210837 4.5450027593971125 59
1694395211551 4.854672620972218 60
1694395212209 4.302308953952272 61
1694395212908 4.566208974213902 62
1694395213569 4.251480435857283 63
1694395214363 4.198834269297196 64
1694395215040 3.8869575918974912 65
1694395215702 4.2576773456630965 66
1694395216390 4.4626582388025975 67
1694395217128 4.251944243160674 68
1694395217846 4.592682423785983 69
1694395218505 3.806619279232745 70
1694395219199 3.689750848409544 71
1694395219908 3.9705883235608734 72
1694395220529 3.884438339613539 73
1694395221207 4.421329832206285 74
1694395221805 4.760950561135413 75
1694395222603 3.9790474924940438 76
1694395223369 4.289687192830577 77
1694395224010 4.157782059836608 78
1694395224702 4.039818000563928 79
1694395225384 4.440389277067475 80
1694395226092 4.257011876715286 81
1694395226827 4.5025370417352155 82
1694395227570 4.687380702636557 83
1694395228306 4.241300454583523 84
1694395229090 4.297239926267598 85
1694395229747 8.784750747186385 86
1694395230513 4.275439528010552 87
1694395231295 4.513841138712512 88
1694395232069 4.078143701478281 89
1694395232834 4.1693820258117125 90
1694395233597 4.217902384471301 91
1694395234292 4.413977910304535 92
1694395234937 4.322803881870525 93
1694395235746 4.47326988854381 94
1694395236427 4.854626665619409 95
1694395237248 4.291688361045767 96
1694395238025 4.142313959759999 97
1694395238816 4.816971916053171 98
1694395239568 4.601562333669724 99
