1694395174041 -4.452009247409645 0
1694395174734 -5.341219731591178 1
1694395175377 -5.988077658724234 2
1694395176209 -9.831059069352559 3
1694395176916 -5.635479763463924 4
1694395177635 -5.741946537678112 5
1694395178345 -10.088375142535213 6
1694395178958 -5.852192218577933 7
1694395179606 -5.231599922387062 8
1694395180239 -5.509111737042446 9
1694395180889 -6.024508833277943 10
1694395181489 -6.189197417350422 11
1694395182170 -5.102524116993497 12
1694395182855 -4.806443345525793 13
1694395183531 -4.779987039899934 14
1694395184194 -5.316588647242229 15
1694395184885 -5.190123376507019 16
1694395185512 -4.8977909165863664 17
1694395186212 -4.733120918752156 18
1694395186908 -5.335991873071013 19
1694395187638 -5.572501795883224 20
1694395188299 -5.975141671226053 21
1694395188989 -5.768134278859133 22
1694395189677 -4.275060045029376 23
1694395190360 -6.128770465446661 24
1694395191000 -5.014454301646053 25
1694395191593 -5.0869679966609 26
1694395192223 -5.271203002773305 27
1694395192997 -4.856641905570495 28
1694395193613 -5.782528902809001 29
1694395194218 -5.580445887319296 30
1694395194934 -4.91255804329967 31
1694395195573 -5.443624542371456 32
1694395196182 -6.074694945158434 33
1694395196702 -5.961445134390933 34
1694395197351 -5.06290397434711 35
1694395197985 -5.8927634598733425 36
1694395198631 -5.235615383931481 37
1694395199315 -5.202077609935779 38
1694395200094 -5.64373269745717 39
1694395200719 -5.38089471854922 40
1694395201280 -6.212321377391701 41
1694395201746 -5.0802674022144485 42
1694395202353 -5.180712558045652 43
1694395202838 -6.044890197803685 44
1694395203248 -4.94627523071821 45
1694395203700 -5.111491382963053 46
1694395204122 -5.526946817633108 47
1694395204584 -4.601551515306755 48
1694395205038 -6.052065704230411 49
1694395205437 -5.567784039392587 50
1694395205892 -5.263328612183043 51
1694395206477 -4.856791199415921 52
1694395207124 -5.143365848983001 53
1694395207730 -5.6875324435223344 54
1694395208362 -6.071200530880232 55
1694395208968 -5.465169218963202 56
1694395209646 -5.458929851174091 57
1694395210385 -4.863606156684466 58
1694395211029 -5.702408145958255 59
1694395211720 -6.15907097162705 60
1694395212431 -5.344513327253486 61
1694395213085 -5.733680449729495 62
1694395213861 -5.26955771297526 63
1694395214545 -5.191921655466548 64
1694395215289 -4.732004490660371 65
1694395215951 -5.278696149398951 66
1694395216674 -5.580976627689846 67
1694395217340 -5.270241678643262 68
1694395218036 -5.772720220100739 69
1694395218684 -4.6135314798083025 70
1694395219431 -4.441188367114861 71
1694395220074 -4.8553327539918225 72
1694395220669 -4.728289408860966 73
1694395221349 -5.520030603299016 74
1694395222025 -6.020861265151642 75
1694395222876 -4.867807290481045 76
1694395223522 -5.325900314448712 77
1694395224174 -5.131382932463721 78
1694395224891 -4.957424122391538 79
1694395225624 -5.548137116156673 80
1694395226299 -5.277714798070293 81
1694395227070 -5.639784955819902 82
1694395227774 -5.912369533682345 83
1694395228541 -5.254545535199595 84
1694395229274 -5.3370381519358014 85
1694395229954 -11.954664295069668 86
1694395230741 -5.304889619889027 87
1694395231541 -5.656454840454556 88
1694395232245 -5.013942127683571 89
1694395233053 -5.148489128116437 90
1694395233779 -5.220040954229734 91
1694395234484 -5.5091888978367125 92
1694395235186 -5.374736713047061 93
1694395235937 -5.59662537675177 94
1694395236688 -6.159003202354439 95
1694395237466 -5.328851389917081 96
1694395238275 -5.1085724908767265 97
1694395239059 -6.103474633157211 98
1694395239803 -5.785815213325354 99
