1694395173628 0.0017240844228758026 0
1694395174303 0.9127491560174879 1
1694395175002 1.7106393448146406 2
1694395175678 1.7002201103243524 3
1694395176471 5.141325752018223 4
1694395177213 0.010640830495120858 5
1694395177924 6.534297127944404 6
1694395178605 0.10959660371963158 7
1694395179254 6.8290082583397345 8
1694395179900 18.056075174245645 9
1694395180514 0.05580792470007734 10
1694395181146 5.194757964689053 11
1694395181762 8.318626658858559 12
1694395182456 13.798123611160916 13
1694395183091 0.779043633264765 14
1694395183813 0.02412846790359646 15
1694395184481 0.9142845348442649 16
1694395185160 0.7054441395210913 17
1694395185804 5.852202197498159 18
1694395186471 1.6762863861639676 19
1694395187195 4.433577158790079 20
1694395187922 10.97652892337706 21
1694395188553 4.940959448525663 22
1694395189265 0.3175781027615551 23
1694395189953 7.180139250933348 24
1694395190648 24.622777535688847 25
1694395191231 0.15751332797858994 26
1694395191863 1.1787591857699793 27
1694395192517 0.005370373018053066 28
1694395193250 22.903747455427162 29
1694395193892 1.1561144506478764 30
1694395194459 4.134334975182613 31
1694395195216 3.927060428040839 32
1694395195827 19.504370785800702 33
1694395196391 0.3222484174103267 34
1694395196941 0.9432989044822088 35
1694395197621 2.177269294250872 36
1694395198249 0.3971358874054255 37
1694395198869 26.87852632802862 38
1694395199616 0.25513548777770384 39
1694395200377 28.067627349196705 40
1694395200992 0.433182041061652 41
1694395201467 7.598343923483802 42
1694395201961 0.38315679659454793 43
1694395202565 2.064929810667417 44
1694395203001 18.417619461394235 45
1694395203421 2.853233505340523 46
1694395203872 2.5344911723680803 47
1694395204295 0.09828007108423832 48
1694395204755 0.6711742149794291 49
1694395205220 0.008513755123931564 50
1694395205623 0.11519888753649768 51
1694395206083 7.409981678857776 52
1694395206733 0.1970383475764361 53
1694395207362 5.422656810719232 54
1694395207987 3.0351558166994486 55
1694395208579 0.1831578067548935 56
1694395209214 11.108162018683657 57
1694395209886 0.9539007949343113 58
1694395210640 5.498411701446673 59
1694395211305 0.23945407750969805 60
1694395211979 16.54443518484355 61
1694395212709 2.0871664438419124 62
1694395213321 4.855624417984498 63
1694395214109 4.680716699209808 64
1694395214777 0.3456840951452346 65
1694395215507 1.9824118460068971 66
1694395216180 0.0014153545378133752 67
1694395216917 24.87154102617327 68
1694395217641 0.2555907352343577 69
1694395218301 0.05138198110628547 70
1694395218982 3.921646998564234 71
1694395219696 6.57631714629408 72
1694395220333 0.006121818803160191 73
1694395220952 6.291546561178657 74
1694395221571 3.454292520950995e-05 75
1694395222358 4.330979155648363 76
1694395223165 3.156654896544036 77
1694395223787 6.516631457981818 78
1694395224479 7.759033998821366 79
1694395225155 1.5562533355153985 80
1694395225863 1.6649581744608137 81
1694395226567 0.05233564616453213 82
1694395227354 0.19829883293146675 83
1694395228036 51.352322472433926 84
1694395228854 7.629745801451997 85
1694395229540 2.5392350938469317 86
1694395230264 6.945021396594294 87
1694395231024 1.4500230096670694 88
1694395231824 1.574549493899506 89
1694395232561 10.0602612118697 90
1694395233346 1.804689670311788 91
1694395234075 22.81448486759844 92
1694395234718 22.01108366128616 93
1694395235518 0.6066289574179212 94
1694395236205 0.0006312680586198689 95
1694395236994 5.757399364753774 96
1694395237745 3.8969707880453934 97
1694395238571 2.602786542028492 98
1694395239349 0.639094729857778 99
