1694509067052 162.21774480118916 0
1694509067362 155.8444038463256 1
1694509067670 149.74694581371992 2
1694509068002 143.91304158822865 3
1694509068315 138.33092205489496 4
1694509068658 132.9893524452119 5
1694509068978 127.87760786403017 6
1694509069330 122.9854499426326 7
1694509069706 118.30310456601534 8
1694509070016 113.821240624818 9
1694509070345 109.53094974463323 10
1694509070653 105.4237269476116 11
1694509070961 101.49145220336052 12
1694509071305 97.72637282812231 13
1694509071615 94.1210866931115 14
1694509071928 90.66852620469915 15
1694509072308 87.361943020855 16
1694509072667 84.19489346990223 17
1694509073022 81.16122463920827 18
1694509073398 78.25506110292949 19
1694509073749 75.4707922593545 20
1694509074116 72.80306024975091 21
1694509074491 70.24674843191805 22
1694509074852 67.79697038288496 23
1694509075179 65.44905940637386 24
1694509075542 63.19855852177475 25
1694509075910 61.041210912450126 26
1694509076289 58.97295081221313 27
1694509076659 56.989894809798926 28
1694509076982 55.08833355208064 29
1694509077355 53.26472382766977 30
1694509077713 51.51568101338797 31
1694509078103 49.837971866905875 32
1694509078466 48.22850764961509 33
1694509078859 46.68433756453474 34
1694509079254 45.20264249475562 35
1694509079613 43.78072902859319 36
1694509079970 42.41602375825934 37
1694509080351 41.106067839470704 38
1694509080716 39.84851179999195 39
1694509081096 38.641110585666276 40
1694509081423 37.481718833012536 41
1694509081795 36.368286357973034 42
1694509082168 35.29885385087528 43
1694509082536 34.27154876813018 44
1694509082905 33.2845814116252 45
1694509083286 32.33624118718838 46
1694509083673 31.424893033896456 47
1694509084064 30.548974016379553 48
1694509084462 29.706990072636415 49
