1694509067180 -228.53644833662196 0
1694509067470 -219.5182361267886 1
1694509067802 -210.89039542784892 2
1694509068112 -202.63548066808298 3
1694509068417 -194.73683867030257 4
1694509068782 -187.1785723520761 5
1694509069113 -179.9455060965537 6
1694509069468 -173.02315271680658 7
1694509069804 -166.3976819401579 8
1694509070142 -160.05589034238156 9
1694509070445 -153.98517266488247 10
1694509070757 -148.17349445106575 11
1694509071062 -142.60936594104732 12
1694509071419 -137.28181716667112 13
1694509071721 -132.18037419147828 14
1694509072061 -127.29503644283199 15
1694509072425 -122.61625508583937 16
1694509072811 -118.13491239103905 17
1694509073158 -113.84230205004079 18
1694509073525 -109.73011039542016 19
1694509073886 -105.79039848318901 20
1694509074255 -102.01558499808725 21
1694509074617 -98.39842994377788 22
1694509074961 -94.93201908177733 23
1694509075312 -91.60974908462363 24
1694509075671 -88.42531337037789 25
1694509076032 -85.37268858707338 26
1694509076433 -82.44612171717527 27
1694509076782 -79.64011777349674 28
1694509077101 -76.94942805933438 29
1694509077489 -74.36903896684386 30
1694509077869 -71.89416128887486 31
1694509078228 -69.52022002062871 32
1694509078596 -67.24284462859268 33
1694509079009 -65.05785976524496 34
1694509079396 -62.96127640901717 35
1694509079746 -60.94928340994702 36
1694509080117 -59.01823942235729 37
1694509080506 -57.1646652067572 38
1694509080882 -55.38523628398434 39
1694509081214 -53.67677592538855 40
1694509081574 -52.036248463605226 41
1694509081947 -50.46075290917961 42
1694509082323 -48.9475168589818 43
1694509082663 -47.49389068300169 44
1694509083062 -46.097341976730455 45
1694509083440 -44.75545026692543 46
1694509083821 -43.46590195911766 47
1694509084217 -42.226485515757886 48
1694509084617 -41.03508685440844 49
