1694509066908 168.9823825633027 0
1694509067256 162.30148188566585 1
1694509067553 155.910489507683 2
1694509067890 149.79644018485408 3
1694509068210 143.94695742360716 4
1694509068531 138.3502265294445 5
1694509068867 132.99496889438282 6
1694509069204 127.87041746655672 7
1694509069569 122.96629334749149 8
1694509069897 118.27278346506789 9
1694509070235 113.78051927260115 10
1694509070546 109.48055642674521 11
1694509070843 105.36435539911598 12
1694509071153 101.42376297861007 13
1694509071506 97.6509946233806 14
1694509071809 94.03861762332656 15
1694509072166 90.5795350357583 16
1694509072534 87.26697035862522 17
1694509072906 84.09445290733477 18
1694509073261 81.05580386276002 19
1694509073624 78.14512295952788 20
1694509073976 75.35677578510614 21
1694509074356 72.68538166156769 22
1694509074729 70.12580208320792 23
1694509075059 67.67312968442837 24
1694509075414 65.32267771348015 25
1694509075780 63.06996998878634 26
1694509076139 60.91073131563657 27
1694509076531 58.840878342070795 28
1694509076870 56.856510833746405 29
1694509077205 54.953903348514416 30
1694509077580 53.12949729231942 31
1694509077959 51.37989333888553 32
1694509078337 49.7018441964588 33
1694509078715 48.09224770564865 34
1694509079111 46.548140253145405 35
1694509079489 45.066690486793576 36
1694509079848 43.6451933181691 37
1694509080217 42.28106419944771 38
1694509080593 40.97183366195988 39
1694509080980 39.715142104409054 40
1694509081317 38.50873481928383 41
1694509081685 37.3504572465227 42
1694509082040 36.23825044399455 43
1694509082419 35.17014676483857 44
1694509082768 34.14426573216583 45
1694509083155 33.15881010206231 46
1694509083543 32.21206210625034 47
1694509083911 31.302379866163186 48
1694509084326 30.428193970567698 49
