1694494296732 -228.77113120764972 0
1694494297171 -219.7353233588224 1
1694494297506 -211.07308045275715 2
1694494297926 -202.76877965502578 3
1694494298288 -194.8074547175705 4
1694494298640 -187.17476849868268 5
1694494299023 -179.85698644350634 6
1694494299416 -172.84095118435803 7
1694494299762 -166.11405821352082 8
1694494300127 -159.66423258317698 9
1694494300525 -153.47990658906073 10
1694494300917 -147.54999839625006 11
1694494301306 -141.86389156727634 12
1694494301673 -136.41141545441323 13
1694494302002 -131.18282641962165 14
1694494302413 -126.16878984717144 15
1694494302837 -121.36036291544006 16
1694494303198 -116.74897809580607 17
1694494303603 -112.32642734791163 18
1694494303956 -108.0848469818685 19
1694494304322 -104.01670315922544 20
1694494304734 -100.1147780057086 21
1694494305107 -96.37215630988555 22
1694494305471 -92.78221278299932 23
1694494305887 -89.3385998562635 24
1694494306248 -86.03523599291344 25
1694494306673 -82.86629449326809 26
1694494307062 -79.82619277197676 27
1694494307489 -76.90958208750546 28
1694494307892 -74.11133770476116 29
1694494308281 -71.42654947255966 30
1694494308666 -68.85051279841656 31
1694494309115 -66.37872000388091 32
1694494309519 -64.00685204434177 33
1694494309963 -61.730770577915536 34
1694494310337 -59.5465103686746 35
1694494310677 -57.450272010099084 36
1694494311116 -55.43841495523158 37
1694494311502 -53.507450840585584 38
1694494311890 -51.65403709140587 39
1694494312288 -49.87497079640336 40
1694494312725 -48.16718284058874 41
1694494313188 -46.52773228531011 42
1694494313679 -44.95380098506051 43
1694494314151 -43.44268843106147 44
1694494314557 -41.991806812051976 45
1694494314952 -40.59867628311597 46
1694494315349 -39.26092043376914 47
1694494315724 -37.97626194689656 48
1694494316087 -36.74251844048841 49
