1694494296365 169.17813275916612 0
1694494296884 162.49000205166772 1
1694494297274 156.08556648584155 2
1694494297612 149.94620425623273 3
1694494298040 144.0608310590286 4
1694494298376 138.41882806912207 5
1694494298752 133.01002247898026 6
1694494299152 127.82466871686012 7
1694494299532 122.85343045722773 8
1694494299849 118.08736338992371 9
1694494300241 113.51789871603577 10
1694494300621 109.1368273397923 11
1694494301016 104.93628472708903 12
1694494301422 100.90873640250169 13
1694494301770 97.04696405782785 14
1694494302107 93.34405224634017 15
1694494302562 89.79337563802405 16
1694494302945 86.38858681211786 17
1694494303334 83.12360456427443 18
1694494303696 79.99260270662099 19
1694494304046 76.98999933991259 20
1694494304433 74.11044657785298 21
1694494304853 71.34882070449866 22
1694494305191 68.70021274646874 23
1694494305630 66.1599194424545 24
1694494305980 63.72343459326278 25
1694494306354 61.38644077633546 26
1694494306785 59.144801409365066 27
1694494307194 56.99455314827727 28
1694494307588 54.931898605472135 29
1694494307990 52.953199374812414 30
1694494308393 51.054969350417814 31
1694494308799 49.23386832687077 32
1694494309248 47.48669586896243 33
1694494309629 45.8103854396092 34
1694494310093 44.20199877505029 35
1694494310432 42.65872049689646 36
1694494310804 41.177852951040485 37
1694494311232 39.75681126386205 38
1694494311608 38.39311860656324 39
1694494311998 37.08440165885817 40
1694494312402 35.82838626361038 41
1694494312874 34.62289326436707 42
1694494313310 33.46583451807855 43
1694494313837 32.35520907561726 44
1694494314273 31.28909952302231 45
1694494314676 30.26566847669402 46
1694494315049 29.283155226049168 47
1694494315464 28.33987251742126 48
1694494315834 27.434203473252648 49
