1694494783411 5.160312168029513 0
1694494783822 4.756390112014625 1
1694494784243 4.69281585374364 2
1694494784660 4.760006279732468 3
1694494785065 4.664597323719126 4
1694494785452 4.683574120836587 5
1694494785893 4.805338841427912 6
1694494786270 4.630192927071861 7
1694494786685 4.492014278165241 8
1694494787145 4.612353598720993 9
1694494787607 4.6099179662313094 10
1694494788058 4.561508518179913 11
1694494788504 4.548086541188708 12
1694494788929 4.592357538256537 13
1694494789360 4.8035387820660365 14
1694494789746 4.542623402022362 15
1694494790170 4.650003583205107 16
1694494790660 4.518174681792387 17
1694494791133 4.493312779492677 18
1694494791608 4.601466601852929 19
1694494792076 4.723759617491851 20
1694494792625 4.595274627581357 21
1694494793080 4.440315607759083 22
1694494793553 4.470262984813507 23
1694494794011 4.5503801403022885 24
1694494794445 4.523896523137939 25
1694494794967 4.623935489096837 26
1694494795391 4.783199770115783 27
1694494795767 4.527206068529648 28
1694494796235 4.72979704270674 29
1694494796678 4.469889553490282 30
1694494797164 4.679904937588642 31
1694494797635 4.6740930850182 32
1694494798145 4.486587347989281 33
1694494798605 4.629633375058535 34
1694494799041 4.640481308838956 35
1694494799472 4.635813050327055 36
1694494799916 4.724492099665641 37
1694494800401 4.445258290923689 38
1694494800863 4.548884929142198 39
1694494801300 4.499481651620082 40
1694494801686 4.6096390381945795 41
1694494802075 4.611770216995933 42
1694494802550 4.698016283230491 43
1694494803026 4.4413880983021 44
1694494803467 4.847839221553146 45
1694494803894 4.517173839488976 46
1694494804289 4.689945490395991 47
1694494804806 4.675947553464546 48
1694494805272 4.476072490129755 49
