1694494783553 -6.230000303217493 0
1694494783960 -5.66407396148243 1
1694494784389 -5.575001461290729 2
1694494784797 -5.669140494832577 3
1694494785184 -5.535465097212295 4
1694494785588 -5.562053071824251 5
1694494786016 -5.7326549536737055 6
1694494786400 -5.4872618509566085 7
1694494786848 -5.293662773815016 8
1694494787294 -5.462267558908726 9
1694494787777 -5.458855047598259 10
1694494788237 -5.391029630706119 11
1694494788648 -5.372224392852989 12
1694494789062 -5.434251516755916 13
1694494789514 -5.730132929945607 14
1694494789884 -5.364570108278132 15
1694494790348 -5.515018127163636 16
1694494790859 -5.330315542096819 17
1694494791300 -5.295482075571458 18
1694494791748 -5.447014026158344 19
1694494792297 -5.618356090622715 20
1694494792812 -5.438338586688163 21
1694494793256 -5.221228899556746 22
1694494793706 -5.263187513325405 23
1694494794152 -5.3754379043125065 24
1694494794631 -5.338332288626148 25
1694494795139 -5.478494691725995 26
1694494795524 -5.701636385980975 27
1694494795929 -5.342969220154015 28
1694494796375 -5.626814994796136 29
1694494796833 -5.262664306881253 30
1694494797319 -5.556912259576582 31
1694494797814 -5.548769400292431 32
1694494798273 -5.286059220863158 33
1694494798762 -5.486477874891928 34
1694494799183 -5.5016766772061825 35
1694494799624 -5.495136082498436 36
1694494800082 -5.619382355345886 37
1694494800550 -5.2281539846320655 38
1694494800988 -5.373342996719939 39
1694494801419 -5.304125147133672 40
1694494801824 -5.458464247638012 41
1694494802220 -5.461450195557105 42
1694494802749 -5.582287669090275 43
1694494803173 -5.2227315425556045 44
1694494803605 -5.79220130497703 45
1694494804016 -5.32891328387648 46
1694494804486 -5.570979858101213 47
1694494804957 -5.551367655396543 48
1694494805398 -5.271327083923137 49
