1694494783278 0.3866741912543663 0
1694494783691 0.08769206040862901 1
1694494784120 0.03287753210466536 2
1694494784520 1.0724653406097693 3
1694494784944 0.6331910574624993 4
1694494785327 26.254611357386647 5
1694494785759 0.7510816757167369 6
1694494786154 3.1477435859509826 7
1694494786549 0.1622423159812882 8
1694494786996 0.566457012398954 9
1694494787440 16.29715668877235 10
1694494787915 19.098773442743223 11
1694494788384 3.5557400458741903 12
1694494788798 2.944611183407598 13
1694494789234 10.356009674113288 14
1694494789645 0.06980074925288937 15
1694494790028 6.5878506761139315 16
1694494790508 0.1550692808969037 17
1694494790997 3.8934684030407483 18
1694494791467 7.2838013729161525e-06 19
1694494791942 22.296907978661586 20
1694494792450 0.024920338382617167 21
1694494792972 0.000947704385532501 22
1694494793409 0.5578946801559858 23
1694494793864 2.512032184801177 24
1694494794302 0.28890533941214624 25
1694494794793 0.3318318732237993 26
1694494795278 1.6172114029412354 27
1694494795658 0.6243996690282888 28
1694494796108 0.19460556503407345 29
1694494796514 10.53377559217015 30
1694494796993 0.3754176453781655 31
1694494797499 4.6997110595631675 32
1694494797968 5.1444548265789605 33
1694494798428 2.2277508588118997 34
1694494798900 0.2744874724169611 35
1694494799326 4.134422957655976 36
1694494799792 1.3641917451683176 37
1694494800253 9.853926737116419 38
1694494800727 1.4187350456004817 39
1694494801170 0.9529303937731816 40
1694494801566 3.5548394699244086 41
1694494801951 3.742189088286538 42
1694494802406 0.0041147429344613445 43
1694494802902 6.343702467528906 44
1694494803325 0.12479746149181896 45
1694494803763 0.13643146729283037 46
1694494804167 2.1599447384243358 47
1694494804650 0.13261483738114696 48
1694494805149 21.244296665084757 49
