1694491852351 168.37877075596572 0
1694491852764 167.71526344339466 1
1694491853154 167.05463274214557 2
1694491853551 166.39686593452134 3
1694491853892 165.7419502058249 4
1694491854260 165.08987279962773 5
1694491854630 164.4406210174994 6
1694491855008 163.79418221874153 7
1694491855359 163.15054382012298 8
1694491855751 162.50969329561661 9
1694491856136 161.87161817613696 10
1694491856538 161.2363060492791 11
1694491856909 160.60374455905892 12
1694491857262 159.97392140565435 13
1694491857660 159.34682434514806 14
1694491858055 158.72244118927108 15
1694491858493 158.10075980514782 16
1694491858865 157.4817681150419 17
1694491859326 156.86545409610386 18
1694491859757 156.2518057801191 19
1694491860201 155.64081125325774 20
1694491860648 155.03245865582525 21
1694491861090 154.42673618201448 22
1694491861491 153.8236320796584 23
1694491861868 153.22313464998453 24
1694491862342 152.62523224737004 25
1694491862792 152.0299132790983 26
1694491863197 151.43716620511645 27
1694491863594 150.84697953779374 28
1694491864029 150.25934184168185 29
1694491864434 149.6742417332751 30
1694491864847 149.09166788077306 31
1694491865285 148.51160900384315 32
1694491865685 147.9340538733851 33
1694491866064 147.3589913112959 34
1694491866488 146.78641019023652 35
1694491866880 146.21629943339897 36
1694491867301 145.64864801427493 37
1694491867723 145.0834449564252 38
1694491868101 144.52067933325046 39
1694491868506 143.96034026776275 40
1694491868948 143.40241693235834 41
1694491869329 142.84689854859133 42
1694491869707 142.29377438694854 43
1694491870056 141.74303376662527 44
1694491870488 141.1946660553023 45
1694491870901 140.6486606689237 46
1694491871330 140.10500707147565 47
1694491871716 139.56369477476653 48
1694491872089 139.0247133382078 49
