1694491852477 -237.25423699471452 0
1694491852887 -236.3153809394809 1
1694491853290 -235.38059525982118 2
1694491853662 -234.4498619603241 3
1694491854011 -233.5231629083245 4
1694491854376 -232.60048005360665 5
1694491854762 -231.68179542802145 6
1694491855135 -230.76709114511004 7
1694491855492 -229.85634939972925 8
1694491855879 -228.94955246767884 9
1694491856285 -228.04668270533057 10
1694491856676 -227.14772254925848 11
1694491857031 -226.25265451587157 12
1694491857400 -225.3614612010475 13
1694491857804 -224.47412527976857 14
1694491858193 -223.59062950575904 15
1694491858623 -222.71095671112403 16
1694491859003 -221.83508980599026 17
1694491859458 -220.96301177814883 18
1694491859927 -220.09470569269854 19
1694491860341 -219.23015469169212 20
1694491860770 -218.36934199378322 21
1694491861239 -217.51225089387552 22
1694491861619 -216.658864762773 23
1694491862003 -215.80916704683239 24
1694491862487 -214.96314126761652 25
1694491862925 -214.12077102155013 26
1694491863322 -213.28203997957647 27
1694491863738 -212.44693188681566 28
1694491864140 -211.61543056222536 29
1694491864588 -210.7875198982616 30
1694491865021 -209.9631838605427 31
1694491865406 -209.14240648751363 32
1694491865810 -208.32517189011241 33
1694491866202 -207.51146425143773 34
1694491866625 -206.70126782641867 35
1694491866994 -205.89456694148544 36
1694491867482 -205.09134599424155 37
1694491867833 -204.29158945313796 38
1694491868209 -203.49528185714843 39
1694491868665 -202.7024078154464 40
1694491869069 -201.9129520070834 41
1694491869465 -201.12689918066877 42
1694491869831 -200.3442341540512 43
1694491870229 -199.56494181400146 44
1694491870607 -198.78900711589665 45
1694491871020 -198.01641508340595 46
1694491871469 -197.24715080817768 47
1694491871847 -196.48119944952805 48
1694491872222 -195.7185462341311 49
