1694491852217 169.17813275916612 0
1694491852621 168.50294821459897 1
1694491853038 167.8374547707861 2
1694491853412 167.1748494641516 3
1694491853773 166.51511952656136 4
1694491854122 165.8582520927481 5
1694491854496 165.20423435590322 6
1694491854883 164.55305356740618 7
1694491855236 163.90469703655742 8
1694491855602 163.2591521303132 9
1694491856005 162.61640627302162 10
1694491856395 161.97644694615965 11
1694491856779 161.33926168807162 12
1694491857142 160.7048380937085 13
1694491857517 160.073163814369 14
1694491857906 159.4442265574412 15
1694491858327 158.81801408614584 16
1694491858734 158.19451421928065 17
1694491859133 157.57371483096566 18
1694491859576 156.95560385039016 19
1694491860080 156.3401692615602 20
1694491860498 155.72739910304776 21
1694491860894 155.11728146774084 22
1694491861349 154.5098045025948 23
1694491861726 153.90495640838458 24
1694491862134 153.30272543945864 25
1694491862657 152.70309990349332 26
1694491863066 152.10606816124886 27
1694491863422 151.51161862632623 28
1694491863884 150.91973976492537 29
1694491864275 150.33042009560418 30
1694491864686 149.74364818903894 31
1694491865143 149.1594126677857 32
1694491865528 148.57770220604272 33
1694491865918 147.99850552941405 34
1694491866353 147.42181141467432 35
1694491866762 146.84760868953433 36
1694491867122 146.27588623240797 37
1694491867604 145.70663297218013 38
1694491867968 145.13983788797572 39
1694491868334 144.57549000892948 40
1694491868832 144.01357841395733 41
1694491869190 143.4540922315285 42
1694491869590 142.8970206394385 43
1694491869938 142.34235286458355 44
1694491870361 141.79007818273578 45
1694491870722 141.2401859183196 46
1694491871166 140.69266544418895 47
1694491871587 140.14750618140573 48
1694491871948 139.60469759901912 49
