1694493531853 38.861701390434604 0
1694493532259 12.108895289264863 1
1694493532668 6.1491101473093 2
1694493533081 4.568566399128749 3
1694493533494 3.9927925562826796 4
1694493533904 3.686582286371799 5
1694493534276 3.4753332691172947 6
1694493534679 3.310052786543353 7
1694493535083 3.174706471470301 8
1694493535464 3.0561446144461692 9
1694493535905 2.951458889389488 10
1694493536267 2.853883748324658 11
1694493536683 2.7621152028027156 12
1694493537151 2.6789086556982156 13
1694493537593 2.5977046217517796 14
1694493538071 2.5209797037086057 15
1694493538459 2.4474242353744047 16
1694493538851 2.3768012408283483 17
1694493539237 2.3094470329059678 18
1694493539729 2.244878854644554 19
1694493540134 2.182791749397759 20
1694493540507 2.123050977588113 21
1694493540938 2.0666912078114774 22
1694493541396 2.011834980665368 23
1694493541813 1.957798355770274 24
1694493542210 1.90444457822519 25
1694493542623 1.8538222421645558 26
1694493543024 1.8049567025046267 27
1694493543421 1.7578037999636997 28
1694493543847 1.713341612110726 29
1694493544221 1.6687572176059229 30
1694493544648 1.6272065676131375 31
1694493545164 1.5866289617730438 32
1694493545542 1.5467441999510576 33
1694493545975 1.507789227362708 34
1694493546365 1.469788147594086 35
1694493546785 1.4321808065889348 36
1694493547212 1.3963070861859552 37
1694493547638 1.3613946141641557 38
1694493548051 1.3279028497128333 39
1694493548418 1.2949215856210687 40
1694493548907 1.2635834358107432 41
1694493549248 1.2331835922024426 42
1694493549597 1.2040479688163557 43
1694493550026 1.1757480552225403 44
1694493550440 1.1469970560699152 45
1694493550854 1.120935791098459 46
1694493551215 1.093797430574913 47
1694493551569 1.0676125689171097 48
1694493552053 1.0427838024086995 49
