1694493531980 -56.30843252548359 0
1694493532394 -16.856701683518875 1
1694493532814 -8.067947397063268 2
1694493533227 -5.7371568885325495 3
1694493533632 -4.8880768111789585 4
1694493534027 -4.436515763568285 5
1694493534421 -4.124991830795122 6
1694493534813 -3.8812566096269734 7
1694493535199 -3.6816645977639517 8
1694493535636 -3.5068242294769387 9
1694493536033 -3.352446665033278 10
1694493536405 -3.208554910740329 11
1694493536853 -3.073226005652801 12
1694493537284 -2.9505232772645265 13
1694493537783 -2.8307736077000887 14
1694493538201 -2.7176291844921336 15
1694493538588 -2.6091586738585346 16
1694493538976 -2.505012613009885 17
1694493539419 -2.4056869545358266 18
1694493539854 -2.3104697881536467 19
1694493540285 -2.2189114015047706 20
1694493540655 -2.1308130973189403 21
1694493541083 -2.047700676919583 22
1694493541545 -1.966805495300509 23
1694493541946 -1.887118961749315 24
1694493542344 -1.8084394070457548 25
1694493542769 -1.7337878445403807 26
1694493543178 -1.6617269881643995 27
1694493543589 -1.592191717268809 28
1694493543982 -1.5266243797272083 29
1694493544355 -1.4608768269245678 30
1694493544809 -1.39960306544979 31
1694493545291 -1.3397642291886203 32
1694493545667 -1.2809471136252526 33
1694493546120 -1.2235011362687134 34
1694493546516 -1.167461842107711 35
1694493546935 -1.1120031851949945 36
1694493547362 -1.059101057609344 37
1694493547765 -1.0076164602918527 38
1694493548179 -0.9582269468494371 39
1694493548560 -0.9095902562213403 40
1694493549029 -0.8633766273882859 41
1694493549370 -0.8185466965340396 42
1694493549747 -0.7755810813610393 43
1694493550173 -0.7338478676662996 44
1694493550584 -0.6914494487596063 45
1694493550975 -0.6530175172767234 46
1694493551330 -0.6129972184408445 47
1694493551722 -0.5743830218458723 48
1694493552182 -0.53776862671575 49
