1694493531706 30.208558975590645 0
1694493532125 10.680228122686454 1
1694493532527 0.7492039549474995 2
1694493532979 3.78609741224026 3
1694493533371 4.381654282329503 4
1694493533775 1.469871117224559 5
1694493534154 0.5480243975824217 6
1694493534558 0.580761535534535 7
1694493534970 5.989976876500196 8
1694493535323 6.4598848619450955 9
1694493535791 0.27095411481878523 10
1694493536161 1.2387609394792025 11
1694493536543 5.008092286622134 12
1694493537043 1.3725122781426444 13
1694493537417 0.4531616968482166 14
1694493537941 8.956673828592026 15
1694493538341 0.23592605740864628 16
1694493538741 0.27794349666722973 17
1694493539116 2.934452698885347 18
1694493539569 0.23463863275193797 19
1694493539992 0.002228691399845367 20
1694493540413 4.638433676711436 21
1694493540814 0.5252501465269057 22
1694493541282 0.2966375276502635 23
1694493541687 1.3736678016018748 24
1694493542070 0.0073589010291830945 25
1694493542482 0.06450170136378289 26
1694493542897 1.9735977731966434 27
1694493543301 11.127750008385448 28
1694493543716 9.982155936524356 29
1694493544119 0.5600336065076128 30
1694493544477 3.2434660376473476 31
1694493544968 1.0886462659012548 32
1694493545412 0.3383543777366493 33
1694493545818 0.3523511546592506 34
1694493546255 0.018048836194721522 35
1694493546641 0.33991646753053834 36
1694493547098 0.3843157666026212 37
1694493547501 1.0267012439606231 38
1694493547911 0.17366726322093684 39
1694493548307 0.003105274838436465 40
1694493548740 1.2710990303011978 41
1694493549157 0.052390000464455376 42
1694493549501 0.05393900376150921 43
1694493549910 0.3732387845979361 44
1694493550303 0.11354222047229402 45
1694493550718 0.12452321832181029 46
1694493551113 0.211693046325869 47
1694493551450 0.26669267417077924 48
1694493551884 0.6746441752503227 49
