1694513215554 162.58123198441484 0
1694513215935 156.17942962735103 1
1694513216267 150.04260682757635 2
1694513216638 144.15966896879706 3
1694513217011 138.51998838190073 4
1694513217350 133.11338463782172 5
1694513217698 127.93010567351205 6
1694513218046 122.96080971576005 7
1694513218381 118.19654796909188 8
1694513218700 113.62874803542265 9
1694513219072 109.24919803449055 10
1694513219424 105.05003139542181 11
1694513219784 101.02371229102792 12
1694513220128 97.16302168764007 13
1694513220467 93.4610439844376 14
1694513220815 89.91115421732927 15
1694513221214 86.50700580350329 16
1694513221566 83.24251880377244 17
1694513221918 80.11186868081005 18
1694513222274 77.10947553229913 19
1694513222640 74.2299937789061 20
1694513222994 71.46830228784029 21
1694513223352 68.81949491357527 22
1694513223713 66.27887143808829 23
1694513224075 63.84192889372045 24
1694513224446 61.50435325247622 25
1694513224785 59.26201146626528 26
1694513225143 57.11094384324655 27
1694513225481 55.04735674606114 28
1694513225835 53.067615598344034 29
1694513226135 51.168238186479286 30
1694513226489 49.34588824411579 31
1694513226829 47.59736930748891 32
1694513227189 45.91961883009912 33
1694513227548 44.30970254578343 34
1694513227922 42.76480906967929 35
1694513228305 41.28224472702519 36
1694513228672 39.8594286001675 37
1694513229071 38.49388778455079 38
1694513229458 37.18325284485889 39
1694513229813 35.92525346284807 40
1694513230203 34.71771426877111 41
1694513230564 33.5585508486344 42
1694513230957 32.44576591985764 43
1694513231356 31.37744566822099 44
1694513231734 30.351756239284672 45
1694513232085 29.366940377754897 46
1694513232521 28.421314208545827 47
1694513232876 27.51326415355161 48
1694513233277 26.641243978395934 49
