1694513215718 -229.05077898001588 0
1694513216058 -219.99229417741694 1
1694513216410 -211.30875273589425 2
1694513216786 -202.9844558869631 3
1694513217131 -195.00436558762064 4
1694513217473 -187.3540766349519 5
1694513217835 -180.01978995957182 6
1694513218150 -172.9882870480139 7
1694513218516 -166.24690544628774 8
1694513218820 -159.78351529885546 9
1694513219190 -153.5864968792082 10
1694513219552 -147.64471907008655 11
1694513219891 -141.9475187531599 12
1694513220256 -136.4846810696852 13
1694513220615 -131.2464205152934 14
1694513220961 -126.22336283361253 15
1694513221347 -121.40652767493123 16
1694513221703 -116.78731198753744 17
1694513222028 -112.35747411073736 18
1694513222408 -108.10911853987164 19
1694513222781 -104.0346813349038 20
1694513223109 -100.12691614535795 21
1694513223494 -96.37888082553648 22
1694513223835 -92.78392461505135 23
1694513224222 -89.33567586076029 24
1694513224580 -86.02803025721059 25
1694513224915 -82.85513958366275 26
1694513225273 -79.8114009166954 27
1694513225650 -76.89144629827967 28
1694513225933 -74.0901328400647 29
1694513226260 -71.40253324542995 30
1694513226606 -68.82392673164061 31
1694513226951 -66.34979033519059 32
1694513227312 -63.97579058413315 33
1694513227691 -61.6977755218845 34
1694513228076 -59.51176706764317 35
1694513228445 -57.41395369919566 36
1694513228816 -55.4006834444819 37
1694513229211 -53.46845716887007 38
1694513229586 -51.61392214564272 39
1694513229978 -49.833865897725296 40
1694513230322 -48.12521029919389 41
1694513230710 -46.48500592558481 42
1694513231109 -44.91042664249231 43
1694513231499 -43.39876442238626 44
1694513231860 -41.94742438000678 45
1694513232260 -40.55392001710148 46
1694513232643 -39.21586866766105 47
1694513233009 -37.93098713518324 48
1694513233426 -36.69708751385373 49
