1694493134625 169.58737247084122 0
1694493134999 169.5275384692706 1
1694493135368 169.46765643610473 2
1694493135763 169.40779695362656 3
1694493136100 169.34795993606778 4
1694493136429 169.28814531528567 5
1694493136782 169.2283532202793 6
1694493137116 169.16858356427812 7
1694493137422 169.10883627734307 8
1694493137757 169.0491114927035 9
1694493138102 168.98940912118508 10
1694493138496 168.9297291609881 11
1694493138935 168.87007153272532 12
1694493139306 168.81043637574936 13
1694493139708 168.7508235974049 14
1694493140067 168.69123312336566 15
1694493140465 168.63166509718812 16
1694493140823 168.5721194238284 17
1694493141162 168.51259602717994 18
1694493141581 168.4530950549917 19
1694493141968 168.39361640983762 20
1694493142368 168.33416001383569 21
1694493142724 168.27472601891614 22
1694493143118 168.21531432527715 23
1694493143505 168.155924853266 24
1694493143859 168.09655775898298 25
1694493144217 168.03721294025686 26
1694493144598 167.97789039642828 27
1694493144968 167.91859003734342 28
1694493145325 167.85931202514607 29
1694493145725 167.80005625422945 30
1694493146083 167.7408226406135 31
1694493146429 167.6816113505856 32
1694493146826 167.62242227618466 33
1694493147220 167.56325533167592 34
1694493147663 167.50411068747948 35
1694493148082 167.4449882332861 36
1694493148411 167.38588788161104 37
1694493148869 167.32680980699593 38
1694493149235 167.26775389678977 39
1694493149605 167.2087200617628 40
1694493149971 167.1497084805668 41
1694493150294 167.09071903821555 42
1694493150683 167.0317517351745 43
1694493151125 166.97280647067493 44
1694493151530 166.91388342933246 45
1694493151903 166.85498249277086 46
1694493152277 166.7961035674922 47
1694493152600 166.73724684219633 48
1694493152960 166.67841219618649 49
