1694493134735 -236.60515148335256 0
1694493135137 -236.52131937486533 1
1694493135518 -236.43741997036247 2
1694493135873 -236.353552161134 3
1694493136213 -236.26971582701182 4
1694493136548 -236.1859108725227 5
1694493136881 -236.10213747840433 6
1694493137218 -236.01839552308448 7
1694493137537 -235.934684908573 8
1694493137866 -235.8510058215346 9
1694493138245 -235.76735813702916 10
1694493138627 -235.6837418525351 11
1694493139054 -235.6001568568247 12
1694493139427 -235.51660334514185 13
1694493139821 -235.4330811876692 14
1694493140198 -235.3495902802699 15
1694493140590 -235.2661308240777 16
1694493140942 -235.18270268592877 17
1694493141312 -235.09930575919182 18
1694493141708 -235.0159402508747 19
1694493142103 -234.93260602447592 20
1694493142484 -234.8493029708767 21
1694493142841 -234.76603130294308 22
1694493143243 -234.682790880845 23
1694493143614 -234.5995815929828 24
1694493143977 -234.51640365806512 25
1694493144345 -234.43325693294207 26
1694493144725 -234.35014141668984 27
1694493145086 -234.26705698299597 28
1694493145442 -234.18400385903647 29
1694493145842 -234.10098189684808 30
1694493146201 -234.01799097876807 31
1694493146572 -233.93503133777818 32
1694493146957 -233.85210282261642 33
1694493147359 -233.76920531316168 34
1694493147822 -233.68633904818583 35
1694493148182 -233.60350387313702 36
1694493148536 -233.52069966544235 37
1694493148993 -233.43792666964822 38
1694493149343 -233.3551847279218 39
1694493149730 -233.27247371524518 40
1694493150086 -233.18979388192352 41
1694493150412 -233.10714506685213 42
1694493150815 -233.02452727068314 43
1694493151293 -232.94194035223165 44
1694493151651 -232.85938457015862 45
1694493152024 -232.77685975860973 46
1694493152374 -232.694365786587 47
1694493152718 -232.61190291847376 48
1694493153079 -232.52947098516432 49
