1694493134500 168.87672819721146 0
1694493134843 168.808999815469 1
1694493135228 168.74877503085224 2
1694493135610 168.6885008860207 3
1694493135980 168.62825115203552 4
1694493136306 168.56802400909802 5
1694493136649 168.50781809182166 6
1694493136990 168.44763655763003 7
1694493137310 168.3874775884087 8
1694493137634 168.32733981897965 9
1694493137970 168.2672264063176 10
1694493138363 168.207135532579 11
1694493138782 168.14706733988191 12
1694493139184 168.0870203122919 13
1694493139562 168.0269976066831 14
1694493139956 167.96699740529132 15
1694493140335 167.90701834322238 16
1694493140699 167.8470635768769 17
1694493141041 167.7871312887727 18
1694493141439 167.72722011423593 19
1694493141816 167.66733320919073 20
1694493142247 167.6074687564414 21
1694493142606 167.547625391538 22
1694493143005 167.4878062699198 23
1694493143376 167.42800957468256 24
1694493143737 167.3682339416037 25
1694493144092 167.3084825256294 26
1694493144481 167.24875351015137 27
1694493144830 167.18904703724294 28
1694493145215 167.12936159204898 29
1694493145579 167.06970032935618 30
1694493145952 167.0100614326694 31
1694493146306 166.9504435380937 32
1694493146695 166.8908497998981 33
1694493147087 166.83127840189456 34
1694493147482 166.7717279804273 35
1694493147952 166.71220168924467 36
1694493148288 166.6526977124703 37
1694493148703 166.59321468669117 38
1694493149108 166.5337557651267 39
1694493149470 166.47431913221695 40
1694493149864 166.414903424795 41
1694493150190 166.3555117955433 42
1694493150540 166.2961424292228 43
1694493150938 166.23679546785064 44
1694493151406 166.17746939776222 45
1694493151784 166.11816737142195 46
1694493152143 166.0588875737374 47
1694493152474 165.99962864191295 48
1694493152833 165.94039372785147 49
