1694508598306 163.43671732366118 0
1694508598727 157.95680592186193 1
1694508599180 152.67896052217648 2
1694508599592 147.59602287171876 3
1694508600000 142.70137804992112 4
1694508600381 137.98637591257798 5
1694508600835 133.4439775053772 6
1694508601321 129.06831252627498 7
1694508601692 124.85272482790637 8
1694508602149 120.7915837762347 9
1694508602513 116.87864120511391 10
1694508602844 113.1090396459367 11
1694508603256 109.47622284458737 12
1694508603630 105.9757534133939 13
1694508604049 102.6027181149681 14
1694508604440 99.35183740849493 15
1694508604809 96.21846245701782 16
1694508605187 93.19847621834869 17
1694508605608 90.28757165672204 18
1694508606008 87.4819743485832 19
1694508606421 84.77697071799746 20
1694508606792 82.16911696874377 21
1694508607284 79.65473738081758 22
1694508608046 77.23035289156368 23
1694508608475 74.89266183535149 24
1694508608889 72.63835911155147 25
1694508609326 70.46456878211997 26
1694508609712 68.3675731004783 27
1694508610048 66.34517404813936 28
1694508610359 64.39440867218131 29
1694508610702 62.51264495024924 30
1694508611011 60.69717211009088 31
1694508611294 58.94572671572797 32
1694508611579 57.2557697966539 33
1694508611872 55.625309552860756 34
1694508612182 54.05133127290769 35
1694508612485 52.53249637067494 36
1694508612785 51.06633244121833 37
1694508613068 49.65135253115255 38
1694508613352 48.28553243932176 39
1694508613627 46.96678902449773 40
1694508613957 45.69368756757263 41
1694508614244 44.46421769562106 42
1694508614532 43.277109909654804 43
1694508614819 42.13063126520356 44
1694508615120 41.023026191766284 45
1694508615401 39.953359167023116 46
1694508615688 38.92023644932173 47
1694508615984 37.922001671301125 48
1694508616289 36.95755351445256 49
