1694508598501 -230.26128197779408 0
1694508598891 -222.50726343987182 1
1694508599323 -215.03916622647313 2
1694508599754 -207.8468614830404 3
1694508600177 -200.92098916468456 4
1694508600531 -194.24930940590275 5
1694508600994 -187.82186215839823 6
1694508601467 -181.63034100487087 7
1694508601855 -175.66532756493558 8
1694508602288 -169.91885454906898 9
1694508602654 -164.38208086613432 10
1694508603000 -159.04813324777618 11
1694508603415 -153.9077346615346 12
1694508603825 -148.95460624927736 13
1694508604213 -144.18179583039498 14
1694508604570 -139.58183290867873 15
1694508604935 -135.14813942742327 16
1694508605346 -130.87488981407702 17
1694508605759 -126.75598965712109 18
1694508606158 -122.78609818586291 19
1694508606576 -118.95854573860582 20
1694508606964 -115.26845937894977 21
1694508607437 -111.71063800071516 22
1694508608195 -108.28015876585863 23
1694508608656 -104.97234985131071 24
1694508609043 -101.78253457351357 25
1694508609472 -98.70664350957529 26
1694508609863 -95.739416086144 27
1694508610177 -92.87774212956076 28
1694508610504 -90.11742909177168 29
1694508610836 -87.45475268808748 30
1694508611116 -84.88587720352031 31
1694508611414 -82.40759989933078 32
1694508611710 -80.01632815824244 33
1694508612013 -77.70924360363335 34
1694508612320 -75.48208044967511 35
1694508612612 -73.33294461071077 36
1694508612909 -71.25833765905335 37
1694508613182 -69.25615557088398 38
1694508613465 -67.32353412228807 39
1694508613781 -65.4575256897519 40
1694508614072 -63.656100160424586 41
1694508614368 -61.916412877196024 42
1694508614637 -60.23666751199324 43
1694508614964 -58.61441196613021 44
1694508615228 -57.047162125319005 45
1694508615516 -55.53359423505359 46
1694508615811 -54.0717361651631 47
1694508616113 -52.659244172787275 48
1694508616413 -51.29455990350999 49
