1694508598149 170.11977504270826 0
1694508598603 151.3355714632269 1
1694508599035 153.49350319180635 2
1694508599455 148.38814122273536 3
1694508599871 146.47022491662483 4
1694508600276 140.12202265565867 5
1694508600648 130.96392708163398 6
1694508601143 122.03842605130998 7
1694508601570 122.91527965419887 8
1694508602012 120.53947880190114 9
1694508602403 113.89739136223083 10
1694508602747 119.64460493447343 11
1694508603117 102.97244418389641 12
1694508603514 102.68089881175426 13
1694508603952 105.72854472720334 14
1694508604340 100.91478977764311 15
1694508604677 93.7109589254016 16
1694508605046 91.45258845838039 17
1694508605482 85.94217499050941 18
1694508605869 86.66954001643604 19
1694508606275 90.46537847927598 20
1694508606692 81.47989778603565 21
1694508607100 86.68488424575709 22
1694508607572 80.68067367451269 23
1694508608332 71.24005960105904 24
1694508608773 70.55681514353265 25
1694508609203 63.352751508200896 26
1694508609592 62.43433005609059 27
1694508609961 61.49801694660415 28
1694508610263 60.650379513289366 29
1694508610604 66.4617204920748 30
1694508610919 62.016559699247956 31
1694508611204 58.3827442983959 32
1694508611495 51.362906317357584 33
1694508611793 51.123716062156475 34
1694508612090 58.82680856657861 35
1694508612398 56.249102596621796 36
1694508612692 49.16999290170787 37
1694508612990 47.19662439692626 38
1694508613264 49.696822289374424 39
1694508613542 44.42392810345882 40
1694508613864 41.27327790257607 41
1694508614150 51.105519174614656 42
1694508614447 37.12986989511349 43
1694508614721 44.816777755192106 44
1694508615038 44.28513727909304 45
1694508615321 40.87940142127839 46
1694508615598 36.77558984363719 47
1694508615896 42.54089317774738 48
1694508616190 34.87573251745353 49
