1694397698300 4.5015604849639255 0
1694397698717 4.582098812609677 1
1694397699013 4.338424012149443 2
1694397699281 4.727588278053728 3
1694397699550 4.7220541470728135 4
1694397699807 10.13618190966207 5
1694397700076 4.492248394565625 6
1694397700341 4.850925719539665 7
1694397700612 4.6766294189855895 8
1694397700928 5.164389665130241 9
1694397701218 4.4781101999174755 10
1694397701523 4.679748787676181 11
1694397701960 5.0759241176686825 12
1694397702347 5.2663961960515895 13
1694397702765 4.431716624530739 14
1694397703170 5.2020678242017135 15
1694397703593 4.785822145568978 16
1694397704038 4.95994758918192 17
1694397704447 4.859027560627942 18
1694397704951 4.885085952297549 19
1694397705406 4.455910816551742 20
1694397705809 4.7056278357889685 21
1694397706211 21.978702132382413 22
1694397706577 4.381808175086863 23
1694397707009 4.387820607529378 24
1694397707477 4.492994156397861 25
1694397707847 4.796098930776012 26
1694397708244 4.609057194914478 27
1694397708689 4.374823152173807 28
1694397709049 4.483083251466341 29
1694397709417 5.362161211161425 30
1694397709824 5.271450337586552 31
1694397710262 4.743741842108729 32
1694397710570 4.623478913428021 33
1694397710862 4.754589275128813 34
1694397711153 4.740556173178394 35
1694397711448 4.225258087627508 36
1694397711724 4.708406807498642 37
1694397712016 4.571389444153114 38
1694397712299 4.801317680339679 39
1694397712581 5.657186490023112 40
1694397712835 4.535023133412385 41
1694397713099 4.873871136615963 42
1694397713500 4.5594377504337755 43
1694397713902 4.871383083983232 44
1694397714244 4.595543254319887 45
1694397714593 6.136340116753785 46
1694397714911 4.56129279443992 47
1694397715259 5.004372035110812 48
1694397715558 4.301674988767284 49
1694397715885 4.086750001996881 50
1694397716204 3.930348143230247 51
1694397716582 3.9582817174969445 52
1694397716911 4.482425569868074 53
1694397717265 4.308642237289903 54
1694397717675 5.2871367756495875 55
1694397718004 4.4385816727307565 56
1694397718366 4.292023752946498 57
1694397718778 4.873384407376953 58
1694397719143 4.51512442762687 59
1694397719495 5.285350877049324 60
1694397719816 3.8362134379274644 61
1694397720182 4.94963801804769 62
1694397720472 4.538971551653147 63
1694397720781 4.8380804468660665 64
1694397721107 4.423747981151968 65
1694397721406 4.509459569899659 66
1694397721708 5.00203395743634 67
1694397722004 4.740192803627929 68
1694397722315 4.379843045412191 69
1694397722651 4.445599360875257 70
1694397722973 5.595121988993827 71
1694397723296 4.1494660512027215 72
1694397723593 5.40413475819706 73
1694397723893 4.915741523353375 74
1694397724236 4.559152674554313 75
1694397724555 4.55013428339608 76
1694397724890 16.09600236645551 77
1694397725189 5.233832248524382 78
1694397725519 4.344079844553591 79
1694397725763 4.748351488048636 80
1694397726041 4.448425719577706 81
1694397726313 4.126812136976537 82
1694397726601 4.855259751535782 83
1694397726863 5.085732312494494 84
1694397727187 3.937301586899397 85
1694397727941 4.394991015249831 86
1694397728219 4.352634134317196 87
1694397728471 5.303998772748791 88
1694397728769 21.51907215369121 89
1694397729047 4.476367927754288 90
1694397729314 5.273607467512391 91
1694397729588 4.75940720808162 92
1694397729883 4.206925186801825 93
1694397730235 4.469312591735803 94
1694397730642 4.498293706068802 95
1694397731009 4.329755385146854 96
1694397731396 3.9051648404342867 97
1694397731774 4.882962445757996 98
1694397732199 6.436214307523972 99
