1694397698421 -5.307037754979269 0
1694397698833 -5.419878241046562 1
1694397699102 -5.078470817649017 2
1694397699378 -5.623720343040386 3
1694397699649 -5.615966593389745 4
1694397699912 -13.201582364407322 5
1694397700167 -5.293990789173514 6
1694397700422 -5.7965257296730135 7
1694397700748 -5.55232300223669 8
1694397701023 -6.235713195057113 9
1694397701339 -5.27418207445537 10
1694397701679 -5.55669348135587 11
1694397702105 -6.111766055011204 12
1694397702492 -6.378632310311557 13
1694397702911 -5.209181052580847 14
1694397703329 -6.288503238108995 15
1694397703794 -5.705310538765609 16
1694397704191 -5.949273882285615 17
1694397704656 -5.807877041690097 18
1694397705144 -5.844386883253533 19
1694397705559 -5.243079004865922 20
1694397705953 -5.592952048591712 21
1694397706332 -29.793877949079725 22
1694397706723 -5.139255417684591 23
1694397707177 -5.147679305032295 24
1694397707639 -5.295035659735145 25
1694397708000 -5.719709117328992 26
1694397708446 -5.45764903976791 27
1694397708818 -5.129468855140516 28
1694397709173 -5.281149708008427 29
1694397709543 -6.512806574529786 30
1694397710016 -6.38571355726725 31
1694397710390 -5.646352747672662 32
1694397710685 -5.477854993561136 33
1694397710973 -5.661550848382581 34
1694397711261 -5.641889376740382 35
1694397711570 -4.919916520551153 36
1694397711853 -5.596845604959882 37
1694397712123 -5.40487357957125 38
1694397712409 -5.727020992986729 39
1694397712661 -6.92616002799757 40
1694397712913 -5.353921538469679 41
1694397713217 -5.8286740507468595 42
1694397713673 -5.38812832339273 43
1694397713989 -5.825188094722626 44
1694397714332 -5.43871495372523 45
1694397714681 -7.59749167494973 46
1694397714998 -5.390727384901063 47
1694397715344 -6.011516000025327 48
1694397715679 -5.026982566251736 49
1694397716001 -4.72585587683434 50
1694397716332 -4.506724659674209 51
1694397716670 -4.545861778484462 52
1694397717008 -5.280228244732552 53
1694397717391 -5.036744225486852 54
1694397717795 -6.4076914819080875 55
1694397718123 -5.218799521183433 56
1694397718513 -5.013460431226065 57
1694397718904 -5.827992105075543 58
1694397719239 -5.326041897824249 59
1694397719581 -6.405189298512784 60
1694397719934 -4.374834586802455 61
1694397720262 -5.934829368078059 62
1694397720573 -5.359453580747045 63
1694397720902 -5.778528499602242 64
1694397721201 -5.198016360955856 65
1694397721496 -5.318104989793922 66
1694397721798 -6.008240170628782 67
1694397722119 -5.641380267625565 68
1694397722422 -5.136502117558339 69
1694397722738 -5.228631850267508 70
1694397723077 -6.839202815594639 71
1694397723395 -4.813725959110386 72
1694397723697 -6.57161479153551 73
1694397724016 -5.887337732119244 74
1694397724346 -5.387728909824745 75
1694397724670 -5.375093439588561 76
1694397724980 -21.551756211776 77
1694397725336 -6.3330076769891175 78
1694397725599 -5.086395080496968 79
1694397725869 -5.652811221590136 80
1694397726124 -5.232591799512887 81
1694397726458 -4.781986056292273 82
1694397726674 -5.80259804693324 83
1694397726986 -6.12550810185945 84
1694397727322 -4.516466977231628 85
1694397728039 -5.157725606167767 86
1694397728314 -5.098380308438765 87
1694397728606 -6.431316456555047 88
1694397728861 -29.149900457583467 89
1694397729127 -5.27174101510509 90
1694397729421 -6.388735864738204 91
1694397729722 -5.668301148669739 92
1694397730011 -4.894230694924219 93
1694397730388 -5.261855938409734 94
1694397730779 -5.302460742652648 95
1694397731144 -5.066325394307094 96
1694397731497 -4.471440885956245 97
1694397731942 -5.841411684772329 98
1694397732304 -8.017638832640667 99
