1694397698208 0.9338842114445552 0
1694397698569 4.431757051774319 1
1694397698945 3.069809956396309 2
1694397699211 0.8389685989874726 3
1694397699490 5.299434208435562 4
1694397699746 0.1577315482870859 5
1694397700016 0.17866236370751995 6
1694397700269 5.169192787169737 7
1694397700538 0.05683844142362676 8
1694397700854 0.024408753572988436 9
1694397701133 0.02188192263323906 10
1694397701447 0.005109480633286029 11
1694397701843 5.921324227969379 12
1694397702245 0.5019890786859909 13
1694397702645 1.9797119866509993 14
1694397703055 0.5175487049105681 15
1694397703474 1.0855854165964536 16
1694397703932 0.7008825872417271 17
1694397704328 0.8768744448399632 18
1694397704823 17.274559553387782 19
1694397705291 4.151301655725798 20
1694397705700 2.1248405116283857 21
1694397706090 10.223326207871864 22
1694397706473 14.202871777704567 23
1694397706863 0.7936569365047367 24
1694397707337 0.1686478130443822 25
1694397707762 3.686181360007397 26
1694397708136 1.5621759059805869 27
1694397708590 2.0460986377583534 28
1694397708949 0.17965136602113865 29
1694397709303 0.016600609560042324 30
1694397709681 0.0011743521904609572 31
1694397710149 10.34905453232561 32
1694397710500 4.976512002510294 33
1694397710790 1.9643920061858062 34
1694397711086 7.5815950445535325 35
1694397711358 0.0024319261759506773 36
1694397711656 0.1708795685519582 37
1694397711950 9.970193358896509 38
1694397712229 10.394654558894233 39
1694397712513 5.386937119087555 40
1694397712771 0.28084998988225945 41
1694397713026 2.0526230873895837 42
1694397713385 13.861838066915668 43
1694397713789 2.488972085621606 44
1694397714119 6.916436472988031 45
1694397714473 5.863093282726549 46
1694397714810 0.04262755787107946 47
1694397715155 5.286227829493922 48
1694397715459 0.6052531748174562 49
1694397715791 0.2375257115635953 50
1694397716111 2.6407437718361884 51
1694397716467 23.37580718484367 52
1694397716791 3.304274658233032 53
1694397717141 22.08825723181837 54
1694397717535 1.0174427963234598 55
1694397717904 6.57757741592237 56
1694397718238 0.0017009214889040813 57
1694397718641 0.20937639647633235 58
1694397719038 29.459050760656023 59
1694397719397 0.10304626052149643 60
1694397719712 0.5604507264736195 61
1694397720056 11.00718366340242 62
1694397720384 2.0119954710880292 63
1694397720687 0.5638615140750568 64
1694397721019 5.212266700925778 65
1694397721317 0.36055313340970174 66
1694397721614 0.17628983645120885 67
1694397721910 10.797324543164114 68
1694397722223 2.4428346457963 69
1694397722561 2.626517331062709 70
1694397722873 0.33526786340084186 71
1694397723198 0.27856222559221067 72
1694397723502 3.479944896320249 73
1694397723810 0.2870975468621996 74
1694397724133 2.608926677490448 75
1694397724456 0.48315379006565373 76
1694397724793 3.5314613591700406 77
1694397725106 0.04151412910657621 78
1694397725450 0.6236107766006657 79
1694397725697 3.3839350213538752 80
1694397725970 5.131992854737867 81
1694397726231 2.991017820124541 82
1694397726543 0.1367165723393179 83
1694397726775 4.777187364952552 84
1694397727106 0.6846583247192791 85
1694397727442 0.11677749047311321 86
1694397728137 0.5740796350311863 87
1694397728414 2.9086505763140225 88
1694397728693 0.012307678080387886 89
1694397728969 2.415689923723748 90
1694397729239 0.07323663110391385 91
1694397729522 0.835514987160208 92
1694397729813 20.87856721807543 93
1694397730135 2.6717768232966623 94
1694397730527 0.8182391350271317 95
1694397730910 4.506637959096978 96
1694397731280 5.63105608024761 97
1694397731636 5.720868549400196 98
1694397732072 6.621207129250796 99
