1694510337665 11.431475614460808 0
1694510337983 4.804728142057203 1
1694510338291 3.7083233779126865 2
1694510338581 3.22395487995742 3
1694510338892 2.905432354855936 4
1694510339189 2.6746305619675965 5
1694510339509 2.477605180887734 6
1694510339788 2.3033704271514055 7
1694510340055 2.159552758492707 8
1694510340355 2.0304173442675193 9
1694510340645 1.9075178898748422 10
1694510340946 1.7919350780340237 11
1694510341231 1.6926441880603036 12
1694510341526 1.5866763678818356 13
1694510341810 1.49222883208194 14
1694510342110 1.4095833750440108 15
1694510342451 1.3275631816941738 16
1694510342730 1.2593293193085286 17
1694510343014 1.1872774814702742 18
1694510343321 1.1221963939734798 19
1694510343622 1.0645229138105752 20
1694510343925 1.0111111844425367 21
1694510344213 0.9580741894704625 22
1694510344503 0.9044569575269372 23
1694510344761 0.8631462851858203 24
1694510345090 0.8201220561774738 25
1694510345393 0.7814580414818982 26
1694510345700 0.7437001068959688 27
1694510346008 0.713799515515753 28
1694510346318 0.6848511786012418 29
1694510346605 0.6583706535265728 30
1694510346919 0.6248207837692225 31
1694510347247 0.5944499285617587 32
1694510347544 0.5767729179348446 33
1694510347856 0.5543341866947217 34
1694510348177 0.529284570768944 35
1694510348449 0.5106139241421582 36
1694510348743 0.49125648942350575 37
1694510349019 0.49426703566149527 38
1694510349310 0.46844835122423933 39
1694510349600 0.4531075734477907 40
1694510349858 0.4386463486683783 41
1694510350168 0.42749813794965136 42
1694510350471 0.4162536028024149 43
1694510350743 0.40892024686417494 44
1694510351026 0.3975824034375464 45
1694510351312 0.3922450998130897 46
1694510351601 0.38386017538408923 47
1694510351877 0.3806654324663928 48
1694510352150 0.37463400659143065 49
