1694510337794 -15.01638999106039 0
1694510338101 -5.731799316167364 1
1694510338411 -4.195650626108382 2
1694510338716 -3.517012537354378 3
1694510339025 -3.0707376070637347 4
1694510339327 -2.747366272495223 5
1694510339619 -2.4713183283854976 6
1694510339879 -2.2272018328468737 7
1694510340170 -2.0257020486957384 8
1694510340463 -1.844773249506301 9
1694510340760 -1.6725815169926412 10
1694510341072 -1.5106409720323644 11
1694510341359 -1.3715266818031253 12
1694510341642 -1.2230574909723355 13
1694510341932 -1.0907291181459797 14
1694510342269 -0.9749363792598078 15
1694510342567 -0.8600196836259233 16
1694510342850 -0.764418714212808 17
1694510343137 -0.6634684630544798 18
1694510343448 -0.5722847774529121 19
1694510343736 -0.49147972816756336 20
1694510344051 -0.4166457245352311 21
1694510344335 -0.34233675305371203 22
1694510344607 -0.2672148242659431 23
1694510344922 -0.20933534646945828 24
1694510345205 -0.14905504197485153 25
1694510345529 -0.09488373821061424 26
1694510345828 -0.041981923433509705 27
1694510346110 -8.886004779373735e-05 28
1694510346429 0.04047002047231241 29
1694510346732 0.07757130389957512 30
1694510347044 0.12457729125463368 31
1694510347369 0.16712923098404464 32
1694510347689 0.19189610322568473 33
1694510347965 0.2233345178772257 34
1694510348261 0.2584309858507924 35
1694510348560 0.28459001971879083 36
1694510348860 0.31171129733305036 37
1694510349127 0.30749328696763745 38
1694510349412 0.34366727998041247 39
1694510349703 0.3651609075679987 40
1694510349961 0.38542221272465405 41
1694510350303 0.4010417264773475 42
1694510350580 0.41679619827611536 43
1694510350851 0.42707080258892427 44
1694510351149 0.44295600657332945 45
1694510351431 0.45043398572781945 46
1694510351709 0.46218191961052446 47
1694510351973 0.46665800390766254 48
1694510352276 0.4751085025373727 49
