1694510337582 5.691961180422206 0
1694510337888 6.313360264810409 1
1694510338192 3.1214298165306262 2
1694510338504 2.7432908458480423 3
1694510338800 3.3709509355073477 4
1694510339105 3.3222016124628007 5
1694510339410 2.624671828917112 6
1694510339702 3.477746910736163 7
1694510339965 2.3069873190737242 8
1694510340259 1.3416440763917454 9
1694510340558 2.2277992308943038 10
1694510340839 1.0313901506718888 11
1694510341151 1.2964988428049478 12
1694510341450 1.7545223854740848 13
1694510341723 2.44387589495085 14
1694510342020 1.4047154689486097 15
1694510342359 1.5361281403455187 16
1694510342646 0.9222237475367931 17
1694510342933 1.4391418751404725 18
1694510343218 0.7944552542539731 19
1694510343537 0.6379779047201434 20
1694510343826 0.8923995985594944 21
1694510344133 1.409494268180189 22
1694510344420 0.8944806102103549 23
1694510344685 0.5177231477966694 24
1694510345003 0.8623747845387408 25
1694510345297 0.5914852766851963 26
1694510345612 0.6774221523133859 27
1694510345908 0.537792121362484 28
1694510346201 0.7462183167652093 29
1694510346520 1.2308134306736092 30
1694510346818 0.4838927157558461 31
1694510347151 0.5337811255449866 32
1694510347461 0.704887212805635 33
1694510347774 0.6976838741029209 34
1694510348067 0.4751842810031496 35
1694510348354 0.5181832419153851 36
1694510348650 0.5540140834485071 37
1694510348941 1.899507025392754 38
1694510349223 0.3783519505251642 39
1694510349514 0.4262452867899703 40
1694510349781 0.6735468475411964 41
1694510350069 0.39116597633258804 42
1694510350392 0.5265037737452224 43
1694510350662 0.4832613713545337 44
1694510350941 0.4152659732047962 45
1694510351229 0.3436735621591383 46
1694510351521 0.4049985965890013 47
1694510351795 0.34605739376021066 48
1694510352066 0.2165567819655025 49
