1694354017992 42.82716261282491 0
1694354018245 0.9180012786135753 1
1694354018539 12.015307477527374 2
1694354018810 2.564365291179758 3
1694354019056 13.135701164551884 4
1694354019309 2.176176038550327 5
1694354019637 0.11571438444459367 6
1694354019895 0.7935056466106895 7
1694354020144 0.7641999954895389 8
1694354020383 19.39095592011054 9
1694354020607 0.20284112357539053 10
1694354020821 0.44857565578034 11
1694354021043 0.02558800408610416 12
1694354021269 0.846088794444042 13
1694354021475 7.826900211688794 14
1694354021715 0.49418863764506493 15
1694354021937 1.6818273633996812 16
1694354022127 1.115039152974288 17
1694354022345 0.35478790716496755 18
1694354022588 0.30310366094100416 19
1694354022788 1.6534121479819794 20
1694354023077 1.917347811915888 21
1694354023330 5.599321574082043 22
1694354023633 1.9244287679230483 23
1694354023908 0.38683751685921597 24
1694354024198 1.897265733169731 25
1694354024453 3.6680935737469524 26
1694354024732 0.2207188283784705 27
1694354024995 9.215603072038729 28
1694354025286 0.44815760539663924 29
1694354025568 0.2083682789854197 30
1694354025846 0.04227165870530244 31
1694354026166 0.03890571708714453 32
1694354026446 1.738435005705397 33
1694354026679 0.2858693503501581 34
1694354026872 0.3192217944172339 35
1694354027093 20.85530423477765 36
1694354027343 3.2664291546030797 37
1694354027573 1.3779707937030992 38
1694354027804 23.84429508698221 39
1694354028080 0.6349003437012656 40
1694354045268 5.018071431009823 41
1694354045477 0.09945884602861822 42
1694354045717 0.6226863496702675 43
1694354045938 0.04342472350004529 44
1694354046181 0.6602157147842589 45
1694354046382 7.621082491945309 46
1694354046617 0.5847853180355714 47
1694354046835 4.948112790320916 48
1694354047109 1.1501083753938697 49
1694354047379 0.12855822398132832 50
1694354047634 0.9393645197883176 51
1694354047881 0.8276586473284646 52
1694354048142 6.747762976920613 53
1694354048407 1.0369035150106871 54
1694354048680 0.00016181454516923246 55
1694354048912 6.162676657421218 56
1694354049159 13.586155252581761 57
1694354049425 0.3043247057895181 58
1694354049656 23.788073040325553 59
1694354049892 0.11171069226247846 60
1694354050165 0.08145788604437636 61
1694354050418 0.004158185517102132 62
1694354050681 1.6452723946985754 63
1694354050895 2.209015096482235 64
1694354051177 0.3750950618676638 65
1694354051427 0.14718400164657242 66
1694354051689 3.810848529180727 67
1694354051911 12.350548346067551 68
1694354052177 0.3605594853789376 69
1694354052414 2.595122390250223 70
1694354052644 0.5452374829569121 71
1694354052851 1.7159768070457968 72
1694354053046 2.24354986356119 73
1694354053285 0.6470406622787831 74
1694354053495 2.536786928929041 75
1694354053716 7.178812903757531 76
1694354053929 0.08699301848753084 77
1694354054114 0.11872534479994136 78
1694354054309 0.34761562340981567 79
1694354054517 0.16814739271959564 80
1694354054716 4.8499873178219195 81
1694354054920 2.287729841037263 82
1694354055117 0.546195462700876 83
1694354055338 3.5165325701375307 84
1694354055544 0.6771479237864618 85
1694354055763 0.20745918273698494 86
1694354056008 0.17548300806857253 87
1694354056238 2.056999652618301 88
1694354056487 0.11261852862664276 89
