1694512591356 163.3574984949586 0
1694512591652 157.83842473697635 1
1694512591936 152.51235584396676 2
1694512592210 147.37493949689463 3
1694512592493 142.41757073961597 4
1694512592766 137.63452248038726 5
1694512593087 133.02160876270025 6
1694512593387 128.57024055195603 7
1694512593700 124.27631818755653 8
1694512593981 120.13238798253262 9
1694512594284 116.13530561346198 10
1694512594586 112.27883659542307 11
1694512594901 108.55705890125903 12
1694512595209 104.96687513278931 13
1694512595573 101.50287923080819 14
1694512595866 98.16016908862096 15
1694512596171 94.9344242336888 16
1694512596481 91.82210447829482 17
1694512596788 88.8189766149197 18
1694512597140 85.92122341453948 19
1694512597484 83.1250852640221 20
1694512597823 80.42707789341937 21
1694512598140 77.82335203396866 22
1694512598464 75.31071231119736 23
1694512598794 72.88603173399716 24
1694512599118 70.54570204230663 25
1694512599438 68.28749471733273 26
1694512599757 66.10806505130088 27
1694512600083 64.00479808299022 28
1694512600396 61.974278922339195 29
1694512600703 60.01496387668598 30
1694512601053 58.12355847292798 31
1694512601356 56.29844460095741 32
1694512601634 54.53693389537241 33
1694512601956 52.836962106563234 34
1694512602268 51.196021021225455 35
1694512602599 49.611893058279506 36
1694512602894 48.0828806978359 37
1694512603195 46.60664227154565 38
1694512603482 45.18171093213 39
1694512603746 43.80629148423183 40
1694512604033 42.478416240594754 41
1694512604368 41.19643344419227 42
1694512604653 39.95890792595007 43
1694512604933 38.763853214366115 44
1694512605237 37.610509377332875 45
1694512605520 36.496442917966206 46
1694512605788 35.420999109978986 47
1694512606068 34.3828771267804 48
1694512606372 33.38044916659848 49
