1694512591495 -239.89944199752458 0
1694512591787 -231.76059437258903 1
1694512592061 -223.90636646026596 2
1694512592340 -216.33033999854317 3
1694512592613 -209.01982546197758 4
1694512592914 -201.96637724373747 5
1694512593216 -195.16382241269724 6
1694512593529 -188.59949492253986 7
1694512593815 -182.26734910067876 8
1694512594106 -176.1563931711121 9
1694512594419 -170.26199027440651 10
1694512594727 -164.5749465630033 11
1694512595035 -159.08652896342417 12
1694512595347 -153.79216981578077 13
1694512595693 -148.68389693233723 14
1694512596002 -143.75448129221454 15
1694512596306 -138.99755159667612 16
1694512596616 -134.4078872145699 17
1694512596937 -129.97924553482105 18
1694512597296 -125.70599738000996 19
1694512597633 -121.58259853751107 20
1694512597969 -117.60391083678414 21
1694512598275 -113.7642578521643 22
1694512598617 -110.05892744044097 23
1694512598933 -106.48330830173462 24
1694512599264 -103.03207942021568 25
1694512599579 -99.70195445189215 26
1694512599901 -96.48800103526263 27
1694512600230 -93.38636294882059 28
1694512600530 -90.3920043349048 29
1694512600858 -87.50264874643281 30
1694512601192 -84.71343790178668 31
1694512601458 -82.02198561223523 32
1694512601753 -79.42432740886117 33
1694512602093 -76.91741919155457 34
1694512602436 -74.49756215743818 35
1694512602740 -72.16148609210757 36
1694512603042 -69.9066877031034 37
1694512603312 -67.7297137874579 38
1694512603591 -65.62840122015871 39
1694512603886 -63.60010266904298 40
1694512604180 -61.64191643222099 41
1694512604489 -59.751406702645795 42
1694512604782 -57.92645707040443 43
1694512605066 -56.16413813292406 44
1694512605357 -54.46332923628706 45
1694512605636 -52.82044176015525 46
1694512605922 -51.23451019514778 47
1694512606209 -49.70361624303685 48
1694512606456 -48.2253594230232 49
