1694512591283 168.7721605473382 0
1694512591572 163.82058298082524 1
1694512591863 158.90863340037333 2
1694512592138 154.9819339711281 3
1694512592412 140.52671331252532 4
1694512592689 131.253333966708 5
1694512592996 137.36534985331653 6
1694512593298 128.46169096708726 7
1694512593613 123.28643729131194 8
1694512593886 109.36098684919534 9
1694512594191 115.57885637969704 10
1694512594500 115.9415259313294 11
1694512594811 106.53990038053381 12
1694512595118 105.44458299552484 13
1694512595434 99.71635812879256 14
1694512595772 101.88590861745149 15
1694512596085 98.68133597140144 16
1694512596390 89.15396133011696 17
1694512596701 91.53261776859239 18
1694512597027 91.9684439902645 19
1694512597395 86.97218624834244 20
1694512597725 74.07714235846312 21
1694512598055 81.97515124601948 22
1694512598368 74.03786418983194 23
1694512598708 77.71061503922122 24
1694512599028 73.63276539461566 25
1694512599356 59.283117074654434 26
1694512599667 61.87580876926667 27
1694512599989 65.50878461615495 28
1694512600308 75.00511795175423 29
1694512600620 56.17218490941047 30
1694512600954 59.45987572179095 31
1694512601278 60.31034340329247 32
1694512601544 56.924256168131926 33
1694512601847 50.04716060913004 34
1694512602177 53.54716732708457 35
1694512602514 48.905079808449216 36
1694512602813 47.685124019163474 37
1694512603117 50.50515559939717 38
1694512603402 49.68562759993967 39
1694512603664 43.31527250795931 40
1694512603959 45.16923336156499 41
1694512604274 42.1981377219043 42
1694512604576 41.89938442822865 43
1694512604854 43.60922600534731 44
1694512605150 36.251068500970206 45
1694512605439 41.29209964065802 46
1694512605710 40.689567411893506 47
1694512605996 37.78919560192645 48
1694512606289 39.23392402260304 49
