1694395316524 4.743307114665903 0
1694395317292 4.8770706911764385 1
1694395317960 4.667199174595374 2
1694395318662 4.480175806803592 3
1694395319393 4.5738770575936565 4
1694395320056 4.467136276246786 5
1694395320816 4.814424383146383 6
1694395321330 4.443262146879093 7
1694395321806 4.473137588456324 8
1694395322266 4.4651265468104615 9
1694395322828 5.144245135251697 10
1694395323385 5.422942311210095 11
1694395323856 4.517212872163539 12
1694395324394 5.344208591533717 13
1694395324896 4.712931121913934 14
1694395325421 4.2486239272192075 15
1694395325953 4.715825063435365 16
1694395326386 3.8729099154157276 17
1694395326839 4.2141912475846155 18
1694395327422 4.754284721428134 19
1694395328207 5.492638549342665 20
1694395328949 4.517479976753599 21
1694395329797 5.033091636078483 22
1694395330560 4.49208394172441 23
1694395331272 4.339872243212342 24
1694395332054 4.751702374079175 25
1694395332798 4.776771628827028 26
1694395333575 4.292906293004432 27
1694395334401 5.1745021307415415 28
1694395335144 4.25770109360354 29
1694395335851 4.146227395845996 30
1694395336509 4.1028797563330155 31
1694395337210 4.457471399213644 32
1694395338021 4.655461729160117 33
1694395338761 4.909512866643951 34
1694395339476 4.704032031669894 35
1694395340211 4.850015924242179 36
1694395340969 4.16994199476067 37
1694395341733 4.093059840093766 38
1694395342554 5.1767424620566205 39
1694395343256 4.482874370534541 40
1694395344133 4.5209453555662025 41
1694395344910 3.972953544869303 42
1694395345688 3.982127632645363 43
1694395346539 9.49803007621943 44
1694395347234 4.846036813965858 45
1694395347936 4.986557319329097 46
1694395348579 4.3482060308627855 47
1694395349341 4.3317465856480695 48
1694395350061 11.817903179166786 49
1694395350736 4.726165242658999 50
1694395351388 4.612641749061849 51
1694395352069 4.509974367659294 52
1694395352837 5.176364433831538 53
1694395353584 4.364097989043755 54
1694395354357 4.395147276739986 55
1694395355190 5.216588445470593 56
1694395355985 4.894613727535877 57
1694395356719 4.225097646796418 58
1694395357405 4.449621946028978 59
1694395358067 5.391653549072595 60
1694395358788 5.005864619201247 61
1694395359512 4.398480847399882 62
1694395360200 4.887644681814682 63
1694395360983 3.8315246988612706 64
1694395361625 5.152547125719228 65
1694395362279 4.903702714645452 66
1694395362975 4.445041063183135 67
1694395363753 4.283681433511512 68
1694395364483 4.703914306209595 69
1694395365234 4.256018728411951 70
1694395365949 4.461796697089431 71
1694395366671 4.827013922008412 72
1694395367369 4.515366520743431 73
1694395368033 4.227460517238601 74
1694395368706 4.809919839178181 75
1694395369337 4.606996074463926 76
1694395369968 4.858926089999286 77
1694395370783 4.600059808830269 78
1694395371507 3.9689745503654126 79
1694395372223 4.298301997204864 80
1694395372913 3.991045952869283 81
1694395373518 4.796163473757222 82
1694395374255 4.338940971701228 83
1694395374986 4.15496973454972 84
1694395375631 4.029129689555736 85
1694395376405 4.308549102392033 86
1694395377099 4.486182983875514 87
1694395377852 5.456943046298876 88
1694395378490 4.867191637000693 89
1694395379213 4.580970839554222 90
1694395379977 4.708714726933411 91
1694395380871 4.951224529031837 92
1694395381371 4.947979427130112 93
1694395381893 5.054285075244983 94
1694395382403 4.668457542109419 95
1694395382922 4.263983946369196 96
1694395383411 5.253633738702004 97
1694395383873 4.533855343762152 98
1694395384348 4.104321471674065 99
