1694395316776 -5.711731011946974 0
1694395317452 -5.901005103426067 1
1694395318136 -5.604039055833196 2
1694395318873 -5.339402904889958 3
1694395319533 -5.471989215576314 4
1694395320285 -5.320952102632447 5
1694395321014 -5.812361218848308 6
1694395321456 -5.287170453966911 7
1694395321936 -5.329443897975952 8
1694395322452 -5.3181083560528295 9
1694395323008 -6.279054206836465 10
1694395323529 -6.6734078579079865 11
1694395324031 -5.391809973240912 12
1694395324522 -6.562000450530969 13
1694395325021 -5.668749293149619 14
1694395325576 -5.0117593655804455 15
1694395326079 -5.672844190778342 16
1694395326483 -4.480127884910013 17
1694395327011 -4.963037476370832 18
1694395327642 -5.727264213142238 19
1694395328394 -6.772027321413536 20
1694395329221 -5.392187923501605 21
1694395330008 -6.121773143339518 22
1694395330732 -5.356252793904181 23
1694395331500 -5.1408747986388414 24
1694395332253 -5.723610218077899 25
1694395332975 -5.75908295692235 26
1694395333819 -5.074418459865973 27
1694395334597 -6.321867545726041 28
1694395335258 -5.024603463095016 29
1694395335976 -4.866869321878986 30
1694395336683 -4.80553285570027 31
1694395337479 -5.307276400565966 32
1694395338223 -5.587430690693763 33
1694395338958 -5.946910449615245 34
1694395339659 -5.656157171550669 35
1694395340408 -5.862722885162732 36
1694395341143 -4.900425236586548 37
1694395342005 -4.79163777474422 38
1694395342714 -6.325037591603518 39
1694395343521 -5.34322134494515 40
1694395344315 -5.397091399047766 41
1694395345140 -4.621688596480888 42
1694395346001 -4.634669836772608 43
1694395346714 -12.439615330380558 44
1694395347413 -5.857092484854272 45
1694395348095 -6.055927561492008 46
1694395348771 -5.152667022854625 47
1694395349561 -5.129377076364447 48
1694395350255 -15.722212023453874 49
1694395350914 -5.6874754385315756 50
1694395351551 -5.526840857185429 51
1694395352301 -5.381567563465031 52
1694395353070 -6.324502685534748 53
1694395353788 -5.175153981001185 54
1694395354627 -5.2190884052524265 55
1694395355421 -6.381419250247166 56
1694395356162 -5.925828320293746 57
1694395356945 -4.97846991961116 58
1694395357597 -5.2961695046613215 59
1694395358277 -6.629134579773754 60
1694395358978 -6.083247193170124 61
1694395359683 -5.223805373611772 62
1694395360403 -5.915967191937541 63
1694395361107 -4.421568227129082 64
1694395361782 -6.290801438363923 65
1694395362433 -5.938689144013532 66
1694395363212 -5.289687602327088 67
1694395363930 -5.061365378114625 68
1694395364684 -5.655990591229453 69
1694395365378 -5.022222933570607 70
1694395366145 -5.313396652783889 71
1694395366878 -5.830175287464092 72
1694395367528 -5.389197404881807 73
1694395368217 -4.981813357099106 74
1694395368841 -5.805987335244486 75
1694395369468 -5.518852285421843 76
1694395370240 -5.875330678499297 77
1694395370974 -5.5090375405539485 78
1694395371719 -4.61605835998923 79
1694395372369 -5.082053326075957 80
1694395373046 -4.647289168596239 81
1694395373712 -5.786522218992145 82
1694395374441 -5.139557058983662 83
1694395375144 -4.879239641652991 84
1694395375813 -4.701177266159851 85
1694395376595 -5.096552875020354 86
1694395377289 -5.347902998953699 87
1694395378021 -6.721518550006918 88
1694395378691 -5.887026342895246 89
1694395379446 -5.482026844434354 90
1694395380288 -5.662783137413698 91
1694395381041 -6.005932024908785 92
1694395381498 -6.001340238936631 93
1694395382046 -6.1517616428115005 94
1694395382536 -5.605819632984174 95
1694395383054 -5.033493635443412 96
1694395383534 -6.433837960952017 97
1694395384002 -5.415358900190738 98
1694395384452 -4.8075728681496015 99
