1694395316334 0.03719928795513547 0
1694395317077 3.8652142222783943 1
1694395317762 2.3263938198429934 2
1694395318411 0.3608905169877128 3
1694395319164 0.04100499036254586 4
1694395319813 23.856242354827156 5
1694395320571 0.6791335255128942 6
1694395321190 0.7255317853971889 7
1694395321658 14.583112524797981 8
1694395322133 0.0873383630818371 9
1694395322663 4.212632525044673 10
1694395323237 7.823026370337495 11
1694395323719 4.854882463998706 12
1694395324235 34.0165203041432 13
1694395324716 0.46688533215063643 14
1694395325255 5.815592995740127 15
1694395325785 5.898647876260523 16
1694395326248 1.949142642475562 17
1694395326663 0.6847790025238418 18
1694395327249 22.93177901317712 19
1694395327964 1.7366903718105031 20
1694395328681 1.1761038249841296 21
1694395329521 0.783574966076472 22
1694395330331 5.048390363380755 23
1694395331010 2.2299445937812186 24
1694395331774 0.06441779761855519 25
1694395332563 0.00874975176244039 26
1694395333299 0.2757350243704187 27
1694395334135 0.15461762566333315 28
1694395334912 0.42256233224240214 29
1694395335592 16.242487499916958 30
1694395336253 1.4955616222152306 31
1694395336985 2.857096893746466 32
1694395337769 0.02150374226758123 33
1694395338513 5.452457715717373 34
1694395339259 1.9978534912915447 35
1694395339937 0.9437996213945538 36
1694395340704 18.760755142396167 37
1694395341450 3.7545860066479793 38
1694395342289 1.210808616495272 39
1694395342992 0.18586433839050012 40
1694395343865 1.5603541373387793 41
1694395344642 1.455680816354781 42
1694395345419 2.376709110529103 43
1694395346328 6.03818022404298 44
1694395346997 0.3049771605290592 45
1694395347677 0.16328779144156413 46
1694395348361 4.106030979731041 47
1694395349068 0.042233273293870596 48
1694395349852 3.3725439217723756 49
1694395350526 0.032924098623206645 50
1694395351180 0.14479815947943492 51
1694395351853 0.2321667929460715 52
1694395352581 0.36133582453350216 53
1694395353326 2.3275667777033893 54
1694395354100 0.02646777975423451 55
1694395354929 2.4803036556409728 56
1694395355716 2.7142111250962473 57
1694395356475 0.7381561898749424 58
1694395357217 5.78930236511658 59
1694395357837 4.9388345523003165 60
1694395358567 3.1439529802036814 61
1694395359262 0.13312205024702728 62
1694395359933 2.418927929716782 63
1694395360723 20.1906852135891 64
1694395361371 0.0008103589366900824 65
1694395362034 0.8030606551251477 66
1694395362713 9.566529819063845 67
1694395363517 4.155103939141604 68
1694395364229 1.1212777363524247 69
1694395364964 3.6404796335612444 70
1694395365705 4.237641516780468 71
1694395366445 5.771545701592267 72
1694395367136 1.0412155191200767 73
1694395367790 0.4809089689976887 74
1694395368516 3.426745807510482 75
1694395369088 4.575526432251997 76
1694395369728 1.3734485002552976 77
1694395370511 3.7641580811592785 78
1694395371251 4.134378771549015 79
1694395371977 0.2302843279076822 80
1694395372658 1.7995333367326383 81
1694395373260 7.138836208691733 82
1694395374008 3.788824990568908 83
1694395374724 4.84060448804257 84
1694395375405 0.03324107649739668 85
1694395376141 0.3073806742416817 86
1694395376871 0.4929076055801945 87
1694395377625 0.14613489551090383 88
1694395378283 0.43524350751225455 89
1694395378978 10.727868457132175 90
1694395379758 0.09066866748446609 91
1694395380606 18.971802345924203 92
1694395381222 6.574823216703408 93
1694395381717 1.6771732591193844 94
1694395382232 4.869137795818617 95
1694395382758 0.1024090068426758 96
1694395383249 25.012888670490284 97
1694395383719 0.018847445709547373 98
1694395384200 1.3312947793139733 99
