1694491290971 41.5957701051921 0
1694491291445 15.381770731858026 1
1694491291796 8.80214926806422 2
1694491292227 6.6993464894217984 3
1694491292641 5.83696765447146 4
1694491293019 5.409040664674179 5
1694491293423 5.155094371350911 6
1694491293822 4.993956011564803 7
1694491294236 4.8822633403115105 8
1694491294668 4.80414681368676 9
1694491295123 4.746190814061372 10
1694491295563 4.6905184946773915 11
1694491296034 4.6478309429902 12
1694491296435 4.605720553689473 13
1694491296850 4.579915242898588 14
1694491297254 4.55299624423077 15
1694491297659 4.524016426343054 16
1694491298079 4.499784303663053 17
1694491298535 4.490785546340323 18
1694491298971 4.466224518961487 19
1694491299451 4.4578150031134305 20
1694491299890 4.435928544932534 21
1694491300275 4.421136104456118 22
1694491300643 4.409846676945986 23
1694491300969 4.396459584769316 24
1694491301336 4.389686637455023 25
1694491301734 4.3827761470233995 26
1694491302084 4.38401050856377 27
1694491302480 4.371664315312409 28
1694491302876 4.364975238969761 29
1694491303262 4.360064648872813 30
1694491303680 4.354998249270448 31
1694491304075 4.356918064221829 32
1694491304471 4.338355352654624 33
1694491304896 4.337403233697202 34
1694491305266 4.3251200987382 35
1694491305696 4.325497644553123 36
1694491306080 4.327860608248314 37
1694491306490 4.3266974056755645 38
1694491306914 4.321746400027438 39
1694491307346 4.324409398834279 40
1694491307723 4.323402089980067 41
1694491308158 4.315603861192986 42
1694491308584 4.313187780153789 43
1694491309026 4.321237450871515 44
1694491309442 4.319463259353814 45
1694491309822 4.315660564004703 46
1694491310221 4.307710112023963 47
1694491310613 4.318533412879751 48
1694491310991 4.307294473663481 49
