1694491291162 -60.34029903810833 0
1694491291579 -21.6831337427269 1
1694491291930 -11.980321482585808 2
1694491292384 -8.879367925676165 3
1694491292775 -7.607638240513147 4
1694491293178 -6.976584422919173 5
1694491293566 -6.602095826298047 6
1694491293969 -6.3644688957040545 7
1694491294415 -6.199758353316791 8
1694491294856 -6.084561757824924 9
1694491295285 -5.99909541499527 10
1694491295754 -5.91699676144174 11
1694491296171 -5.85404643790944 12
1694491296575 -5.791947242106948 13
1694491296984 -5.753892760204554 14
1694491297391 -5.714195949112594 15
1694491297777 -5.671460096625502 16
1694491298247 -5.635725558047172 17
1694491298681 -5.622455303313297 18
1694491299136 -5.586235736749413 19
1694491299584 -5.573834422491234 20
1694491300025 -5.5415589799088245 21
1694491300399 -5.519744917564693 22
1694491300751 -5.503096665646547 23
1694491301098 -5.483355037223968 24
1694491301478 -5.473367131901447 25
1694491301852 -5.4631763949946945 26
1694491302229 -5.46499667878355 27
1694491302635 -5.44679003940398 28
1694491303005 -5.43692581662101 29
1694491303394 -5.429684285469198 30
1694491303794 -5.422212985722381 31
1694491304227 -5.425044091455433 32
1694491304626 -5.397670099445885 33
1694491305032 -5.396266032123164 34
1694491305373 -5.378152383316922 35
1694491305828 -5.378709141206713 36
1694491306231 -5.382193747918229 37
1694491306666 -5.380478400577046 38
1694491307075 -5.373177269567153 39
1694491307477 -5.377104330966343 40
1694491307884 -5.375618876407267 41
1694491308300 -5.3641190127298435 42
1694491308763 -5.360556075126577 43
1694491309165 -5.3724267342761705 44
1694491309566 -5.3698103759788856 45
1694491309953 -5.364202631026084 46
1694491310353 -5.352478287402841 47
1694491310743 -5.368439153360954 48
1694491311146 -5.35186535533645 49
