1694491290823 10.517993817614023 0
1694491291297 66.09614222840682 1
1694491291700 0.36810252981075825 2
1694491292075 10.49960362797253 3
1694491292534 25.815593735295955 4
1694491292903 1.3127268877835505 5
1694491293325 26.38985824764938 6
1694491293715 1.0654918077806248 7
1694491294114 30.21762899077326 8
1694491294555 4.248240017067228 9
1694491294998 0.18807106067932822 10
1694491295427 0.6853293203094207 11
1694491295896 5.9312788951359385 12
1694491296316 44.062549451966966 13
1694491296720 21.762785492188595 14
1694491297145 8.062811666629415 15
1694491297532 3.1005362928493096 16
1694491297944 0.5703874825518422 17
1694491298387 0.661615133253281 18
1694491298826 5.893577941031001 19
1694491299312 12.11377537830718 20
1694491299723 0.26330692074738193 21
1694491300171 4.122570735189738 22
1694491300520 2.47999063378153 23
1694491300878 6.38524268328999 24
1694491301221 18.274965477555106 25
1694491301606 1.158497763475264 26
1694491301979 0.6083952717556874 27
1694491302368 6.953827835259117 28
1694491302767 33.386130322313875 29
1694491303142 2.1083409892713036 30
1694491303559 1.310025981365921 31
1694491303931 0.1110164937203112 32
1694491304364 0.9875317796436952 33
1694491304765 1.2591053919317101 34
1694491305159 1.894043606281918 35
1694491305523 4.3064713652876465 36
1694491305961 8.128725845110184 37
1694491306359 6.915927054544891e-05 38
1694491306798 2.637314050016149 39
1694491307226 0.2927102068350197 40
1694491307613 0.35213025542900805 41
1694491308037 1.3366514561657776 42
1694491308448 4.208949941386876 43
1694491308900 0.12172617854622511 44
1694491309302 3.2970767252010105 45
1694491309696 0.037717173601903166 46
1694491310089 1.331651764907191 47
1694491310507 2.403629857983733 48
1694491310886 0.10906765720462806 49
