1694512328164 9.67871422117514 0
1694512328459 4.228975500900964 1
1694512328785 3.5314278314387844 2
1694512329107 3.17639088104363 3
1694512329389 2.93323748343617 4
1694512329716 2.736638500414441 5
1694512329985 2.553250089126371 6
1694512330258 2.391544326000712 7
1694512330528 2.2369919582916995 8
1694512330817 2.1036405912447504 9
1694512331137 1.9854107353735087 10
1694512331461 1.866603294559887 11
1694512331774 1.7679109549137508 12
1694512332078 1.6627289608385885 13
1694512332391 1.5741329629065046 14
1694512332676 1.5027563745932202 15
1694512332983 1.40403307255287 16
1694512333292 1.3283258786412948 17
1694512333598 1.2540804329972726 18
1694512333904 1.1903718487729513 19
1694512334215 1.1326433256246626 20
1694512334512 1.0708611517322624 21
1694512334798 1.011027904740558 22
1694512335124 0.9650111610870508 23
1694512335457 0.9331101620738724 24
1694512335773 0.8778764570317281 25
1694512336101 0.8342987178573288 26
1694512336433 0.7884438880255531 27
1694512336764 0.7533205223843319 28
1694512337077 0.7179617092140997 29
1694512337392 0.6865615252954077 30
1694512337740 0.6601781315251044 31
1694512338060 0.6289232855446031 32
1694512338385 0.6051842400681859 33
1694512338726 0.5790112872079434 34
1694512339035 0.5554813470480728 35
1694512339344 0.5331066237642594 36
1694512339649 0.50787767643531 37
1694512339969 0.48910859134062573 38
1694512340264 0.4708630007609701 39
1694512340556 0.457331789643179 40
1694512340903 0.4366950478233344 41
1694512341236 0.42182130173113214 42
1694512341562 0.4096141817880775 43
1694512341902 0.3934865742144313 44
1694512342204 0.3860694951756716 45
1694512342529 0.370983884714338 46
1694512342830 0.3590943246390467 47
1694512343148 0.3512184282398387 48
1694512343489 0.3420015741481436 49
