1694512328290 -13.272971100904515 0
1694512328593 -5.236370217310132 1
1694512328935 -4.207713156028682 2
1694512329206 -3.6841485567499106 3
1694512329519 -3.325575988345607 4
1694512329817 -3.035656114794918 5
1694512330081 -2.765217559141643 6
1694512330359 -2.526753892253665 7
1694512330652 -2.2988391685126777 8
1694512330943 -2.102189059352194 9
1694512331270 -1.9278382853183418 10
1694512331599 -1.7526357604214593 11
1694512331908 -1.6070964997861843 12
1694512332221 -1.4519870991505255 13
1694512332520 -1.321336675009074 14
1694512332804 -1.2160793072434437 15
1694512333110 -1.070494387097232 16
1694512333424 -0.9588507776117472 17
1694512333722 -0.8493627737472995 18
1694512334031 -0.7554132303747014 19
1694512334334 -0.6702823417293104 20
1694512334609 -0.5791736301415618 21
1694512334919 -0.49093895499044526 22
1694512335267 -0.4230791507524716 23
1694512335584 -0.37603550150318177 24
1694512335890 -0.29458366215269693 25
1694512336240 -0.23032060017302025 26
1694512336566 -0.16269956642104266 27
1694512336886 -0.11090396926756196 28
1694512337204 -0.058761163207964096 29
1694512337550 -0.012456054141507744 30
1694512337866 0.026450913067366244 31
1694512338184 0.07254169571150482 32
1694512338526 0.10754910499182779 33
1694512338857 0.1461457399645072 34
1694512339163 0.18084478657682346 35
1694512339462 0.2138402621661244 36
1694512339777 0.2510447944938303 37
1694512340083 0.2787231206666141 38
1694512340367 0.3056294618511296 39
1694512340704 0.3255836190698579 40
1694512341040 0.3560161344722712 41
1694512341375 0.3779500962863044 42
1694512341696 0.3959516475451801 43
1694512342015 0.4197346492502798 44
1694512342341 0.43067244040251085 45
1694512342647 0.4529188335941856 46
1694512342964 0.4704520868217509 47
1694512343300 0.4820664850910663 48
1694512343588 0.49565836197531266 49
