1694512328079 6.942467063617586 0
1694512328373 5.104355622859212 1
1694512328681 3.3057164741893263 2
1694512329021 3.4475347023924905 3
1694512329304 2.9076137039948122 4
1694512329623 1.671147331792687 5
1694512329903 2.7313812788138536 6
1694512330175 3.242128764228404 7
1694512330448 4.223371749290026 8
1694512330735 1.8947496199532232 9
1694512331040 1.8026883681558512 10
1694512331363 1.7956205880958662 11
1694512331678 1.6917984144798135 12
1694512331988 0.9260422656676116 13
1694512332302 1.979813602493885 14
1694512332599 3.2753111333641574 15
1694512332887 0.9437910607638735 16
1694512333201 1.1108282163010508 17
1694512333511 0.9738086737917799 18
1694512333804 0.6523343904403083 19
1694512334127 0.9143635747610496 20
1694512334423 0.6746386127722456 21
1694512334701 1.1539173014670119 22
1694512335021 1.1123944915806383 23
1694512335358 2.561123319033012 24
1694512335681 0.8815855408774288 25
1694512335999 0.9610457319217681 26
1694512336332 0.8076949642541811 27
1694512336664 0.839037285431499 28
1694512336977 0.5933659818162798 29
1694512337297 0.4401925382499948 30
1694512337652 0.7344727755073169 31
1694512337960 0.8932634205405076 32
1694512338283 0.6004553582424058 33
1694512338636 0.2965145264863144 34
1694512338941 0.7880042304043215 35
1694512339262 0.5298467617993515 36
1694512339544 0.5158891691904681 37
1694512339863 0.4935175388780226 38
1694512340176 0.5106198546600902 39
1694512340466 0.35145814860755453 40
1694512340797 0.45337264147442774 41
1694512341133 0.26307057919489374 42
1694512341472 0.4255674018709492 43
1694512341796 0.5156705969658336 44
1694512342105 0.36653855987798495 45
1694512342433 0.5040731087026039 46
1694512342733 0.26914146112199283 47
1694512343057 0.49512276158783125 48
1694512343395 0.27442388766881876 49
