1694507978769 37.97948874162611 0
1694507979204 14.376856716022639 1
1694507979619 8.783080814355992 2
1694507980033 6.917518318563518 3
1694507980465 6.12395598031527 4
1694507980846 5.707159484791343 5
1694507981247 5.451108815517086 6
1694507981675 5.291876093140476 7
1694507982058 5.17564380385708 8
1694507982478 5.072443684604098 9
1694507982839 5.01000121701966 10
1694507983247 4.957875286487864 11
1694507983612 4.917504647617226 12
1694507984007 4.863213932910849 13
1694507984426 4.850590475934393 14
1694507984793 4.812991687884405 15
1694507985157 4.794811310796411 16
1694507985562 4.775859960585918 17
1694507985953 4.7444126477623065 18
1694507986320 4.740147112515157 19
1694507986719 4.7154614966165385 20
1694507987093 4.70700536733276 21
1694507987531 4.703863756818477 22
1694507987953 4.700850617723907 23
1694507988385 4.696430311338547 24
1694507988819 4.684666794288802 25
1694507989199 4.676546830506836 26
1694507989591 4.654148529395502 27
1694507990005 4.65603417356313 28
1694507990426 4.663152208241418 29
1694507990879 4.656871510475852 30
1694507991221 4.639036206483593 31
1694507991575 4.638538618767931 32
1694507991948 4.6342634118743975 33
1694507992324 4.63830196240651 34
1694507992669 4.626974581927656 35
1694507993058 4.631394424370773 36
1694507993422 4.635556910305949 37
1694507993804 4.630051900203858 38
1694507994208 4.637306435843968 39
1694507994569 4.630850642289966 40
1694507994934 4.62105005684411 41
1694507995300 4.604624312787602 42
1694507995682 4.621552846240658 43
1694507996024 4.6186823139321875 44
1694507996395 4.607372495868474 45
1694507996806 4.600339225809591 46
1694507997184 4.605917130943499 47
1694507997565 4.611039596486657 48
1694507997911 4.600035196376743 49
