1694507978955 -52.21222944984279 0
1694507979348 -19.14309891175631 1
1694507979787 -11.30578206961963 2
1694507980187 -8.691983335927665 3
1694507980601 -7.580140532753282 4
1694507981005 -6.996176095933429 5
1694507981400 -6.637429113926946 6
1694507981829 -6.4143316357942135 7
1694507982233 -6.251481122220823 8
1694507982616 -6.106889696509449 9
1694507982998 -6.0194029234482915 10
1694507983381 -5.9463704243903335 11
1694507983749 -5.889808006890841 12
1694507984148 -5.813742476161741 13
1694507984571 -5.796056027203695 14
1694507984927 -5.743377189150798 15
1694507985306 -5.717905061190564 16
1694507985717 -5.691352739682355 17
1694507986084 -5.64729259877485 18
1694507986482 -5.641316250808667 19
1694507986857 -5.606729775296997 20
1694507987251 -5.5948820778525405 21
1694507987695 -5.590480436201561 22
1694507988109 -5.586258793041607 23
1694507988539 -5.5800655986251035 24
1694507988953 -5.5635839926549275 25
1694507989340 -5.5522072893288295 26
1694507989759 -5.5208255204448085 27
1694507990143 -5.52346745516887 28
1694507990591 -5.533440377582591 29
1694507991002 -5.524640629569128 30
1694507991351 -5.499651975961909 31
1694507991732 -5.498954816716893 32
1694507992091 -5.49296491801889 33
1694507992446 -5.4986232426746415 34
1694507992818 -5.4827526980970935 35
1694507993202 -5.48894524249429 36
1694507993550 -5.494777210327535 37
1694507993964 -5.487064261302102 38
1694507994341 -5.497228432222352 39
1694507994705 -5.488183361336502 40
1694507995088 -5.474451975823772 41
1694507995457 -5.451438225755532 42
1694507995815 -5.475156423029897 43
1694507996182 -5.471134583113075 44
1694507996536 -5.455288644850543 45
1694507996952 -5.445434484287666 46
1694507997331 -5.453249564944865 47
1694507997701 -5.46042653917129 48
1694507998048 -5.445008515311351 49
