1694507978656 36.141389529017594 0
1694507979098 27.520621215520364 1
1694507979496 4.659988691116312 2
1694507979920 4.4391365900848525 3
1694507980344 0.21358434969778067 4
1694507980742 0.6318634891309077 5
1694507981148 0.6484686531766293 6
1694507981555 3.971381623330338 7
1694507981955 0.20529949532832614 8
1694507982368 15.930074483784628 9
1694507982739 20.921649946000382 10
1694507983142 3.282949152352359 11
1694507983510 0.5620327237573602 12
1694507983902 0.9887706421977078 13
1694507984310 1.0134121127142623 14
1694507984701 2.0610607369318585 15
1694507985053 2.803231581226298 16
1694507985466 30.90542236681422 17
1694507985857 4.4713165716866845 18
1694507986217 0.41031559679497687 19
1694507986622 4.50935373514985 20
1694507986991 0.9346384061356571 21
1694507987428 4.4279445423073955 22
1694507987855 0.027851764798990264 23
1694507988273 0.4232540361926554 24
1694507988696 5.410032463264674 25
1694507989104 0.09265881872383419 26
1694507989475 0.7708062174895003 27
1694507989909 3.3872787254632746 28
1694507990306 4.816763465652868 29
1694507990745 1.877110165840347 30
1694507991121 23.315223730149032 31
1694507991478 3.7442108055782892 32
1694507991856 1.271159730113664 33
1694507992234 0.00011794576467926526 34
1694507992572 0.15779911213270567 35
1694507992946 22.272761340681154 36
1694507993328 1.120038814448904 37
1694507993694 3.5122209825981936 38
1694507994087 0.18433683587342978 39
1694507994470 0.004190384713474832 40
1694507994838 0.017643398080155547 41
1694507995208 22.893853364132834 42
1694507995580 1.0266797458928705 43
1694507995933 0.038567285745764804 44
1694507996301 5.288956246790337 45
1694507996687 0.0861041987202562 46
1694507997082 22.976542425578725 47
1694507997457 1.0596000927664941 48
1694507997826 1.4494227254314318 49
