1694508503575 121.15643448891949 0
1694508503932 87.95357531851006 1
1694508504348 64.94362899180055 2
1694508504728 48.88480097386371 3
1694508505195 37.57886124101239 4
1694508505558 29.547579604141806 5
1694508506076 23.78190607828282 6
1694508506469 19.602510104327916 7
1694508506906 16.523584196406738 8
1694508507284 14.234790512959398 9
1694508507721 12.50490827175848 10
1694508508090 11.181480531908592 11
1694508508418 10.155740024931433 12
1694508508858 9.350910384965157 13
1694508509254 8.710524366357687 14
1694508509662 8.19047746198706 15
1694508510091 7.7672770226874 16
1694508510564 7.417469127989501 17
1694508511001 7.126403935125595 18
1694508511414 6.8840144356611805 19
1694508511847 6.674394757573998 20
1694508512390 6.497969273520252 21
1694508512766 6.346446009222463 22
1694508513159 6.2138865061260535 23
1694508513533 6.0959253476876185 24
1694508513942 5.993619487238107 25
1694508514283 5.90396280692091 26
1694508514868 5.8228639725366405 27
1694508515233 5.7529175467624425 28
1694508515646 5.688433627888414 29
1694508516123 5.629403195218904 30
1694508516528 5.577527124426749 31
1694508516904 5.530091053813882 32
1694508517252 5.485694988108028 33
1694508517728 5.4460520150403 34
1694508518166 5.408494840981009 35
1694508518581 5.373414043588323 36
1694508518960 5.342166021190006 37
1694508519421 5.313291158695997 38
1694508519797 5.286714350531064 39
1694508520207 5.261140997962188 40
1694508520661 5.237340014361042 41
1694508521162 5.214523333706751 42
1694508521544 5.192836627318733 43
1694508521934 5.172249930960402 44
1694508522429 5.153439146650641 45
1694508522794 5.135234795473096 46
1694508523248 5.117560443361256 47
1694508523675 5.10059193883377 48
1694508524070 5.08581088319787 49
