1694508503720 -168.74962552045133 0
1694508504100 -122.22982709488157 1
1694508504480 -89.99109550228222 2
1694508504868 -67.49142345563232 3
1694508505348 -51.65091903748831 4
1694508505734 -40.39846632163407 5
1694508506229 -32.32030748495046 6
1694508506615 -26.46464736691182 7
1694508507067 -22.150831744328155 8
1694508507431 -18.94405306767196 9
1694508507881 -16.52035296559285 10
1694508508223 -14.666127358917032 11
1694508508591 -13.228984811143764 12
1694508509017 -12.101355638427151 13
1694508509426 -11.204124820223328 14
1694508509850 -10.475498498044317 15
1694508510207 -9.88256163592679 16
1694508510732 -9.392453459835684 17
1694508511147 -8.984648396083953 18
1694508511544 -8.645041779747478 19
1694508512040 -8.351348242073495 20
1694508512549 -8.104162362291545 21
1694508512931 -7.891866436939447 22
1694508513280 -7.706140221862933 23
1694508513686 -7.540867427600286 24
1694508514069 -7.397528928302997 25
1694508514463 -7.271912918113765 26
1694508515018 -7.158287118337247 27
1694508515369 -7.060286713886999 28
1694508515798 -6.969939708157323 29
1694508516264 -6.88723346244921 30
1694508516660 -6.8145510363974084 31
1694508517033 -6.748089397305245 32
1694508517394 -6.6858870424741506 33
1694508517864 -6.630344141586128 34
1694508518307 -6.57772360798373 35
1694508518719 -6.528572671465274 36
1694508519102 -6.484791752005696 37
1694508519572 -6.444335814886147 38
1694508519927 -6.407099631330919 39
1694508520359 -6.371269367423094 40
1694508520821 -6.337922330838897 41
1694508521293 -6.305954379544986 42
1694508521712 -6.275569610434974 43
1694508522068 -6.246726041273574 44
1694508522562 -6.220370663568727 45
1694508522954 -6.194864946036955 46
1694508523379 -6.170101798582531 47
1694508523841 -6.14632759871165 48
1694508524193 -6.125618185550268 49
