1694508503375 126.44916427430465 0
1694508503825 82.98894282705675 1
1694508504205 57.480726143686326 2
1694508504584 42.151044859379894 3
1694508505021 35.51976691582617 4
1694508505457 23.268344409064188 5
1694508505904 22.08382733443102 6
1694508506348 14.935334679612081 7
1694508506757 13.576171035774266 8
1694508507170 13.823825360702127 9
1694508507552 12.860473955323231 10
1694508507989 8.739971653976871 11
1694508508321 14.435524002248183 12
1694508508707 5.303279266546618 13
1694508509130 7.669789144861348 14
1694508509531 12.059242150589045 15
1694508509968 8.353275515506553 16
1694508510368 9.36417739049123 17
1694508510845 8.800501050869615 18
1694508511306 3.5536552238131867 19
1694508511698 8.619288520354553 20
1694508512176 4.61134520399915 21
1694508512639 5.003410875169424 22
1694508513041 5.582886398283665 23
1694508513409 6.164530460499769 24
1694508513814 5.947217102267953 25
1694508514170 3.2147044408069414 26
1694508514709 6.022971169839649 27
1694508515126 2.668656396234902 28
1694508515505 5.20212505361799 29
1694508515938 7.970747122337426 30
1694508516378 4.319438835732108 31
1694508516767 3.5826642028357067 32
1694508517138 5.874494596675308 33
1694508517504 2.8049264607512563 34
1694508517987 2.9164481953926673 35
1694508518463 4.888875852668817 36
1694508518822 7.427026514715126 37
1694508519264 5.533306745506003 38
1694508519678 3.6690897380655194 39
1694508520033 3.8740743057201668 40
1694508520509 4.156421196939002 41
1694508520964 4.899941612849071 42
1694508521396 4.782640500031704 43
1694508521819 8.158616721481183 44
1694508522245 5.023740354562489 45
1694508522683 4.892911109337266 46
1694508523080 4.8248113621349855 47
1694508523540 6.0250320516225795 48
1694508523945 2.954829681766127 49
