1694510494103 11.384628347642407 0
1694510494388 4.798478470097813 1
1694510494706 3.7162954430213624 2
1694510494991 3.22081823547461 3
1694510495326 2.9094774487893362 4
1694510495625 2.675317788431351 5
1694510495937 2.481892623753281 6
1694510496243 2.319685386705385 7
1694510496505 2.1654273246270193 8
1694510496779 2.0281943463394203 9
1694510497076 1.908746319464604 10
1694510497372 1.7936504698485163 11
1694510497667 1.6868854365589003 12
1694510497991 1.595206322922179 13
1694510498279 1.5011953830013165 14
1694510498588 1.4218644033922767 15
1694510498877 1.3443116693050667 16
1694510499198 1.2646540845408691 17
1694510499493 1.1965553305378749 18
1694510499790 1.1320947843669256 19
1694510500069 1.0679207894277238 20
1694510500349 1.0108921073387258 21
1694510500641 0.9602046526794255 22
1694510500895 0.9089483919327124 23
1694510501171 0.863836536620056 24
1694510501489 0.8170960703332109 25
1694510501763 0.7877001139843991 26
1694510502053 0.7557778132469612 27
1694510502328 0.7241355837276853 28
1694510502619 0.6929690244030402 29
1694510502887 0.6593438714067467 30
1694510503145 0.630293316484142 31
1694510503432 0.6033634233118162 32
1694510503703 0.5765020517091255 33
1694510503982 0.5481927585337323 34
1694510504249 0.5294842477221191 35
1694510504523 0.5289491100338561 36
1694510504779 0.4997901843006382 37
1694510505059 0.4777737210402506 38
1694510505350 0.46720245713501624 39
1694510505643 0.45329741119816136 40
1694510505917 0.4386073771080978 41
1694510506222 0.43074719267563655 42
1694510506493 0.4183812239211096 43
1694510506760 0.41060404589338056 44
1694510507057 0.40124765116881655 45
1694510507335 0.39284150854410965 46
1694510507607 0.3874796645747154 47
1694510507888 0.38002727785938206 48
1694510508174 0.3720266739703497 49
