1694510494215 -14.950753312062478 0
1694510494514 -5.723043037731082 1
1694510494806 -4.2068201118441655 2
1694510495155 -3.5126178535012773 3
1694510495439 -3.0764050995356476 4
1694510495761 -2.74832913043473 5
1694510496058 -2.477325370635766 6
1694510496336 -2.250060365176187 7
1694510496610 -2.033932774580015 8
1694510496902 -1.8416586558207126 9
1694510497194 -1.6743026427728767 10
1694510497494 -1.5130443699151042 11
1694510497783 -1.3634582212632278 12
1694510498108 -1.2350086240666078 13
1694510498421 -1.103291956159452 14
1694510498707 -0.992143058970367 15
1694510499012 -0.883485622616089 16
1694510499313 -0.7718791261008517 17
1694510499612 -0.6764674540821045 18
1694510499880 -0.5861531953345585 19
1694510500192 -0.4962404172387558 20
1694510500475 -0.4163387804056118 21
1694510500737 -0.3453216983719869 22
1694510501002 -0.273507674593259 23
1694510501304 -0.21030244262882247 24
1694510501603 -0.14481539951540956 25
1694510501880 -0.10362936921437194 26
1694510502152 -0.058903733148985005 27
1694510502444 -0.014570498730300363 28
1694510502735 0.029096284601816125 29
1694510502981 0.07620774965331312 30
1694510503258 0.11690984558470552 31
1694510503537 0.15464072880681057 32
1694510503814 0.19227560795918008 33
1694510504083 0.2319391382994621 34
1694510504376 0.25815122284712266 35
1694510504638 0.25890099253593624 36
1694510504886 0.29975492443540197 37
1694510505182 0.3306017086734885 38
1694510505484 0.3454128748881522 39
1694510505751 0.36489493005577656 40
1694510506055 0.38547681492379826 41
1694510506332 0.39648954709572437 42
1694510506587 0.41381523494823813 43
1694510506898 0.4247116686653728 44
1694510507166 0.4378207082918363 45
1694510507440 0.44959837052360163 46
1694510507726 0.457110732617643 47
1694510507997 0.467552108343974 48
1694510508331 0.47876157913955864 49
