1694510494016 10.534012940527534 0
1694510494294 3.175346611969302 1
1694510494608 4.000812523503925 2
1694510494889 3.5076445944453973 3
1694510495245 4.755456604900165 4
1694510495528 5.693866724322086 5
1694510495849 2.701921159703448 6
1694510496147 2.262977884259696 7
1694510496422 1.6899050624061187 8
1694510496691 2.701356280638602 9
1694510496985 1.03806913832107 10
1694510497277 2.192793817679582 11
1694510497574 1.7687363854324092 12
1694510497896 0.8894385915817332 13
1694510498200 1.2727808801967253 14
1694510498497 0.8402945926409774 15
1694510498790 1.5490178967790817 16
1694510499095 1.466546993825776 17
1694510499401 1.6179756806056385 18
1694510499700 1.096962881104619 19
1694510499967 0.6180649271721433 20
1694510500268 1.0317813110318135 21
1694510500558 1.7209936740097933 22
1694510500818 0.7181654014903959 23
1694510501081 0.5955944591447164 24
1694510501392 0.7985153866980768 25
1694510501686 1.3047683143128288 26
1694510501958 1.1632793959594936 27
1694510502242 0.7831670492019521 28
1694510502527 0.6172090319068662 29
1694510502807 0.4418756437706375 30
1694510503064 0.5606232791732046 31
1694510503345 0.29262426362787963 32
1694510503622 0.7569929600085781 33
1694510503893 0.80738066596085 34
1694510504173 0.7424416247488886 35
1694510504452 2.208735669583229 36
1694510504708 0.5440899601144843 37
1694510504972 0.3033179109800853 38
1694510505264 0.4139368970610001 39
1694510505561 0.30621957129565774 40
1694510505841 0.3196293534011086 41
1694510506135 0.29745963677656667 42
1694510506413 0.3417150687232867 43
1694510506670 0.42087624705879884 44
1694510506975 0.3946765206251992 45
1694510507251 0.42593575175922604 46
1694510507526 0.3620072573956391 47
1694510507804 0.39231480216486675 48
1694510508090 0.5988337514665197 49
