1694507367301 4.6972421726196085 0
1694507367631 4.38855750801051 1
1694507368028 4.281598224216008 2
1694507368350 4.429083735196679 3
1694507368685 4.4531623026031095 4
1694507369024 4.498796315654583 5
1694507369359 4.395837948076061 6
1694507369667 4.300730237501612 7
1694507369981 4.270057035809399 8
1694507370328 4.364797675454735 9
1694507370648 4.281833649504529 10
1694507370991 4.446209824187432 11
1694507371333 4.227412514480004 12
1694507371652 4.285536941299763 13
1694507371988 4.445758367372448 14
1694507372320 4.2416870560197815 15
1694507372642 4.215489548921468 16
1694507372975 4.339588020368934 17
1694507373329 4.320537899700691 18
1694507373657 4.100528151669439 19
1694507373976 4.28101621057203 20
1694507374327 4.216178401491638 21
1694507374660 4.373139080634534 22
1694507374988 4.229405531657933 23
1694507375333 4.1712570442148325 24
1694507375649 4.339561020551102 25
1694507375952 4.374096851625015 26
1694507376301 4.191136382188357 27
1694507376633 4.1637364222620254 28
1694507376973 4.2112046712148725 29
1694507377307 4.223233462595974 30
1694507377685 4.226907159111672 31
1694507378023 4.359815163098031 32
1694507378333 4.276615579917844 33
1694507378638 4.26565857216895 34
1694507378972 4.354675413785799 35
1694507379261 4.39006621348418 36
1694507379576 4.260282614177381 37
1694507379887 4.31937934158683 38
1694507380225 4.31121689281958 39
1694507380533 4.266811464999083 40
1694507380824 4.496098116926107 41
1694507381168 4.294989231990091 42
1694507381449 4.219772546505272 43
1694507381778 4.2209373010088544 44
1694507382084 4.474243621729593 45
1694507382399 4.332047481618362 46
1694507382712 4.513309753660914 47
1694507383039 4.394876187846849 48
1694507383345 4.260400582297161 49
