1694507367412 -5.9269120103857675 0
1694507367800 -5.4717020313971405 1
1694507368146 -5.313971703619469 2
1694507368470 -5.531465100771726 3
1694507368817 -5.566973195017476 4
1694507369158 -5.634268595482652 5
1694507369462 -5.482438324285109 6
1694507369782 -5.342185231417419 7
1694507370112 -5.296952185857778 8
1694507370449 -5.4366639679022 9
1694507370780 -5.31431887972806 10
1694507371103 -5.556720539423044 11
1694507371451 -5.234065318177075 12
1694507371770 -5.31978003660941 13
1694507372098 -5.556054786728387 14
1694507372431 -5.255115647200135 15
1694507372760 -5.216482802672924 16
1694507373108 -5.399487885389485 17
1694507373460 -5.371395122698784 18
1694507373777 -5.046951947313235 19
1694507374096 -5.313113421854867 20
1694507374457 -5.217498637276793 21
1694507374787 -5.448964840967729 22
1694507375120 -5.237004373503449 23
1694507375432 -5.151254173438557 24
1694507375744 -5.399448069396281 25
1694507376090 -5.4503772432100135 26
1694507376409 -5.180569763290406 27
1694507376763 -5.140163689998268 28
1694507377100 -5.210163994794152 29
1694507377425 -5.227902569137597 30
1694507377813 -5.233320082559714 31
1694507378124 -5.429316374693845 32
1694507378435 -5.306623915840159 33
1694507378763 -5.290465875487008 34
1694507379068 -5.42173690786354 35
1694507379371 -5.473926883700182 36
1694507379674 -5.282538077300193 37
1694507379990 -5.369686624431352 38
1694507380326 -5.3576496541576875 39
1694507380624 -5.292166019294431 40
1694507380947 -5.630289625590992 41
1694507381257 -5.333719106281005 42
1694507381571 -5.222798837979054 43
1694507381874 -5.224516473915955 44
1694507382181 -5.598061318066192 45
1694507382512 -5.388368031118274 46
1694507382817 -5.6556712194785055 47
1694507383134 -5.481020039206754 48
1694507383448 -5.2827120420982006 49
