1694507367215 3.221589142771269 0
1694507367540 0.8428165313208469 1
1694507367928 2.3416333835585075 2
1694507368269 2.860274591865182 3
1694507368588 0.23639051401213723 4
1694507368944 0.035958127434373245 5
1694507369276 0.44859164555247305 6
1694507369581 3.6159667578850407 7
1694507369893 0.2798223770572927 8
1694507370230 0.7943476267454352 9
1694507370559 2.3546853560581367 10
1694507370898 0.18515350588066237 11
1694507371248 0.37985234791346856 12
1694507371569 0.07403254859888414 13
1694507371895 0.046360293473363866 14
1694507372226 2.4680486937590187 15
1694507372560 19.760904968253204 16
1694507372885 2.3217342992482704 17
1694507373233 0.2636667244409808 18
1694507373570 4.722282170450313 19
1694507373889 2.5280122705843207 20
1694507374246 5.531312753291115 21
1694507374573 0.7637285659879058 22
1694507374903 21.94298412177485 23
1694507375235 5.36212557397288 24
1694507375557 34.69650214981868 25
1694507375865 2.2436918024869437 26
1694507376208 0.007351130920878657 27
1694507376539 21.054198147843646 28
1694507376872 0.25093337510551766 29
1694507377222 0.24303004061366484 30
1694507377578 0.8265636846950299 31
1694507377922 20.095566512035123 32
1694507378247 1.7673033101686777 33
1694507378545 0.0032979477268983864 34
1694507378876 0.48996994335828276 35
1694507379175 5.291717239825922 36
1694507379482 1.9876076830432434 37
1694507379804 5.429247392165462 38
1694507380126 0.22198199911297312 39
1694507380446 0.13178898735697725 40
1694507380743 1.2606158027878827 41
1694507381077 4.5803763445686165 42
1694507381368 4.1875914928935645 43
1694507381688 2.1842571867760348 44
1694507381996 1.837690615113913 45
1694507382312 4.691699518381202 46
1694507382628 0.13266541832054995 47
1694507382939 5.3925759598315794 48
1694507383259 0.47102625850411983 49
