1694493928806 121.40117902278119 0
1694493929216 87.57782522955036 1
1694493929679 63.81324413340521 2
1694493930041 47.069400260107855 3
1694493930453 35.230314041805116 4
1694493930889 26.828846479194393 5
1694493931251 20.83640436782882 6
1694493931611 16.541869878252577 7
1694493932000 13.440809734259526 8
1694493932355 11.184936089029145 9
1694493932728 9.523204340056747 10
1694493933127 8.288278075905799 11
1694493933536 7.360219495668721 12
1694493933978 6.655659390562236 13
1694493934317 6.110345708716478 14
1694493934680 5.681716062631616 15
1694493935047 5.341810762914757 16
1694493935423 5.0656751730366745 17
1694493935842 4.838083622147752 18
1694493936316 4.647528338847779 19
1694493936685 4.485423356464659 20
1694493937126 4.346107465610286 21
1694493937526 4.22505986551222 22
1694493937937 4.11865392451764 23
1694493938298 4.0233930938119 24
1694493938622 3.9382966535864146 25
1694493939027 3.8607258763300973 26
1694493939397 3.7907448558564183 27
1694493939825 3.726472692014946 28
1694493940154 3.6672375950001537 29
1694493940488 3.6125749726632947 30
1694493940828 3.561634266862175 31
1694493941172 3.513826834116887 32
1694493941518 3.46905889686957 33
1694493941866 3.4267236091083535 34
1694493942267 3.387086003156959 35
1694493942689 3.3492847662907175 36
1694493943110 3.313322039719002 37
1694493943440 3.279274844019052 38
1694493943794 3.246540756536609 39
1694493944207 3.215251498865878 40
1694493944586 3.1852412262368293 41
1694493945025 3.156216387684439 42
1694493945428 3.1280934730230245 43
1694493945853 3.10105604937905 44
1694493946266 3.0750007604385865 45
1694493946595 3.049587330089897 46
1694493946930 3.0249091623914857 47
1694493947338 3.000952062504999 48
1694493947753 2.977645361895183 49
