1694493928953 -169.09253172387716 0
1694493929429 -121.70337187886892 1
1694493929837 -88.40733804675766 2
1694493930192 -64.94790529558115 3
1694493930612 -48.36042101925057 4
1694493931015 -36.58930891454582 5
1694493931415 -28.193429581778567 6
1694493931778 -22.176451412477114 7
1694493932170 -17.831623996749887 8
1694493932475 -14.670968864278699 9
1694493932896 -12.342752923512407 10
1694493933262 -10.612524795148616 11
1694493933677 -9.312242254474363 12
1694493934100 -8.325098529892292 13
1694493934453 -7.561071479451469 14
1694493934804 -6.960527874674761 15
1694493935164 -6.484294007420846 16
1694493935574 -6.097406483267432 17
1694493936050 -5.778532948419834 18
1694493936448 -5.511550116533407 19
1694493936859 -5.284428377843988 20
1694493937280 -5.089235935929229 21
1694493937672 -4.919638795888967 22
1694493938061 -4.770555763583052 23
1694493938412 -4.637087901085451 24
1694493938742 -4.5178611433623965 25
1694493939153 -4.409178427119254 26
1694493939542 -4.311129552793619 27
1694493939966 -4.221079232399973 28
1694493940278 -4.138086235962394 29
1694493940626 -4.061499633601656 30
1694493940969 -3.990127726942597 31
1694493941324 -3.9231457805041767 32
1694493941635 -3.8604224046049778 33
1694493941984 -3.8011073605952905 34
1694493942435 -3.745571979456357 35
1694493942839 -3.692609494803169 36
1694493943257 -3.6422229066372607 37
1694493943570 -3.5945201268016866 38
1694493943922 -3.5486571141161605 39
1694493944349 -3.504818420819972 40
1694493944746 -3.4627716854399084 41
1694493945191 -3.4221056201513127 42
1694493945577 -3.382703220662944 43
1694493946010 -3.3448216788532754 44
1694493946415 -3.3083161844556557 45
1694493946728 -3.2727099840662355 46
1694493947075 -3.2381339440646677 47
1694493947497 -3.2045681763739786 48
1694493947912 -3.171913668857952 49
