1694493928686 134.762256525349 0
1694493929071 85.24899209781468 1
1694493929574 65.29909182170212 2
1694493929946 48.041777721000685 3
1694493930331 32.046906286183734 4
1694493930751 23.048284407089522 5
1694493931126 19.54606495967668 6
1694493931522 14.093238907772175 7
1694493931884 8.079924097034208 8
1694493932258 5.585682113991573 9
1694493932602 8.916759059395014 10
1694493933016 9.488769730009217 11
1694493933422 8.986968081265761 12
1694493933841 2.3588542941381325 13
1694493934205 4.060229068828502 14
1694493934563 8.682284243921647 15
1694493934926 1.541226042735576 16
1694493935285 2.959411597658572 17
1694493935724 1.882354660284005 18
1694493936162 3.1170542118333544 19
1694493936570 5.8643490007344115 20
1694493936988 5.171088868426974 21
1694493937417 4.0134829801494245 22
1694493937795 3.3730891085876333 23
1694493938162 4.9252925185348 24
1694493938512 3.4018702322465826 25
1694493938897 6.1624625438224525 26
1694493939268 5.685219121316724 27
1694493939695 6.458228723984345 28
1694493940056 3.5659175349687433 29
1694493940386 2.046307404026572 30
1694493940733 2.247973253962247 31
1694493941074 2.848200188940187 32
1694493941422 2.49305807533453 33
1694493941755 3.74726996017762 34
1694493942112 3.1739303182536265 35
1694493942568 3.0114213958266536 36
1694493942988 2.397080462508581 37
1694493943350 3.850805917169819 38
1694493943679 2.612610334224756 39
1694493944041 3.3330083026395863 40
1694493944462 3.579175780644857 41
1694493944865 3.5427043498087354 42
1694493945308 3.439382156055527 43
1694493945701 5.3796360973146475 44
1694493946150 1.9738953298485193 45
1694493946506 3.5425544554483968 46
1694493946824 3.244093463963697 47
1694493947181 1.4895113381653555 48
1694493947628 2.702124389569627 49
