1694508976267 -247.6806090904907 0
1694508976538 -247.5809982699436 1
1694508976819 -247.48143105888315 2
1694508977090 -247.3819074376428 3
1694508977371 -247.28242738656513 4
1694508977694 -247.18299088600148 5
1694508977997 -247.0835979163124 6
1694508978322 -246.98424845786747 7
1694508978605 -246.88494249104497 8
1694508978890 -246.78567999623243 9
1694508979188 -246.68646095382644 10
1694508979516 -246.58728534423227 11
1694508979822 -246.48815314786432 12
1694508980128 -246.38906434514612 13
1694508980486 -246.29001891650984 14
1694508980824 -246.1910168423969 15
1694508981157 -246.09205810325747 16
1694508981505 -245.99314267955089 17
1694508981809 -245.89427055174525 18
1694508982123 -245.79544170031772 19
1694508982481 -245.69665610575427 20
1694508982817 -245.59791374855007 21
1694508983100 -245.49921460920888 22
1694508983423 -245.40055866824372 23
1694508983786 -245.30194590617626 24
1694508984100 -245.20337630353734 25
1694508984455 -245.1048498408665 26
1694508984801 -245.0063664987123 27
1694508985128 -244.90792625763228 28
1694508985451 -244.80952909819274 29
1694508985755 -244.71117500096892 30
1694508986069 -244.61286394654505 31
1694508986385 -244.51459591551418 32
1694508986685 -244.41637088847827 33
1694508987028 -244.31818884604812 34
1694508987350 -244.22004976884347 35
1694508987670 -244.12195363749285 36
1694508987996 -244.0239004326338 37
1694508988355 -243.92589013491272 38
1694508988681 -243.8279227249847 39
1694508989019 -243.72999818351377 40
1694508989376 -243.63211649117295 41
1694508989688 -243.53427762864393 42
1694508989994 -243.4364815766174 43
1694508990341 -243.33872831579285 44
1694508990713 -243.24101782687848 45
1694508990994 -243.14335009059144 46
1694508991318 -243.04572508765776 47
1694508991682 -242.94814279881226 48
1694508992015 -242.8506032047985 49
