1694512362238 10.24986979826771 0
1694512362585 4.321692509877387 1
1694512362896 3.4929762979371954 2
1694512363187 3.1270911582521683 3
1694512363517 2.8811974361594275 4
1694512363827 2.6799998280305672 5
1694512364120 2.5104634865148436 6
1694512364420 2.3538397049612945 7
1694512364730 2.210412368649791 8
1694512365017 2.080118598033783 9
1694512365303 1.962999411838183 10
1694512365606 1.8499536938752987 11
1694512365901 1.733542641555016 12
1694512366194 1.6433227899352625 13
1694512366517 1.5548273064726192 14
1694512366819 1.4740456619906368 15
1694512367126 1.392296692541442 16
1694512367382 1.323456161961225 17
1694512367683 1.2487959773193311 18
1694512367992 1.185070689192005 19
1694512368282 1.124863114708188 20
1694512368586 1.0702168985186857 21
1694512368907 1.0163856807531708 22
1694512369208 0.9690506485863546 23
1694512369497 0.9202638040225208 24
1694512369828 0.8811835244251129 25
1694512370158 0.8426604494803668 26
1694512370427 0.803340279216036 27
1694512370705 0.7683122778000465 28
1694512371019 0.7364260550848281 29
1694512371300 0.7016651009394405 30
1694512371557 0.6725428146146433 31
1694512371833 0.6419913277463287 32
1694512372139 0.6199139948047729 33
1694512372490 0.5958358649162399 34
1694512372782 0.5721554221416969 35
1694512373153 0.5502460613184658 36
1694512373447 0.5322833597837419 37
1694512373762 0.5129732272859502 38
1694512374086 0.4946031196514511 39
1694512374381 0.4761537552310349 40
1694512374686 0.4640885292246611 41
1694512374977 0.4487783955468729 42
1694512375310 0.43619139106426186 43
1694512375625 0.422295623400365 44
1694512375945 0.4083778870337556 45
1694512376262 0.3998748132058951 46
1694512376584 0.3892884665568845 47
1694512376907 0.379576072046787 48
1694512377205 0.36894325164849257 49
