1694512362374 -13.5034608408015 0
1694512362715 -5.115150662068414 1
1694512363005 -3.94252570540377 2
1694512363289 -3.4248019781667836 3
1694512363646 -3.0768648785195536 4
1694512363943 -2.792172322595281 5
1694512364214 -2.5522801348250903 6
1694512364533 -2.3306590872207527 7
1694512364841 -2.1277108745472684 8
1694512365135 -1.9433465228899416 9
1694512365414 -1.7776240733246302 10
1694512365721 -1.617665539610175 11
1694512366018 -1.4529450922295593 12
1694512366362 -1.3252849257315265 13
1694512366652 -1.2000647225241492 14
1694512366936 -1.0857595225109753 15
1694512367225 -0.9700855675713078 16
1694512367484 -0.872676921492807 17
1694512367815 -0.7670335244904645 18
1694512368107 -0.676862894120148 19
1694512368403 -0.5916697925459937 20
1694512368700 -0.5143459560289321 21
1694512369033 -0.4381753339390051 22
1694512369309 -0.37119674797242785 23
1694512369642 -0.3021638623256837 24
1694512369958 -0.24686566674427524 25
1694512370242 -0.19235591004250585 26
1694512370526 -0.1367182716230646 27
1694512370835 -0.08715400818684005 28
1694512371135 -0.042035329451096004 29
1694512371403 0.0071510648308812375 30
1694512371654 0.048358801867471546 31
1694512371951 0.09158884304299453 32
1694512372293 0.12282804315861995 33
1694512372599 0.15689835047287404 34
1694512372937 0.19040593459179322 35
1694512373269 0.22140745587945165 36
1694512373575 0.24682449467421785 37
1694512373903 0.2741481344886224 38
1694512374200 0.30014164874411997 39
1694512374493 0.3262473105403707 40
1694512374790 0.34331948183257943 41
1694512375109 0.36498316426303967 42
1694512375427 0.38279364675788996 43
1694512375761 0.40245601575698353 44
1694512376064 0.4221494702455306 45
1694512376385 0.43418123266944564 46
1694512376727 0.4491608048096717 47
1694512377014 0.46290374361962816 48
1694512377326 0.47794907563935796 49
