1694512362133 9.73124274203833 0
1694512362476 2.8881905911097054 1
1694512362801 3.1126726745845064 2
1694512363097 1.9346857974099265 3
1694512363402 4.369330084351041 4
1694512363728 2.076892670055102 5
1694512364024 2.7930786641217837 6
1694512364313 2.4881168279125303 7
1694512364621 1.779399799515023 8
1694512364929 2.3955086485835153 9
1694512365222 1.0143308509516782 10
1694512365504 0.8438097520544408 11
1694512365822 3.7397781539912343 12
1694512366110 1.7742279633737654 13
1694512366435 1.5218861848515743 14
1694512366742 0.4533310329216128 15
1694512367037 1.4163840006686386 16
1694512367306 0.7735144685600504 17
1694512367592 1.5431863617253194 18
1694512367910 1.071603510505727 19
1694512368201 0.5994649485102319 20
1694512368492 1.023481364310014 21
1694512368799 1.294418277610003 22
1694512369121 0.8561370634829982 23
1694512369402 0.9445996511713848 24
1694512369733 0.6408777325277929 25
1694512370058 0.6264866107793563 26
1694512370338 1.0380135059607332 27
1694512370623 0.8047989215205772 28
1694512370925 0.7932518114588403 29
1694512371212 0.6860264759902641 30
1694512371480 0.7345579187423592 31
1694512371744 0.3950352369610298 32
1694512372051 0.7519796234944573 33
1694512372384 0.5358484832483308 34
1694512372685 0.8085588721403687 35
1694512373035 0.3963575154668667 36
1694512373365 0.7708896866034785 37
1694512373667 0.5085957359378819 38
1694512373990 0.5680477758926774 39
1694512374291 0.3191175874244597 40
1694512374590 0.5645966800904956 41
1694512374879 0.49661671135079155 42
1694512375203 0.3619396472368043 43
1694512375527 0.29324170641366465 44
1694512375851 0.26810412188146915 45
1694512376165 0.4205726643337101 46
1694512376481 0.22315357347558346 47
1694512376814 0.21808901100093714 48
1694512377109 0.20824364485817112 49
