1694509294470 -2.9395864552269875 0
1694509294789 -1.6923444952783546 1
1694509295119 -0.9931018473586799 2
1694509295478 -0.5253021488984593 3
1694509295804 -0.19263488495991843 4
1694509296111 0.06012681174970125 5
1694509296438 0.23843427667667016 6
1694509296754 0.3494150820928712 7
1694509297068 0.43332803929502284 8
1694509297402 0.48308187108755707 9
1694509297745 0.5125154728091608 10
1694509298056 0.5219377464832169 11
1694509298423 0.5429407366702677 12
1694509298782 0.5466529905466446 13
1694509299084 0.5482678673714301 14
1694509299449 0.5449758983953978 15
1694509299828 0.5463535212544457 16
1694509300171 0.5458389250669706 17
1694509300518 0.5285120571205408 18
1694509300869 0.5383615740933625 19
1694509301203 0.5520255274536918 20
1694509301534 0.5461138805536843 21
1694509301882 0.5468231275677513 22
1694509302258 0.5441365819248125 23
1694509302590 0.543599262432372 24
1694509302914 0.5376782062764383 25
1694509303236 0.5430577615728817 26
1694509303590 0.5458997311407421 27
1694509303923 0.5388381985591023 28
1694509304244 0.5372726826253938 29
1694509304573 0.5449258780944759 30
1694509304939 0.5459880690604255 31
1694509305274 0.5536661044239668 32
1694509305596 0.5432464874601859 33
1694509305966 0.5417871664145113 34
1694509306428 0.5430678532339871 35
1694509306851 0.5443128468484906 36
1694509307236 0.5452767026478085 37
1694509307621 0.5416385217612185 38
1694509307998 0.5482154088916846 39
1694509308418 0.5395736811939053 40
1694509308843 0.550324034948066 41
1694509309258 0.5445712908132052 42
1694509309700 0.5424727074368784 43
1694509310119 0.5450755177362618 44
1694509310550 0.5477162103505147 45
1694509310997 0.5464706371041863 46
1694509311437 0.5465230362315057 47
1694509311876 0.5482143142643006 48
1694509312308 0.5442931372080307 49
