1694509294252 1.3405460047567193 0
1694509294585 0.20408283729692941 1
1694509294903 0.9828883930032791 2
1694509295249 0.01904104110709797 3
1694509295608 0.2149380303996927 4
1694509295910 0.3098615982035514 5
1694509296232 0.5382772106554687 6
1694509296560 0.11619268857259472 7
1694509296881 0.20165172051908256 8
1694509297190 0.06518628428091415 9
1694509297539 0.00418867142790261 10
1694509297863 0.04895564515935654 11
1694509298189 1.3368014308048368 12
1694509298546 0.24086101157426412 13
1694509298900 0.24965264281990893 14
1694509299225 0.06392072548203871 15
1694509299573 0.434941180963312 16
1694509299956 0.12186325562146214 17
1694509300314 0.02145801216243604 18
1694509300654 0.43342370320606005 19
1694509300987 0.00014778555662112885 20
1694509301325 0.06626582663537413 21
1694509301667 0.19346260578180374 22
1694509302010 0.13193288674978657 23
1694509302370 0.0823839763195459 24
1694509302710 0.35465755639194335 25
1694509303036 0.5145146621738057 26
1694509303351 0.21154971803639055 27
1694509303706 0.19504185922300227 28
1694509304045 0.7243124461538589 29
1694509304367 5.999449704182782e-06 30
1694509304705 0.12866421634858125 31
1694509305067 0.00017616454880850748 32
1694509305404 0.02800076734147028 33
1694509305721 0.0916627681818906 34
1694509306115 0.227566312625295 35
1694509306576 0.05316171687585682 36
1694509306996 0.24815483931128032 37
1694509307373 0.6468790604838192 38
1694509307756 0.08679206339353548 39
1694509308131 0.5074391781089725 40
1694509308569 0.2097396077354271 41
1694509308997 0.15543005222976727 42
1694509309408 0.15403501731822258 43
1694509309848 0.3829681239044556 44
1694509310267 0.00044014461863397256 45
1694509310733 0.011487502519892914 46
1694509311170 0.01507142088578445 47
1694509311591 0.13933865751925106 48
1694509312028 0.0014053064903050037 49
