1694508435075 -18.731476495759825 0
1694508435415 -8.53343593804641 1
1694508435754 -6.955945217134136 2
1694508436125 -6.459773273219491 3
1694508436530 -6.136570414093026 4
1694508436998 -5.959454834484671 5
1694508437384 -5.791509783151784 6
1694508437804 -5.727852910550573 7
1694508438226 -5.660335308799881 8
1694508438572 -5.6549169050339705 9
1694508438922 -5.582975759657463 10
1694508439279 -5.6189151705337155 11
1694508439664 -5.596950773673805 12
1694508440072 -5.4980778758090025 13
1694508440436 -5.50793969525371 14
1694508440802 -5.53290296960311 15
1694508441191 -5.525397760190605 16
1694508441721 -5.523526259498912 17
1694508442155 -5.481846558355112 18
1694508442582 -5.498438561021191 19
1694508442955 -5.417620315757068 20
1694508443415 -5.427185752592802 21
1694508443964 -5.382854837826932 22
1694508444322 -5.417913322022917 23
1694508444684 -5.443198313811041 24
1694508445068 -5.451340113588526 25
1694508445598 -5.431012812610702 26
1694508446027 -5.469032325970344 27
1694508446514 -5.44087084845186 28
1694508446880 -5.401349818373438 29
1694508447241 -5.435429577690203 30
1694508447629 -5.463378032887967 31
1694508448001 -5.45810887600713 32
1694508448388 -5.467603344285123 33
1694508448856 -5.4617277841511225 34
1694508449202 -5.4394836399275635 35
1694508449679 -5.452927572385625 36
1694508450060 -5.476695964429749 37
1694508450413 -5.449665201092457 38
1694508450787 -5.449623421201246 39
