1694508434801 13.529734752950262 0
1694508435170 6.211707599589722 1
1694508435520 5.616578966888347 2
1694508435870 3.0233392632003446 3
1694508436270 4.032218621607278 4
1694508436670 3.51602770527049 5
1694508437102 7.786540085538021 6
1694508437517 2.5173716128180117 7
1694508437937 4.213069499836423 8
1694508438323 4.751826480806295 9
1694508438678 3.133408363655389 10
1694508439037 3.574929487184691 11
1694508439394 2.700530573476816 12
1694508439785 3.1749819740154153 13
1694508440184 2.9976450139448283 14
1694508440555 2.6736265115712956 15
1694508440909 4.283603772587026 16
1694508441375 4.618848530062612 17
1694508441853 6.201090567517417 18
1694508442278 5.4651853567217765 19
1694508442687 6.123553840006945 20
1694508443065 5.504925652729209 21
1694508443574 7.119407941725674 22
1694508444070 4.124787594548411 23
1694508444410 3.6215247177717473 24
1694508444776 3.218554500608884 25
1694508445205 5.300383406931984 26
1694508445724 3.275420215159955 27
1694508446239 3.0162598408316943 28
1694508446638 4.013596596829088 29
1694508446991 6.398831824605059 30
1694508447339 5.495711205348733 31
1694508447733 4.512413731321557 32
1694508448120 4.071972901035753 33
1694508448496 4.189357766137524 34
1694508448963 2.802708576023393 35
1694508449331 5.679194691721611 36
1694508449789 3.009668420450771 37
1694508450168 6.83901350291688 38
1694508450529 6.948577231632666 39
