1694494228186 164.2150480342264 0
1694494228569 159.23519454009443 1
1694494228949 154.41475421592082 2
1694494229398 149.74908231368536 3
1694494229875 145.2306660701023 4
1694494230253 140.8563312359107 5
1694494230660 136.62081716502635 6
1694494231035 132.51993360094312 7
1694494231433 128.55012758777147 8
1694494231784 124.70580743000933 9
1694494232238 120.98332032153328 10
1694494232662 117.37943614531059 11
1694494233004 113.88974709457322 12
1694494233444 110.51040662623929 13
1694494233812 107.23836015996422 14
1694494234201 104.070687924587 15
1694494234546 101.002295181629 16
1694494234952 98.03181766148141 17
1694494235440 95.15509239678444 18
1694494235839 92.36969268139848 19
1694494236176 89.67155861900402 20
1694494236631 87.05880167600047 21
1694494236972 84.52869255852241 22
1694494237338 82.07835296997763 23
1694494237775 79.70563858795136 24
1694494238190 77.40733636400158 25
1694494238640 75.18131046842086 26
1694494239099 73.02548734113674 27
1694494239569 70.93741549093687 28
1694494239915 68.91520847372156 29
1694494240284 66.95695591684616 30
1694494240659 65.05992352439851 31
1694494241024 63.22233303440857 32
1694494241440 61.44239941323954 33
1694494241873 59.71875353474016 34
1694494242200 58.04857496828851 35
1694494242584 56.43054073560631 36
1694494242936 54.86320317866357 37
1694494243229 53.34527349353549 38
1694494243628 51.87444982963468 39
1694494243988 50.449611074223036 40
1694494244321 49.069204345265895 41
1694494244700 47.73160506942421 42
1694494245274 46.43621201640208 43
1694494245710 45.180983850628934 44
1694494246079 43.96481707345951 45
1694494246456 42.78646691754086 46
1694494246809 41.64444203417266 47
1694494247159 40.537842108851464 48
1694494247651 39.46541436180913 49
