1694494228308 -231.362611965789 0
1694494228728 -224.31617024832659 1
1694494229101 -217.4952965345075 2
1694494229538 -210.8934185534295 3
1694494230028 -204.4999058219484 4
1694494230399 -198.31026680985343 5
1694494230802 -192.31705775678657 6
1694494231183 -186.5143494926855 7
1694494231587 -180.8971146213368 8
1694494231911 -175.45744095084493 9
1694494232404 -170.19015979793747 10
1694494232789 -165.09070058007856 11
1694494233182 -160.15282629581233 12
1694494233590 -155.3710941260534 13
1694494233968 -150.74118187088274 14
1694494234338 -146.258958083996 15
1694494234680 -141.91721376259864 16
1694494235132 -137.71401847915973 17
1694494235581 -133.64348167747977 18
1694494235979 -129.70216959321237 19
1694494236368 -125.88433751462496 20
1694494236744 -122.18731318600486 21
1694494237115 -118.60723468447114 22
1694494237511 -115.1400292498098 23
1694494237928 -111.7826626877545 24
1694494238349 -108.53058856765045 25
1694494238825 -105.38078471232524 26
1694494239255 -102.33031705550253 27
1694494239705 -99.37571676221178 28
1694494240050 -96.51431453336271 29
1694494240427 -93.74340721121878 30
1694494240806 -91.05912579505423 31
1694494241184 -88.45895406238473 32
1694494241576 -85.94036620888693 33
1694494242000 -83.50142493507195 34
1694494242331 -81.1381393604814 35
1694494242724 -78.84863748439429 36
1694494243056 -76.63087088551725 37
1694494243389 -74.48301591948969 38
1694494243740 -72.40181549129353 39
1694494244110 -70.38568323788076 40
1694494244451 -68.43242184706851 41
1694494244884 -66.53973256421216 42
1694494245431 -64.70676465459755 43
1694494245842 -62.93062964928863 44
1694494246186 -61.20976610899843 45
1694494246595 -59.54241270066472 46
1694494246940 -57.92645918114286 47
1694494247347 -56.36063161462661 48
1694494247830 -54.84315733056828 49
