1694494228002 168.9533805914162 0
1694494228436 160.75118075951775 1
1694494228838 157.42263441293608 2
1694494229284 151.8853941636069 3
1694494229711 143.120005421572 4
1694494230148 141.82042609687807 5
1694494230506 136.16292349074422 6
1694494230924 125.53937067351961 7
1694494231298 132.77746750385614 8
1694494231683 128.70313752868708 9
1694494232035 124.49488682049578 10
1694494232527 118.21192803590175 11
1694494232890 111.26587720269859 12
1694494233320 104.61512641629116 13
1694494233711 105.90885168472157 14
1694494234071 112.69976378394722 15
1694494234440 95.08331470319409 16
1694494234795 94.88658083773305 17
1694494235295 95.37422608545609 18
1694494235711 97.64691982556089 19
1694494236071 87.31402971953315 20
1694494236501 85.90731492030565 21
1694494236851 92.19476253224956 22
1694494237232 79.10534095486209 23
1694494237630 78.19802742085987 24
1694494238074 79.93419276722362 25
1694494238481 73.76400212925441 26
1694494238957 65.95042308931863 27
1694494239425 63.21816741121862 28
1694494239805 70.11711081626834 29
1694494240162 76.67974733468114 30
1694494240536 60.92406877743869 31
1694494240904 62.25563080105981 32
1694494241297 58.376463987862934 33
1694494241701 55.12078076889284 34
1694494242097 47.96084827140409 35
1694494242449 59.602517490278885 36
1694494242830 51.738429489463826 37
1694494243139 50.155556880808476 38
1694494243509 50.379971785984836 39
1694494243842 50.36526311199975 40
1694494244217 47.70686162691836 41
1694494244538 51.20176002782567 42
1694494245107 43.594445466456946 43
1694494245535 42.238039505248196 44
1694494245955 38.76951447591355 45
1694494246297 35.30582662561825 46
1694494246709 42.492288501529515 47
1694494247036 41.67385968965242 48
1694494247530 47.201223035495424 49
