1694492524209 39.88728549780142 0
1694492524603 12.81999849506815 1
1694492524985 6.577332624836597 2
1694492525378 4.818181087093137 3
1694492525757 4.127139504205799 4
1694492526160 3.757025880640914 5
1694492526567 3.502592160861182 6
1694492526956 3.3064397732663497 7
1694492527398 3.145785265140523 8
1694492527770 3.005987345443923 9
1694492528165 2.8855985075276447 10
1694492528578 2.7760379675648323 11
1694492528987 2.674793783624465 12
1694492529407 2.580934979105295 13
1694492529768 2.4947868801809534 14
1694492530177 2.4152004964748937 15
1694492530527 2.33905268040437 16
1694492530964 2.268136821381191 17
1694492531348 2.2006268073950306 18
1694492531772 2.1329195080992935 19
1694492532192 2.069157797097236 20
1694492532564 2.0068018832532077 21
1694492533018 1.9502080895509446 22
1694492533414 1.8944306233366313 23
1694492533771 1.842783171303173 24
1694492534177 1.790887686050597 25
1694492534592 1.744009447913199 26
1694492535050 1.6973340544012807 27
1694492535424 1.6527423064002176 28
1694492535806 1.6083487295714058 29
1694492536182 1.5647936969215193 30
1694492536592 1.5225107369935353 31
1694492536995 1.4818325556999161 32
1694492537426 1.442250530016137 33
1694492537826 1.4053462046925338 34
1694492538226 1.3707985836147518 35
1694492538617 1.337048177055799 36
1694492539024 1.3026253546358908 37
1694492539406 1.2703865312475562 38
1694492539796 1.2369485420588593 39
1694492540161 1.2060779628575553 40
1694492540526 1.1770625814664584 41
1694492540922 1.147764143071133 42
1694492541274 1.1183111783758164 43
1694492541747 1.0909196544489081 44
1694492542206 1.065551794287429 45
1694492542601 1.0417989924753397 46
1694492543016 1.0184297093198322 47
1694492543385 0.993004631661583 48
1694492543763 0.9693617853704091 49
