1694492524354 -57.82083716844413 0
1694492524743 -17.90534877385094 1
1694492525113 -8.6994369634287 2
1694492525517 -6.10525776911051 3
1694492525895 -5.086195079926497 4
1694492526310 -4.540397267068741 5
1694492526688 -4.165189874172825 6
1694492527140 -3.875928584342682 7
1694492527532 -3.63901517835604 8
1694492527898 -3.432858490370487 9
1694492528316 -3.2553239165433974 10
1694492528703 -3.093757577776257 11
1694492529125 -2.944455172674346 12
1694492529535 -2.8060438120478817 13
1694492529905 -2.679003246715878 14
1694492530301 -2.5616390877269826 15
1694492530675 -2.4493457031580124 16
1694492531102 -2.344767761986943 17
1694492531493 -2.245212339993179 18
1694492531903 -2.1453659860163166 19
1694492532321 -2.0513380978402673 20
1694492532741 -1.9593833055064729 21
1694492533170 -1.8759257755552596 22
1694492533528 -1.793672064456234 23
1694492533901 -1.717508787654845 24
1694492534324 -1.640979742127607 25
1694492534741 -1.5718495123360756 26
1694492535178 -1.5030184127194093 27
1694492535550 -1.4372600158896374 28
1694492535931 -1.3717938574037136 29
1694492536339 -1.3075642801990566 30
1694492536712 -1.2452105985713389 31
1694492537167 -1.1852234460660043 32
1694492537565 -1.1268527683303367 33
1694492537964 -1.0724308320270852 34
1694492538355 -1.0214842717733088 35
1694492538758 -0.9717133449279012 36
1694492539159 -0.9209508223052152 37
1694492539530 -0.8734089914345236 38
1694492539920 -0.824098779100898 39
1694492540288 -0.7785746655937118 40
1694492540648 -0.735786368448746 41
1694492541035 -0.6925806538298327 42
1694492541438 -0.6491470629286256 43
1694492541888 -0.6087534300054471 44
1694492542329 -0.5713440462068813 45
1694492542745 -0.5363163507834801 46
1694492543139 -0.5018542212582926 47
1694492543507 -0.46436046016960275 48
1694492543905 -0.429494913554044 49
