1694492524095 22.58381792970471 0
1694492524486 2.470402783767689 1
1694492524884 0.2619570007148342 2
1694492525254 1.8625522490704325 3
1694492525632 18.75912762036554 4
1694492526043 0.08553970048152941 5
1694492526455 0.03900005154315534 6
1694492526820 2.8997191637188466 7
1694492527286 2.727900426950426 8
1694492527663 1.9552963605207538 9
1694492528024 1.8796504050563294 10
1694492528447 0.20939421790306786 11
1694492528841 0.02096989552566073 12
1694492529259 0.4810818046451958 13
1694492529660 0.19806592317760932 14
1694492530059 3.6383337715464284e-05 15
1694492530415 0.1975548457129545 16
1694492530834 0.3858836333483286 17
1694492531244 1.6497516161187376 18
1694492531632 0.034643929286115524 19
1694492532027 1.2934806147822582 20
1694492532450 0.6060408196391839 21
1694492532882 0.19070048705185336 22
1694492533293 7.021039990579729 23
1694492533651 0.08934042013489155 24
1694492534048 1.0957991642640483 25
1694492534467 0.11778964114813975 26
1694492534946 6.179063389181549 27
1694492535298 2.2974929123754477 28
1694492535676 16.4544257560411 29
1694492536057 0.030884343626100787 30
1694492536483 0.21496934038255322 31
1694492536891 0.09892041388530227 32
1694492537301 0.27325204407073156 33
1694492537700 0.3050826164529253 34
1694492538088 1.6358089850561899 35
1694492538510 0.00037014800415280516 36
1694492538893 0.028448469096729906 37
1694492539290 0.028713115301004094 38
1694492539670 3.5310238045272966 39
1694492540064 0.005787490199751927 40
1694492540419 0.04106105581437115 41
1694492540808 0.024418201262700934 42
1694492541159 2.652844648789255 43
1694492541583 0.2529951233530223 44
1694492542090 0.32641324069270833 45
1694492542472 0.39177960254409827 46
1694492542897 0.5379299361930221 47
1694492543282 0.025373039704414433 48
1694492543641 0.10925338512404403 49
