1694512344858 10.845329308169527 0
1694512345197 4.568661085003363 1
1694512345529 3.6327735177087623 2
1694512345851 3.221373857032188 3
1694512346183 2.9550999285436945 4
1694512346501 2.750869924172726 5
1694512346868 2.576063010818733 6
1694512347214 2.4184086324466842 7
1694512347532 2.27480608087489 8
1694512347836 2.143986016599309 9
1694512348161 2.0214126248844946 10
1694512348508 1.9069294011533786 11
1694512348804 1.7984336688667908 12
1694512349095 1.699748408594618 13
1694512349414 1.6074536364414918 14
1694512349708 1.522416261346994 15
1694512350024 1.439012081596558 16
1694512350354 1.3613713546707502 17
1694512350687 1.2918426181705178 18
1694512350989 1.2229716774612471 19
1694512351297 1.160219371143122 20
1694512351635 1.1007761189410243 21
1694512351947 1.0461775342615645 22
1694512352311 0.9938182478649655 23
1694512352642 0.9456342536997282 24
1694512352967 0.899138426887912 25
1694512353285 0.8585518526148649 26
1694512353611 0.8187939190058345 27
1694512353953 0.7795132054882126 28
1694512354253 0.7439701559793175 29
1694512354552 0.7109080337370117 30
1694512354890 0.6789242924142722 31
1694512355216 0.6495618553209386 32
1694512355553 0.6224765521150182 33
1694512355871 0.5971038693069332 34
1694512356197 0.5722371268106307 35
1694512356539 0.5504939802691174 36
1694512356861 0.529389415822156 37
1694512357233 0.5090933736272302 38
1694512357583 0.4905578555233453 39
1694512357928 0.4721346511466095 40
1694512358284 0.4568209496730021 41
1694512358587 0.4405205725182899 42
1694512358931 0.4268426593633843 43
1694512359284 0.4114785596968676 44
1694512359592 0.39866768771372346 45
1694512359893 0.38634146319824675 46
1694512360183 0.3746720060089416 47
1694512360482 0.36450182617280374 48
1694512360808 0.3541219407070597 49
