1694512345011 -14.195153245254364 0
1694512345329 -5.401050935351739 1
1694512345653 -4.089799372463975 2
1694512345983 -3.513396322690535 3
1694512346311 -3.1403257562162876 4
1694512346665 -2.8541835722847964 5
1694512347007 -2.6092654364433185 6
1694512347351 -2.3883793415098933 7
1694512347654 -2.187180953195463 8
1694512347972 -2.003891827735336 9
1694512348315 -1.8321569344947775 10
1694512348630 -1.6717569983402658 11
1694512348929 -1.5197460052476965 12
1694512349212 -1.3814802495224265 13
1694512349535 -1.2521680666690975 14
1694512349845 -1.1330240638068036 15
1694512350166 -1.0161682951536597 16
1694512350498 -0.9073875739613668 17
1694512350809 -0.8099723848002496 18
1694512351118 -0.71347881890789 19
1694512351430 -0.6255579375863072 20
1694512351770 -0.5422732994769988 21
1694512352116 -0.4657764188748166 22
1694512352441 -0.3924169700280977 23
1694512352775 -0.32490743163559355 24
1694512353097 -0.259763147529978 25
1694512353424 -0.20289818766985723 26
1694512353757 -0.14719421808649114 27
1694512354068 -0.09215887111610566 28
1694512354379 -0.042360283286735356 29
1694512354680 0.003962331712768052 30
1694512355028 0.04877405083590347 31
1694512355364 0.08991311804258195 32
1694512355679 0.1278617428573321 33
1694512356004 0.1634108527604924 34
1694512356350 0.1982511007792379 35
1694512356666 0.2287149469515658 36
1694512357028 0.2582840897441556 37
1694512357383 0.28672042972617306 38
1694512357720 0.3126901379817406 39
1694512358089 0.33850248593527543 40
1694512358391 0.35995817750826065 41
1694512358736 0.3827962787574978 42
1694512359067 0.4019601031613831 43
1694512359412 0.42348640653810243 44
1694512359723 0.4414354385552838 45
1694512359992 0.4587054416253604 46
1694512360299 0.4750552623861608 47
1694512360599 0.4893044785003733 48
1694512360937 0.5038475085770497 49
