1694512344761 12.055925809184792 0
1694512345111 3.0665379836305577 1
1694512345421 3.6647747768300714 2
1694512345742 2.378568513906532 3
1694512346082 4.273126362971405 4
1694512346410 2.0135415979560056 5
1694512346762 2.752348714396349 6
1694512347106 2.043155292757086 7
1694512347442 2.769084036756987 8
1694512347747 1.3165840503164319 9
1694512348068 1.3357556269386905 10
1694512348419 1.4658249865872455 11
1694512348716 2.1088695557878596 12
1694512349012 1.852350015016444 13
1694512349306 0.7733795634141655 14
1694512349620 1.677641290144726 15
1694512349937 0.8633194610063251 16
1694512350260 0.8120714205690267 17
1694512350594 1.9094005493941366 18
1694512350901 0.9534238687032935 19
1694512351208 0.8074323893607211 20
1694512351536 0.7612215936590121 21
1694512351863 0.9999156240896484 22
1694512352212 1.1558395341157701 23
1694512352534 1.0768319443792607 24
1694512352868 1.2107866150131186 25
1694512353192 0.7883103878417717 26
1694512353515 1.1342006308450108 27
1694512353855 0.6869912987571402 28
1694512354159 0.5931134796238631 29
1694512354465 0.28578459096178005 30
1694512354786 0.9307326679096503 31
1694512355121 0.6558816794435262 32
1694512355455 1.1588179151310614 33
1694512355765 0.3920197065810822 34
1694512356100 0.48749366151996026 35
1694512356443 0.7482128248073239 36
1694512356764 0.5959470609821104 37
1694512357132 0.3554011799679065 38
1694512357481 0.6896348130007025 39
1694512357824 0.5379658509372811 40
1694512358185 0.2620018847700669 41
1694512358492 0.2268440135506168 42
1694512358837 0.3110079726480957 43
1694512359176 0.40916587901858753 44
1694512359505 0.2327375211012767 45
1694512359808 0.2904314947508191 46
1694512360081 0.4348041147368146 47
1694512360387 0.31940479938599137 48
1694512360706 0.3112200385671905 49
