1694494048955 9.756058814698223 0
1694494049325 4.275699637449607 1
1694494049739 3.549993654134675 2
1694494050145 3.1856462365561584 3
1694494050516 2.9405591629244 4
1694494050945 2.730983500095584 5
1694494051347 2.555539023170471 6
1694494051734 2.3836561979642528 7
1694494052104 2.2356632219501797 8
1694494052484 2.1096401599427184 9
1694494052879 1.9798954246932474 10
1694494053209 1.8644416329537243 11
1694494053560 1.761149237675406 12
1694494053947 1.6598751565521346 13
1694494054342 1.5618426653707067 14
1694494054693 1.48346455984309 15
1694494055144 1.398642444905743 16
1694494055558 1.3271070702642314 17
1694494055946 1.2607308025172845 18
1694494056283 1.1945828077127592 19
1694494056717 1.1295599625640529 20
1694494057083 1.0698279454365032 21
1694494057493 1.0187302980981052 22
1694494057881 0.9676077974934107 23
1694494058360 0.9155150268289675 24
1694494058782 0.8717987128951251 25
1694494059174 0.8299718663976132 26
1694494059582 0.7861052441250812 27
1694494060020 0.7497683339018455 28
1694494060522 0.713304440844155 29
1694494060907 0.686227634369468 30
1694494061280 0.6564628562999257 31
1694494061637 0.6259586468975824 32
1694494062024 0.6030591844970873 33
1694494062398 0.5762848004726734 34
1694494062756 0.5501476847569693 35
1694494063121 0.5297975152058382 36
1694494063565 0.5082489065225438 37
1694494063905 0.48677504113129355 38
1694494064251 0.4716298729065225 39
1694494064595 0.4538393651959775 40
1694494064965 0.4369458101532101 41
1694494065363 0.4211609726632097 42
1694494065740 0.4087382810753515 43
1694494066072 0.39966104547656905 44
1694494066472 0.38701977930053 45
1694494066891 0.37236971104859484 46
1694494067276 0.36358868400720196 47
1694494067661 0.35449396243480835 48
1694494068069 0.34238452514086265 49
