1694494049106 -13.387029344896364 0
1694494049477 -5.305273197130989 1
1694494049895 -4.235091735946169 2
1694494050280 -3.69779721076946 3
1694494050677 -3.3363730960354863 4
1694494051117 -3.0273168194833504 5
1694494051507 -2.7685929960764213 6
1694494051900 -2.515121456277996 7
1694494052274 -2.2968797124351603 8
1694494052644 -2.1110364815083975 9
1694494053005 -1.9197049870151792 10
1694494053350 -1.7494480091427622 11
1694494053707 -1.5971251551912338 12
1694494054120 -1.4477786614203279 13
1694494054476 -1.3032124637201221 14
1694494054841 -1.187630124002741 15
1694494055312 -1.0625449559160893 16
1694494055713 -0.9570534297052136 17
1694494056083 -0.8591699164937816 18
1694494056435 -0.7616230319951973 19
1694494056846 -0.6657353791005971 20
1694494057216 -0.5776499852375334 21
1694494057672 -0.5022974924250514 22
1694494058026 -0.4269083490881813 23
1694494058515 -0.35008837142699845 24
1694494058905 -0.2856209565248522 25
1694494059318 -0.22393989459259145 26
1694494059765 -0.1592508235359893 27
1694494060176 -0.10566564087012131 28
1694494060650 -0.05189319961958305 29
1694494061083 -0.011963673084696813 30
1694494061410 0.03192974162962159 31
1694494061779 0.076913578253607 32
1694494062200 0.11068287421581724 33
1694494062530 0.15016642551118542 34
1694494062893 0.1887102122938421 35
1694494063307 0.21872012634485705 36
1694494063710 0.25049735025838815 37
1694494064048 0.28216435200573553 38
1694494064401 0.3044985736234753 39
1694494064748 0.3307338148570156 40
1694494065123 0.3556463411912917 41
1694494065498 0.37892386795557464 42
1694494065871 0.39724331762390275 43
1694494066229 0.4106293024166011 44
1694494066619 0.4292710788640042 45
1694494067029 0.45087518825372863 46
1694494067413 0.4638243612878762 47
1694494067814 0.47723613223256944 48
1694494068244 0.4950936331975806 49
