1694494048832 9.140267420582788 0
1694494049227 4.812008999693024 1
1694494049606 6.174298139270894 2
1694494050028 4.26942121282596 3
1694494050401 2.2729564178505663 4
1694494050819 2.0861098923478365 5
1694494051234 4.717166806566749 6
1694494051608 2.8116242656828483 7
1694494052007 1.859392740579843 8
1694494052385 1.9508948316350734 9
1694494052746 2.5522005059883623 10
1694494053103 2.996802809712357 11
1694494053452 0.541802397969028 12
1694494053796 2.045719949241117 13
1694494054222 1.0520368864714473 14
1694494054571 1.4341186229475855 15
1694494055004 0.9632825512372964 16
1694494055452 1.3963856643351997 17
1694494055842 0.903239771990244 18
1694494056173 0.5007067627073665 19
1694494056573 1.0278633099500347 20
1694494056949 1.1882749602890441 21
1694494057349 0.9299631363871936 22
1694494057768 1.5950590237696172 23
1694494058174 0.5670533235639136 24
1694494058675 0.7405366307701037 25
1694494059025 0.7062274703099708 26
1694494059428 1.5318590218797812 27
1694494059858 0.4334841492003052 28
1694494060347 0.8879172346224712 29
1694494060756 0.6440065058420809 30
1694494061181 0.3896682120293111 31
1694494061510 0.6197726204547248 32
1694494061911 0.9886573762601614 33
1694494062294 0.27330297930962605 34
1694494062655 0.6452770939536867 35
1694494062992 0.4834474563999963 36
1694494063457 0.6770493039167649 37
1694494063811 0.6124704047396058 38
1694494064157 0.33554665914117676 39
1694494064488 0.3884197885196206 40
1694494064853 0.3338064263580073 41
1694494065253 0.37442628836913916 42
1694494065618 0.35079181934117265 43
1694494065959 0.37537563063277984 44
1694494066349 0.319512499488079 45
1694494066775 0.32563700388769456 46
1694494067141 0.32775831285703316 47
1694494067548 0.34979142789145734 48
1694494067928 0.6189430631722479 49
