1694353121320 11.507513056086175 0
1694353121615 14.028475523692057 1
1694353121940 17.17847332614662 2
1694353122261 8.500946932011166 3
1694353122579 2.6447771387550754 4
1694353122883 1.5997069844384997 5
1694353123253 0.546399393834693 6
1694353123553 2.7347380291298067 7
1694353123881 6.18162265763996 8
1694353124160 1.845400218803509 9
1694353124435 6.2536089668687005 10
1694353124752 21.161237890208263 11
1694353125038 5.0847253968241475 12
1694353125306 21.414931317541214 13
1694353125582 0.9339956623146047 14
1694353125834 38.538907903680276 15
1694353126129 0.5430497267473422 16
1694353126392 0.31932433670993643 17
1694353126680 1.0141011215173799 18
1694353126949 0.3783647986714001 19
1694353127210 6.528701052591284 20
1694353127477 3.167983791208532 21
1694353127775 2.8182760791080708 22
1694353128081 3.395042935644073 23
1694353128372 0.07655617098081324 24
1694353128647 0.34482449966016315 25
1694353128922 8.360707783244921 26
1694353129242 4.164763284467714 27
1694353129537 24.672983988208767 28
1694353129829 5.353683560060318 29
1694353130147 0.0025007115041549006 30
1694353130468 0.09046558167392175 31
1694353130751 3.5676092090636855 32
1694353131078 0.3755246725108956 33
1694353131346 20.115263291741364 34
1694353131610 1.7532080004892696 35
1694353131880 5.030208591149715 36
1694353132144 0.7327292127907875 37
1694353132402 0.16408062964691456 38
1694353132675 22.574461909897202 39
1694353132946 0.270355352288994 40
1694353133199 0.026040208787400047 41
1694353133474 0.0426069689050156 42
1694353133761 5.773490579585973 43
1694353134035 0.3928363960468897 44
1694353134341 3.815091925585846 45
1694353134636 1.3787772325693737 46
1694353134928 1.8029273745789343 47
1694353135188 0.0047780991181559105 48
1694353135489 4.230983238444366 49
1694353135751 23.821326227987385 50
1694353136034 0.02792766070599546 51
1694353136317 0.03897173711394983 52
1694353136593 0.1680825691535198 53
1694353136860 2.786973327954065 54
1694353137141 0.06358838083996471 55
1694353137393 0.2979603091045086 56
1694353137679 6.442680058906211 57
1694353137934 7.117785764013455 58
1694353138224 22.134649076674954 59
1694353138564 4.494268830986071 60
1694353138836 4.558502759598835 61
1694353139179 0.15840592127206668 62
1694353139476 0.15516056069179443 63
1694353139817 5.31162648870768 64
1694353140131 10.964371409519162 65
1694353140448 4.9154817750437365 66
1694353140758 24.081226670229626 67
1694353141052 15.03865539226607 68
1694353141336 6.035059798420983 69
1694353141616 0.2762038792757194 70
1694353141896 0.0016957819724549034 71
1694353142185 1.0276448130837001 72
1694353142446 2.994449781051965 73
1694353142678 0.007108715376947138 74
1694353142927 12.328301884162068 75
1694353143190 5.4589239549724775 76
1694353143491 2.2142492488842214 77
1694353143756 0.8627533997962853 78
1694353144045 0.00016167237258067388 79
1694353144280 0.10442254993644483 80
1694353144524 22.56657750406727 81
1694353144805 15.80398358330155 82
1694353145085 3.739322112635431 83
1694353145334 5.217776470330334 84
1694353145589 1.0321677120675588 85
1694353145858 2.395573593393484 86
1694353146125 4.847791128469308 87
1694353146369 3.908140184686372 88
1694353146619 5.500764695759037 89
1694353146881 6.704821349360401 90
1694353147129 4.707251933712754 91
1694353147392 3.2915066113551803 92
1694353147659 0.00013540961319620707 93
1694353147947 1.806121531615121 94
1694353148205 1.3024014011938378 95
1694353148470 0.38405814682946127 96
1694353148740 1.7260813376928867 97
1694353149024 3.064553324255721 98
1694353149278 0.7166238665027528 99
