1694509260883 2.894684083961113 0
1694509261217 2.025839612144635 1
1694509261532 1.4844583328749066 2
1694509261859 1.0838577050203064 3
1694509262192 0.9370697476225963 4
1694509262494 0.6638553938303202 5
1694509262797 0.6631752069582784 6
1694509263152 0.5146557313907152 7
1694509263481 0.40433260725706494 8
1694509263808 0.44054900099994454 9
1694509264133 0.4022876639984045 10
1694509264417 0.3441588243075018 11
1694509264758 0.32148586893145503 12
1694509265081 0.3176005549335691 13
1694509265396 0.3429801440049424 14
1694509265679 0.33077122677865645 15
1694509265970 0.3159771001848717 16
1694509266273 0.3668608909083088 17
1694509266561 0.3204899484115675 18
1694509266890 0.3089933520229272 19
1694509267237 0.323152281174051 20
1694509267558 0.31737253550428257 21
1694509267890 0.321278184451613 22
1694509268234 0.3365828751300368 23
1694509268548 0.3308703327664542 24
1694509268856 0.31601959440005156 25
1694509269173 0.3198865024410137 26
1694509269487 0.3192313332633486 27
1694509269770 0.32978504688754623 28
1694509270024 0.3337058616541434 29
1694509270312 0.32240413915035254 30
1694509270650 0.3203048832632405 31
1694509270928 0.3239769641268092 32
1694509271246 0.3275452905115028 33
1694509271576 0.3273393100064905 34
1694509271904 0.3339869665446203 35
1694509272228 0.3530239216286132 36
1694509272559 0.33161232155039194 37
1694509272853 0.31790761621981173 38
1694509273173 0.3133228804764372 39
1694509273469 0.3296683745531299 40
1694509273790 0.3260023221514446 41
1694509274091 0.31829969603319774 42
1694509274384 0.32413942073045415 43
1694509274698 0.3267052897499648 44
1694509275032 0.3158328329541831 45
1694509275371 0.3164484803293249 46
1694509275662 0.3521832467687442 47
1694509275949 0.32406081820985555 48
1694509276319 0.3172182608668985 49
