1694509260993 -3.2687222013678676 0
1694509261325 -1.987457794336788 1
1694509261648 -1.1890956176044574 2
1694509261981 -0.5983393400956569 3
1694509262310 -0.3818746087251772 4
1694509262604 0.021028141259726407 5
1694509262940 0.022031196763382943 6
1694509263294 0.2410493570536809 7
1694509263618 0.4037402606735119 8
1694509263929 0.35033280081275986 9
1694509264230 0.4067558901638416 10
1694509264565 0.4924771161529514 11
1694509264878 0.5259123875598101 12
1694509265205 0.5316419682812288 13
1694509265507 0.4942152881364603 14
1694509265766 0.5122194898064376 15
1694509266077 0.5340360386279996 16
1694509266371 0.45899891511099666 17
1694509266660 0.527381048011428 18
1694509267009 0.5443348069781747 19
1694509267351 0.5234549688121082 20
1694509267701 0.5319782231442488 21
1694509268021 0.5262186549535106 22
1694509268333 0.5036491893437591 23
1694509268658 0.51207334054865 24
1694509268962 0.533973373413245 25
1694509269300 0.5282709355214682 26
1694509269575 0.5292370980225325 27
1694509269854 0.5136737859830222 28
1694509270121 0.5078918531170629 29
1694509270453 0.5245582361717598 30
1694509270751 0.5276539592115621 31
1694509271038 0.5222388283534536 32
1694509271357 0.5169767017730551 33
1694509271689 0.5172804563553484 34
1694509272018 0.5074773143791258 35
1694509272334 0.4794039666643445 36
1694509272667 0.5109791472262385 37
1694509272958 0.5311891522599479 38
1694509273278 0.5379501536982694 39
1694509273593 0.5138458399169792 40
1694509273893 0.5192520807448341 41
1694509274184 0.5306109614261423 42
1694509274492 0.5219992574397982 43
1694509274811 0.5182154310422733 44
1694509275165 0.5342487861032708 45
1694509275470 0.5333409054702707 46
1694509275751 0.48064369001043894 47
1694509276096 0.5221151707191165 48
1694509276415 0.5322057283056438 49
