1694509260779 0.2419924922749094 0
1694509261123 0.7896993977586401 1
1694509261441 2.0829472228948087 2
1694509261766 0.8870581586348636 3
1694509262107 0.17923861743215913 4
1694509262412 0.2006097196865418 5
1694509262715 23.05622417077252 6
1694509263060 0.017452377868681607 7
1694509263408 1.017305082067954 8
1694509263724 0.00020543451718433765 9
1694509264050 0.0349711263090341 10
1694509264345 0.3314520473767812 11
1694509264670 0.15539322344844408 12
1694509264995 0.06100202396991159 13
1694509265318 0.7800568557218032 14
1694509265608 0.0002212486530487829 15
1694509265884 0.3362334621216311 16
1694509266194 0.15412863310983105 17
1694509266479 0.35072971600458663 18
1694509266797 0.006188884874991001 19
1694509267143 0.44315339175475416 20
1694509267458 0.6478063709628122 21
1694509267810 1.2522765313461426 22
1694509268133 0.3936395874259867 23
1694509268453 0.29697676411963286 24
1694509268781 0.5440056341300336 25
1694509269090 0.21883089918070633 26
1694509269411 0.3231157826341121 27
1694509269696 0.02388659242372992 28
1694509269958 0.049907916943307325 29
1694509270241 0.9977848959785919 30
1694509270572 0.0009249530978511414 31
1694509270856 0.004682346165960693 32
1694509271172 0.10063053724048758 33
1694509271488 0.038510742288893396 34
1694509271816 0.012747282353614844 35
1694509272150 0.15873183162732285 36
1694509272460 1.0708209158038924 37
1694509272783 0.053076690988733494 38
1694509273090 0.06958078823840587 39
1694509273386 0.45251590742534564 40
1694509273708 0.1466916303238403 41
1694509274020 0.00041976855003240336 42
1694509274308 0.01986106995465187 43
1694509274615 1.247004786873366 44
1694509274939 0.4317535909039086 45
1694509275292 0.134333896679291 46
1694509275588 0.0014121196597734213 47
1694509275868 0.1615311427187757 48
1694509276226 0.0003791006677897138 49
