1694396409270 4.723986504383279 0
1694396409993 4.3783031595100095 1
1694396410618 4.3319228656891555 2
1694396411309 4.335412830624268 3
1694396411916 4.20558904171827 4
1694396412575 4.235886580403814 5
1694396413320 4.302962639080719 6
1694396414044 4.316670867963527 7
1694396414738 4.206433810561064 8
1694396415362 4.15657658139054 9
1694396416040 4.211088104324602 10
1694396416680 4.376076508986583 11
1694396417371 4.315930091145676 12
1694396418015 4.351255964821001 13
1694396418756 4.299488292787327 14
1694396419547 4.284688989536771 15
1694396420283 4.454255622089429 16
1694396420916 4.081742479584671 17
1694396421558 4.32420442941485 18
1694396422205 4.415243980102566 19
1694396422939 4.364156470661048 20
1694396423622 4.350566627111327 21
1694396424271 4.276065740081959 22
1694396425048 4.28668342639981 23
1694396425746 4.201692301032839 24
1694396426361 4.335494788598773 25
1694396426994 4.347442464222196 26
1694396427636 4.50112447549825 27
1694396428306 4.289943321452087 28
1694396428957 4.285265267045887 29
1694396429581 4.241458793620569 30
1694396430228 4.308711381305499 31
1694396430912 4.468761520319245 32
1694396431614 4.233218801433729 33
1694396432250 4.335617357430738 34
1694396432796 4.2698570183063564 35
1694396433412 4.278772299073711 36
1694396434097 4.273305188464115 37
1694396434693 4.332141974541989 38
1694396435312 4.320329197517538 39
1694396436016 4.385220742340687 40
1694396436699 4.211080595646885 41
1694396437367 4.250847451488417 42
1694396438054 4.564349231670687 43
1694396438677 4.275000915729815 44
1694396439321 4.442192414774967 45
