1694396409487 -5.966351244322518 0
1694396410181 -5.456580186029908 1
1694396410805 -5.38818426295283 2
1694396411462 -5.393330831755642 3
1694396412094 -5.201882758703615 4
1694396412789 -5.246561822906297 5
1694396413499 -5.345477301262243 6
1694396414225 -5.3656925023951425 7
1694396414863 -5.2031285193495656 8
1694396415516 -5.129605241891369 9
1694396416200 -5.209992096356183 10
1694396416879 -5.453296597130966 11
1694396417502 -5.364600096330474 12
1694396418239 -5.416694327295473 13
1694396418982 -5.340353764901224 14
1694396419742 -5.318529582186273 15
1694396420445 -5.56858548742282 16
1694396421050 -5.019249160698215 17
1694396421677 -5.376802067408063 18
1694396422427 -5.511055941043701 19
1694396423154 -5.435718398348135 20
1694396423755 -5.415677777267844 21
1694396424484 -5.305813080029909 22
1694396425242 -5.321470731088723 23
1694396425874 -5.196136327316148 24
1694396426524 -5.393451693243528 25
1694396427165 -5.4110706480963335 26
1694396427844 -5.637701877776931 27
1694396428477 -5.32627802127313 28
1694396429134 -5.31937940500837 29
1694396429750 -5.254779034035108 30
1694396430427 -5.353954835546841 31
1694396431093 -5.589976992688453 32
1694396431783 -5.242627712313351 33
1694396432355 -5.393632442603055 34
1694396432956 -5.29665722477355 35
1694396433586 -5.3098043786042215 36
1694396434238 -5.301742159806038 37
1694396434850 -5.388507377599361 38
1694396435502 -5.371087354522066 39
1694396436243 -5.466781381929913 40
1694396436916 -5.209981023486626 41
1694396437570 -5.268624265887382 42
1694396438209 -5.730937931356924 43
1694396438869 -5.304242808725436 44
1694396439528 -5.550796160715885 45
