1694396409024 0.38811714506532946 0
1694396409797 0.41351355252550454 1
1694396410401 0.7517045381854656 2
1694396411046 0.0014818745526707113 3
1694396411719 1.1559629365616388 4
1694396412326 5.234420068850589 5
1694396413102 6.223730719637917 6
1694396413812 0.3986661461100332 7
1694396414491 3.2750871236030235 8
1694396415146 1.729390185540972 9
1694396415820 6.808739984238975 10
1694396416465 0.18194405755113457 11
1694396417143 0.5586829415212412 12
1694396417782 0.060258855594298215 13
1694396418513 5.199648705428452 14
1694396419277 1.900841524091027 15
1694396420030 4.366149709823193 16
1694396420709 2.838536626316491 17
1694396421312 19.42750657510056 18
1694396421934 3.482188706177612 19
1694396422705 0.09070806839301386 20
1694396423405 6.227041438379002 21
1694396424008 2.9420109996171964 22
1694396424792 5.890914263657946 23
1694396425519 7.212982964371983 24
1694396426111 0.7122039789300723 25
1694396426770 0.44225924548024226 26
1694396427420 1.1462965385931736 27
1694396428089 1.0675915403880898 28
1694396428732 3.2495995040925747 29
1694396429366 0.22758540725929036 30
1694396429998 0.05121977166105982 31
1694396430685 0.18149874005735717 32
1694396431381 3.491134572450164 33
1694396432061 0.2674664976940613 34
1694396432593 0.16710608130364438 35
1694396433204 5.619425891240561 36
1694396433886 1.7920303553001204 37
1694396434481 5.168480972618337 38
1694396435092 0.9281281904738592 39
1694396435793 10.743027929955105 40
1694396436496 0.13180194369268175 41
1694396437162 21.881905604595303 42
1694396437842 1.0702324783864499 43
1694396438457 5.543387501110804 44
1694396439096 5.985524666280547 45
