1694510353469 10.779979548641325 0
1694510353765 4.476697626063606 1
1694510354049 3.4891401793317836 2
1694510354367 3.0418526568223423 3
1694510354666 2.7453524385526378 4
1694510354952 2.521887338565392 5
1694510355270 2.3364858149234498 6
1694510355558 2.1757301830274516 7
1694510355840 2.027946732439453 8
1694510356116 1.8972314115984705 9
1694510356417 1.780845373462999 10
1694510356715 1.6712505421396195 11
1694510357032 1.5760925076183234 12
1694510357369 1.482711584593184 13
1694510357688 1.4023987795589818 14
1694510358000 1.3246079788789935 15
1694510358295 1.2518657928104635 16
1694510358604 1.1810636357002473 17
1694510358923 1.117807887717117 18
1694510359272 1.0614942486581962 19
1694510359555 1.0045110346406894 20
1694510359831 0.9529156158186524 21
1694510360137 0.9088602225451491 22
1694510360446 0.8645584655819306 23
1694510360763 0.8260586783727701 24
1694510361058 0.7853879721909128 25
1694510361381 0.747577750600626 26
1694510361672 0.7168975511274318 27
1694510361934 0.6836459190812286 28
1694510362238 0.6539465882139756 29
1694510362539 0.6239970452204758 30
1694510362827 0.5998962520292006 31
1694510363137 0.5759759778175962 32
1694510363425 0.5534183353555007 33
1694510363710 0.5329364533288155 34
1694510364031 0.5123303912610649 35
1694510364311 0.4951502113766773 36
1694510364632 0.4807267593579183 37
1694510364875 0.46667970512737555 38
1694510365196 0.45306455056455874 39
1694510365495 0.4407252274572002 40
1694510365769 0.4276424564087384 41
1694510366045 0.4172872795186491 42
1694510366345 0.40775481015207254 43
1694510366628 0.398721037993973 44
1694510366888 0.3935096011910421 45
1694510367155 0.3848446928261999 46
1694510367417 0.3778142036683961 47
1694510367717 0.37375205933977057 48
1694510367984 0.3679567247680766 49
