1694510353604 -14.253560711062308 0
1694510353894 -5.334481314747599 1
1694510354201 -3.9370976368458974 2
1694510354487 -3.3041903711954417 3
1694510354787 -2.8846455974959238 4
1694510355102 -2.56844476853529 5
1694510355409 -2.306103510461915 6
1694510355680 -2.0786359369190834 7
1694510355955 -1.8695238671361278 8
1694510356237 -1.6845630262257 9
1694510356545 -1.5198779736605328 10
1694510356871 -1.3648024092156539 11
1694510357176 -1.2301547644621071 12
1694510357497 -1.0980217142840552 13
1694510357820 -0.9843799172901717 14
1694510358112 -0.8743067306407684 15
1694510358411 -0.7713772819859643 16
1694510358737 -0.6711929544478874 17
1694510359082 -0.5816867185751164 18
1694510359382 -0.5020034957665571 19
1694510359677 -0.4213728312457654 20
1694510359949 -0.3483658417738955 21
1694510360264 -0.28602791126902716 22
1694510360567 -0.22334137866513615 23
1694510360867 -0.16886457387083342 24
1694510361198 -0.11131594095297914 25
1694510361503 -0.05781486445057982 26
1694510361769 -0.01440269625673074 27
1694510362042 0.03264802270521672 28
1694510362360 0.07467227186241199 29
1694510362651 0.11705056861692642 30
1694510362932 0.15115294427256554 31
1694510363265 0.18499988741986984 32
1694510363516 0.21691872059032602 33
1694510363850 0.2459003739933916 34
1694510364135 0.2750577408833841 35
1694510364454 0.2993675195532802 36
1694510364721 0.31977655651281367 37
1694510365018 0.33965299445505204 38
1694510365310 0.35891829878863946 39
1694510365595 0.37637831467292093 40
1694510365862 0.3948903017834895 41
1694510366154 0.4095427710812326 42
1694510366439 0.4230311176549275 43
1694510366728 0.4358138127835879 44
1694510366993 0.4431879425123766 45
1694510367241 0.4554486991494865 46
1694510367537 0.46539676933952145 47
1694510367814 0.47114466198200766 48
1694510368084 0.47934500107647227 49
