1694510353362 7.847663495880615 0
1694510353682 2.560181169504008 1
1694510353971 3.0237156545388837 2
1694510354280 4.935832287050873 3
1694510354576 4.089108873300515 4
1694510354866 1.9811958957588902 5
1694510355180 2.1534797581323892 6
1694510355485 2.2242419360852326 7
1694510355757 1.6503567061308326 8
1694510356033 1.9221992187545245 9
1694510356328 1.8011223189906052 10
1694510356634 1.9238002773265037 11
1694510356959 1.8159116688328747 12
1694510357266 1.3636865239101967 13
1694510357592 1.1078367888582092 14
1694510357919 2.304833577166643 15
1694510358209 1.0816530515759022 16
1694510358514 0.44730061734282145 17
1694510358825 1.018866233333394 18
1694510359176 1.758614895523862 19
1694510359479 0.990720824873026 20
1694510359760 1.457089101317159 21
1694510360044 1.5696182118928805 22
1694510360354 0.49498839862530297 23
1694510360659 0.8591491367735242 24
1694510360965 1.327016847599871 25
1694510361298 1.0884456344002262 26
1694510361592 0.9266702019235994 27
1694510361856 0.7672102672733776 28
1694510362144 0.9654024593582946 29
1694510362456 0.6746842512842962 30
1694510362742 0.31997690525146694 31
1694510363025 0.3192191258540508 32
1694510363345 0.6702609364351624 33
1694510363617 0.506424207551754 34
1694510363938 0.5139692430197552 35
1694510364225 0.5011725919724057 36
1694510364547 0.38689158905953536 37
1694510364801 0.4406602945613569 38
1694510365112 0.5032253050179863 39
1694510365408 0.36511993488614053 40
1694510365680 0.2630467901033696 41
1694510365953 0.37490860163427947 42
1694510366256 0.32326622421847806 43
1694510366539 0.2848468838520487 44
1694510366804 0.279699871088283 45
1694510367073 0.34672451717951835 46
1694510367330 0.4528069248732979 47
1694510367631 0.3450165559853455 48
1694510367910 0.3277381428423992 49
