1694491549331 12.834409435005972 0
1694491549676 6.187222577198559 1
1694491550079 5.243581406474351 2
1694491550495 4.9602382939675564 3
1694491550916 4.7490917332181475 4
1694491551278 4.615271716406746 5
1694491551647 4.551006586929434 6
1694491552040 4.523670951364162 7
1694491552405 4.48793073917757 8
1694491552749 4.420339803178778 9
1694491553145 4.431956773237048 10
1694491553583 4.375431951706364 11
1694491553958 4.372194932125043 12
1694491554299 4.402001639585568 13
1694491554624 4.359753022785846 14
1694491555029 4.30951620166738 15
1694491555377 4.299951938533575 16
1694491555761 4.313824528745613 17
1694491556111 4.309743308864858 18
1694491556451 4.33550169563143 19
1694491556813 4.324967216818099 20
1694491557192 4.321587502816103 21
1694491557510 4.282392423817612 22
1694491557879 4.308331677887333 23
1694491558269 4.305333569683772 24
1694491558605 4.286171570106138 25
1694491558985 4.317808781057203 26
1694491559334 4.317624372279747 27
1694491559687 4.266051385107477 28
1694491560087 4.286414737643873 29
1694491560423 4.270230294015713 30
1694491560824 4.266096111694616 31
1694491561153 4.296730012304856 32
1694491561500 4.2915101220834195 33
1694491561885 4.286497267958746 34
1694491562261 4.285267351359676 35
1694491562661 4.285648976616648 36
1694491563086 4.321115894308127 37
1694491563457 4.285210492304832 38
1694491563824 4.295645083435378 39
1694491564160 4.307099713365216 40
1694491564521 4.272723412424665 41
1694491564858 4.322457755354141 42
1694491565166 4.322424527689631 43
