1694491029528 5.125648817694793 0
1694491030018 4.764652432772935 1
1694491030434 4.649428688162755 2
1694491030821 4.591958881164408 3
1694491031191 4.476118621725393 4
1694491031562 4.536909297765957 5
1694491031958 4.493508720105958 6
1694491032353 4.75072426229825 7
1694491032764 4.498009630785461 8
1694491033126 4.469246606147119 9
1694491033496 4.578392957084654 10
1694491033900 4.488064478896 11
1694491034324 4.5911420147273585 12
1694491034712 4.621473832091349 13
1694491035169 4.5471562035492505 14
1694491035602 4.590350798964027 15
1694491035969 4.588500996964858 16
1694491036365 4.620667232575573 17
1694491036720 4.708944110272837 18
1694491037107 4.524902748820295 19
1694491037490 4.552868525108105 20
1694491037881 4.687307086808961 21
1694491038269 4.68885228481823 22
1694491038670 4.712873173394857 23
1694491039117 4.5674552667750286 24
1694491039547 4.7087534700627005 25
1694491039921 4.745602727547639 26
1694491040370 4.747950870359376 27
1694491040709 4.693686519135546 28
1694491041247 4.47246741087553 29
1694491041665 4.454343883178659 30
1694491042029 4.903261410006259 31
1694491042442 4.62916584718482 32
1694491042874 4.6968408912365485 33
1694491043252 4.473339427215158 34
1694491043598 4.913173388382705 35
1694491043994 4.494140095761896 36
1694491044379 4.53599868854085 37
1694491044759 4.4315805152919285 38
1694491045205 4.565623703096004 39
1694491045549 4.413515837701444 40
1694491045927 4.743714237897791 41
1694491046318 4.470553304040377 42
1694491046688 4.737813742820974 43
1694491047042 4.55824594458371 44
1694491047460 4.62511693413505 45
1694491047911 4.642585600936547 46
1694491048278 4.762549420556586 47
1694491048742 4.712160698017371 48
1694491049173 4.577505160189816 49
