1694491029707 -6.181434242624639 0
1694491030151 -5.675650118048686 1
1694491030582 -5.514212654317189 2
1694491030940 -5.433692967039712 3
1694491031324 -5.2713917178909275 4
1694491031689 -5.356564202014868 5
1694491032084 -5.295756603671176 6
1694491032487 -5.656135663597825 7
1694491032882 -5.302062730997962 8
1694491033242 -5.26176348744734 9
1694491033627 -5.414686048075061 10
1694491034042 -5.28812879660891 11
1694491034448 -5.432548473374359 12
1694491034859 -5.4750457180366965 13
1694491035356 -5.3709209171723815 14
1694491035727 -5.431439918305882 15
1694491036127 -5.428848201258656 16
1694491036496 -5.473915609129766 17
1694491036862 -5.597598408103152 18
1694491037246 -5.3397420893807634 19
1694491037631 -5.37892432573717 20
1694491038057 -5.5672832486494785 21
1694491038406 -5.569448191721093 22
1694491038830 -5.603103332347766 23
1694491039281 -5.3993614898545275 24
1694491039689 -5.597331306282136 25
1694491040080 -5.648959993484441 26
1694491040481 -5.652249924924256 27
1694491040874 -5.576221331492861 28
1694491041378 -5.266276086376389 29
1694491041776 -5.240883608852343 30
1694491042159 -5.869852118779248 31
1694491042588 -5.485822831832777 32
1694491043006 -5.580640853123355 33
1694491043373 -5.267497849361772 34
1694491043764 -5.883739574486129 35
1694491044112 -5.296641210267683 36
1694491044504 -5.355288367383308 37
1694491044946 -5.208990352908846 38
1694491045332 -5.396795326118011 39
1694491045683 -5.183680328979305 40
1694491046050 -5.646314072017593 41
1694491046438 -5.263594273232548 42
1694491046794 -5.638047017660142 43
1694491047190 -5.386458510331666 44
1694491047620 -5.480149988480605 45
1694491048032 -5.50462495475379 46
1694491048421 -5.672703633714641 47
1694491048920 -5.602105098708497 48
1694491049312 -5.413442175299563 49
