1694491029390 26.130329353521155 0
1694491029860 0.17782503161801183 1
1694491030306 4.6186722312642825 2
1694491030717 0.24612009256499864 3
1694491031082 0.10494593061945855 4
1694491031453 0.2263030858223895 5
1694491031844 0.04072712833634188 6
1694491032225 1.248327466028818 7
1694491032644 6.02918207763817 8
1694491033008 0.10772142719149996 9
1694491033379 5.6554085769682505 10
1694491033772 30.138651443149538 11
1694491034192 0.2370353615722828 12
1694491034593 0.013852335004317356 13
1694491035004 17.46619062857633 14
1694491035495 0.008792398684612662 15
1694491035846 5.4809646862128565 16
1694491036252 20.492460238495607 17
1694491036627 20.822946851549233 18
1694491036992 0.014289356616748811 19
1694491037382 4.0146133179672425 20
1694491037769 21.61054871179596 21
1694491038183 6.755727824773086 22
1694491038551 0.054329000169743735 23
1694491038977 5.046828042674705 24
1694491039436 0.36512687047852205 25
1694491039813 25.794830939669122 26
1694491040232 0.025717388782747305 27
1694491040606 3.6046285192877465 28
1694491041109 0.9536691044653937 29
1694491041505 3.121439647055683 30
1694491041915 0.6417045945102001 31
1694491042330 0.838835155641935 32
1694491042719 4.292823132964577 33
1694491043142 5.1339582356027895 34
1694491043494 0.43640634205700213 35
1694491043888 5.962820044106407 36
1694491044236 1.6595409187122536 37
1694491044648 1.6790626923531895 38
1694491045088 1.198376438338341 39
1694491045452 1.0079103142322254 40
1694491045806 3.7231560560331296 41
1694491046192 0.49948139759731497 42
1694491046572 6.6003585510112925 43
1694491046925 2.547256435099359 44
1694491047322 0.07829339888258197 45
1694491047793 0.5111015380996318 46
1694491048157 23.39107294434261 47
1694491048576 0.5945525104696026 48
1694491049045 4.603029858852899 49
