1694493857033 10.795609936558415 0
1694493857473 4.593264892707839 1
1694493858069 3.6451265405330617 2
1694493858426 3.235155380882882 3
1694493858883 2.9682100747467226 4
1694493859300 2.762637111472985 5
1694493859773 2.5849398617965846 6
1694493860346 2.4272981731358563 7
1694493860720 2.283229451320241 8
1694493861237 2.1521435445466506 9
1694493861722 2.025427863845881 10
1694493862184 1.9119376300086137 11
1694493862663 1.806220888874357 12
1694493863085 1.7051004223064667 13
1694493863539 1.6109923932687669 14
1694493863985 1.5231576667600204 15
1694493864375 1.4427168469896985 16
1694493864822 1.3661341222657173 17
1694493865256 1.29445541988032 18
1694493865751 1.2271374780036775 19
1694493866199 1.1642481213248894 20
1694493866620 1.105451036517928 21
1694493867092 1.0511264033686099 22
1694493867487 0.997129057291513 23
1694493868006 0.9495371157039285 24
1694493868383 0.9028773997770452 25
1694493868833 0.8593599243220279 26
1694493869282 0.8208562041004251 27
1694493869795 0.7815788996194534 28
1694493870260 0.7474909648409611 29
1694493870788 0.7139469988075988 30
1694493871219 0.6824317980915331 31
1694493871727 0.6535790086160538 32
1694493872175 0.625319068159015 33
1694493872771 0.599637205483751 34
1694493873214 0.5749426957749183 35
1694493873639 0.5516598169113587 36
1694493874017 0.5314565321434611 37
1694493874442 0.510317035932406 38
1694493874981 0.49155834083792405 39
1694493875359 0.473143711578391 40
1694493875735 0.4563279540959025 41
1694493876140 0.4414553165516421 42
1694493876511 0.42629528474930733 43
1694493876914 0.4122848012838289 44
1694493877320 0.39949776404086035 45
1694493877731 0.3873986750909388 46
1694493878071 0.3757300155982876 47
1694493878443 0.36512301832322963 48
1694493878844 0.35508282113840733 49
