1694493857176 -14.125492523166425 0
1694493857651 -5.435522791195218 1
1694493858207 -4.1071069220573255 2
1694493858633 -3.5327053137699185 3
1694493859058 -3.1586940947850985 4
1694493859474 -2.870670320562542 5
1694493859927 -2.6217025978342723 6
1694493860497 -2.4008342821773136 7
1694493860919 -2.1989827529492287 8
1694493861433 -2.0153211613904176 9
1694493861892 -1.8377825978195994 10
1694493862346 -1.6787739180464545 11
1694493862808 -1.530656508562736 12
1694493863241 -1.3889788386580268 13
1694493863690 -1.257126141316737 14
1694493864133 -1.1340628306849392 15
1694493864549 -1.0213589607652684 16
1694493865008 -0.914060583274467 17
1694493865443 -0.8136331240228014 18
1694493865931 -0.7193154307647296 19
1694493866356 -0.6312025311859402 20
1694493866785 -0.5488232240548052 21
1694493867240 -0.47271017093853795 22
1694493867661 -0.3970556725674781 23
1694493868167 -0.3303756460681633 24
1694493868521 -0.2650017405146494 25
1694493869003 -0.2040303592318815 26
1694493869409 -0.15008364054267265 27
1694493869982 -0.09505306989883722 28
1694493870431 -0.04729321143301357 29
1694493870940 -0.00029549565626929564 30
1694493871402 0.0438597614897579 31
1694493871870 0.08428477258672085 32
1694493872375 0.12387915591475873 33
1694493872984 0.15986145095491533 34
1694493873395 0.19446038738919003 35
1694493873793 0.22708151877853244 36
1694493874153 0.25538789836208886 37
1694493874609 0.2850059832839078 38
1694493875133 0.31128837993063196 39
1694493875494 0.3370887134753564 40
1694493875880 0.36064890280856277 41
1694493876269 0.38148662937495903 42
1694493876671 0.4027270177388128 43
1694493877077 0.42235679911739044 44
1694493877457 0.4402724368023908 45
1694493877882 0.45722420520867924 46
1694493878217 0.4735729083341772 47
1694493878592 0.4884341397902928 48
1694493878986 0.5025012400599937 49
