1694493856919 9.032917124223369 0
1694493857310 6.269264106422672 1
1694493857894 6.241837537369067 2
1694493858308 2.051975477039948 3
1694493858767 2.503133794354008 4
1694493859189 2.1643605097928376 5
1694493859640 0.8989520671458722 6
1694493860156 2.3490362975667383 7
1694493860607 1.6781289761351117 8
1694493861090 2.158846575814371 9
1694493861571 2.7525530041235142 10
1694493862018 1.8325490485513403 11
1694493862519 2.3469034000955102 12
1694493862905 1.387757574741069 13
1694493863391 1.497358752410587 14
1694493863796 2.149343218687437 15
1694493864264 1.5819594207712013 16
1694493864709 0.8893323678917773 17
1694493865123 1.6674104028131533 18
1694493865563 1.216215739772083 19
1694493866037 1.649583333053867 20
1694493866483 0.7957853363336321 21
1694493866951 0.9008836343997584 22
1694493867367 0.877121239123238 23
1694493867807 0.5645213404484669 24
1694493868278 0.5873779961484367 25
1694493868652 0.6492026064021423 26
1694493869139 0.4843261322961898 27
1694493869592 0.586052129531644 28
1694493870130 0.45213910527625134 29
1694493870604 0.3670229626974352 30
1694493871081 0.6091864032272002 31
1694493871558 0.5569236823821239 32
1694493872002 0.8826466983775326 33
1694493872595 0.6151116910734612 34
1694493873095 0.421144922311248 35
1694493873510 0.32135460391459153 36
1694493873907 0.6841879319067757 37
1694493874279 0.5587134729527607 38
1694493874781 0.597411859304988 39
1694493875248 0.3279577485862269 40
1694493875613 0.36554895855598046 41
1694493876002 0.45623341795177447 42
1694493876412 0.4501834917358831 43
1694493876782 0.6745553920901862 44
1694493877197 0.4673001123921063 45
1694493877590 0.3642453981874787 46
1694493877973 0.2687292332758557 47
1694493878328 0.4511767200029826 48
1694493878726 0.3518230725640077 49
