1694492304107 39.76716938914446 0
1694492304504 12.747640782021394 1
1694492304877 6.540456748840117 2
1694492305342 4.795828167123887 3
1694492305707 4.12200825518948 4
1694492306116 3.7546632787449186 5
1694492306520 3.5035745379661454 6
1694492306974 3.307631788017984 7
1694492307361 3.1473574557346704 8
1694492307840 3.006457595421793 9
1694492308389 2.8846838825845857 10
1694492308808 2.7771229233148413 11
1694492309223 2.675890354312786 12
1694492309607 2.5824116388435807 13
1694492310014 2.4966897186679047 14
1694492310420 2.415323723415844 15
1694492310834 2.3397781543620906 16
1694492311234 2.2673300058126373 17
1694492311646 2.200031586653051 18
1694492312126 2.1308036153569643 19
1694492312479 2.067009833629179 20
1694492313006 2.007599799271529 21
1694492313394 1.9502084990557402 22
1694492313791 1.8939530994670872 23
1694492314191 1.8418976511295018 24
1694492314585 1.7908681515321117 25
1694492315010 1.7425527148174647 26
1694492315414 1.6948700528704042 27
1694492315910 1.6496241006880068 28
1694492316352 1.6055112610023436 29
1694492316831 1.5651400002001101 30
1694492317253 1.522287357571417 31
1694492317640 1.4836442291115601 32
1694492318061 1.4468532203098594 33
1694492318446 1.4078662400175568 34
1694492318835 1.3718705993575706 35
1694492319254 1.337795306039143 36
1694492319661 1.305034990551386 37
1694492320035 1.2724670551597548 38
1694492320456 1.2386296780257393 39
1694492320854 1.2073072987257176 40
1694492321252 1.1757919557911836 41
1694492321656 1.1464505810718528 42
1694492322046 1.1209653025029342 43
1694492322474 1.092441007129875 44
1694492322917 1.0679552801383718 45
1694492323287 1.0396581760894221 46
1694492323686 1.0153900159605913 47
1694492324124 0.9920123399673005 48
1694492324588 0.9678241774059262 49
