1694492304240 -57.64370478200967 0
1694492304641 -17.798644564630216 1
1694492305007 -8.645056980675745 2
1694492305470 -6.072294446353864 3
1694492305864 -5.07862814828167 4
1694492306260 -4.536913193893948 5
1694492306659 -4.166638562470559 6
1694492307115 -3.8776864203230756 7
1694492307492 -3.6413336506657483 8
1694492308063 -3.433551956898267 9
1694492308533 -3.2539751407574684 10
1694492308950 -3.095357536377345 11
1694492309345 -2.9460722595504376 12
1694492309740 -2.808221407262369 13
1694492310148 -2.6818093176580833 14
1694492310557 -2.5618208075842737 15
1694492310970 -2.4504155424565375 16
1694492311371 -2.34357797013747 17
1694492311780 -2.2443345820333107 18
1694492312253 -2.1422457289993453 19
1694492312618 -2.048170546882073 20
1694492313135 -1.9605599733995622 21
1694492313518 -1.8759263794423031 22
1694492313912 -1.7929678712923236 23
1694492314327 -1.716202931984427 24
1694492314706 -1.6409509350349052 25
1694492315145 -1.5697013024703836 26
1694492315566 -1.4993848078996859 27
1694492316040 -1.4326616716261307 28
1694492316499 -1.3676095095698515 29
1694492316964 -1.30807496545895 30
1694492317367 -1.2448811862172207 31
1694492317804 -1.1878950780263842 32
1694492318178 -1.1336402469196916 33
1694492318603 -1.0761470685586505 34
1694492318963 -1.0230651480516362 35
1694492319394 -0.972815118380886 36
1694492319788 -0.924504255436893 37
1694492320171 -0.8764770908736605 38
1694492320587 -0.8265779105767994 39
1694492320978 -0.7803875381425465 40
1694492321376 -0.7339126067972666 41
1694492321800 -0.6906435749961632 42
1694492322180 -0.653061037047387 43
1694492322619 -0.6109969328461671 44
1694492323045 -0.5748884099837233 45
1694492323411 -0.5331593394583918 46
1694492323836 -0.4973716573060334 47
1694492324290 -0.46289715106133555 48
1694492324712 -0.42722743943092456 49
