1694511745291 33.49411680426352 0
1694511745596 9.999518903307834 1
1694511745924 5.412597384933126 2
1694511746224 4.256630631931404 3
1694511746521 3.803826436424161 4
1694511746818 3.535605509365178 5
1694511747138 3.341593266010871 6
1694511747412 3.188168817667657 7
1694511747747 3.0525222652503374 8
1694511748056 2.9333384825931317 9
1694511748351 2.8265172561132457 10
1694511748643 2.7294454664170282 11
1694511748946 2.6379236810252737 12
1694511749261 2.549826923547483 13
1694511749551 2.468077516781153 14
1694511749891 2.3894308593962506 15
1694511750204 2.316262909042964 16
1694511750512 2.2439143222787585 17
1694511750798 2.1766369834921413 18
1694511751121 2.1095630618520245 19
1694511751449 2.0471166954336195 20
1694511751733 1.986110577200801 21
1694511752076 1.92847239474196 22
1694511752390 1.8713540524825054 23
1694511752694 1.8153255015978307 24
1694511752998 1.7636874289926086 25
1694511753311 1.7137038761828454 26
1694511753637 1.6644799089677527 27
1694511753929 1.6168758254196514 28
1694511754273 1.5705916834015217 29
1694511754601 1.5274885289880245 30
1694511754931 1.4859873785979512 31
1694511755217 1.446066078087131 32
1694511755552 1.4046101224321241 33
1694511755874 1.3661389622326174 34
1694511756196 1.32853949829363 35
1694511756536 1.2911949207197688 36
1694511756866 1.2578161615360821 37
1694511757184 1.2230274793673153 38
1694511757515 1.1893155455426305 39
1694511757874 1.1589709587778128 40
1694511758199 1.1281117684974604 41
1694511758517 1.097924790798954 42
1694511758857 1.0703612832219114 43
1694511759151 1.042204919128069 44
1694511759442 1.0149575462152614 45
1694511759756 0.989125375643597 46
1694511760054 0.9648521854479574 47
1694511760341 0.9421468794825646 48
1694511760659 0.9187517658769985 49
