1694511745392 -48.39298240169858 0
1694511745708 -13.746054183272749 1
1694511746033 -6.98182943422025 2
1694511746320 -5.277152585398406 3
1694511746621 -4.6094129405286655 4
1694511746931 -4.213873878925309 5
1694511747225 -3.9277686092233317 6
1694511747536 -3.7015172015121696 7
1694511747850 -3.50148243673381 8
1694511748166 -3.325724929415215 9
1694511748449 -3.168198191496357 10
1694511748738 -3.0250487175697494 11
1694511749073 -2.8900837038139144 12
1694511749354 -2.7601694977706206 13
1694511749688 -2.6396155797988343 14
1694511750000 -2.523637213004865 15
1694511750316 -2.4157381659785466 16
1694511750614 -2.3090474150709936 17
1694511750922 -2.209835113694606 18
1694511751264 -2.110922786776302 19
1694511751530 -2.0188346061689635 20
1694511751859 -1.9288703255199517 21
1694511752192 -1.8438726601540436 22
1694511752475 -1.759641590843498 23
1694511752790 -1.677017611115597 24
1694511753119 -1.6008681659353408 25
1694511753445 -1.527158601992077 26
1694511753748 -1.4545691809721033 27
1694511754063 -1.3843685641091126 28
1694511754387 -1.3161144338229187 29
1694511754737 -1.2525512307731055 30
1694511755030 -1.1913504651925004 31
1694511755346 -1.1324794668883187 32
1694511755677 -1.0713453489153166 33
1694511755986 -1.0146128382534663 34
1694511756340 -0.9591657974640426 35
1694511756653 -0.9040946315729093 36
1694511756982 -0.8548717643277428 37
1694511757309 -0.8035697169806857 38
1694511757668 -0.7538555249671817 39
1694511758005 -0.7091070800739976 40
1694511758314 -0.6635997615393561 41
1694511758656 -0.6190837390110953 42
1694511758974 -0.5784364858639797 43
1694511759260 -0.5369149612239883 44
1694511759563 -0.4967339043942256 45
1694511759868 -0.4586398130079594 46
1694511760151 -0.4228447131349662 47
1694511760474 -0.3893617350786207 48
1694511760764 -0.3548615139992466 49
