1694511745201 19.14004770604236 0
1694511745508 2.6567361620307404 1
1694511745824 3.251661805899139 2
1694511746148 30.730369362810546 3
1694511746441 1.781234101048998 4
1694511746735 1.9299584024794705 5
1694511747053 10.705527532121364 6
1694511747343 15.374703944672001 7
1694511747649 0.7598340198630491 8
1694511747957 1.0422629177148146 9
1694511748279 0.33669550295061373 10
1694511748562 0.42478245410128834 11
1694511748855 0.08289202912469153 12
1694511749181 0.9756608259967493 13
1694511749470 0.01608129545450922 14
1694511749794 1.2167676267943295 15
1694511750123 0.692164585613345 16
1694511750432 0.34912565060544565 17
1694511750723 0.13726020879954923 18
1694511751039 0.2037888013269808 19
1694511751378 6.051435130637424 20
1694511751648 0.5978608832731224 21
1694511751987 2.0534727647563544 22
1694511752306 1.4287970328808393 23
1694511752619 1.009518665102001 24
1694511752915 0.12891955629421406 25
1694511753230 0.06352708786964702 26
1694511753550 0.011887995844759965 27
1694511753858 1.4507185616120055 28
1694511754181 0.9430849596956784 29
1694511754500 1.2392784949043525 30
1694511754854 0.2219010922610786 31
1694511755138 0.15656712702500655 32
1694511755464 0.16763363547735344 33
1694511755794 2.182970751680553 34
1694511756105 2.2370358552703964 35
1694511756451 0.34444478099643927 36
1694511756781 0.3565298428985186 37
1694511757106 0.19548548643026376 38
1694511757429 4.014127719934382e-06 39
1694511757787 0.000635927013428567 40
1694511758115 0.21852117733583518 41
1694511758428 0.035566473816732024 42
1694511758769 0.2747516849667337 43
1694511759082 0.19709510518706622 44
1694511759365 1.2038613347633569 45
1694511759677 0.38126537437188585 46
1694511759983 0.338015345644448 47
1694511760267 2.8493701546769654 48
1694511760577 0.16409875743897515 49
