1694492728702 163.59775494075856 0
1694492729098 158.66259118926462 1
1694492729504 153.88321857510857 2
1694492729940 149.25684449425177 3
1694492730373 144.7775650381731 4
1694492730774 140.4363468872569 5
1694492731176 136.235236817088 6
1694492731570 132.16527962414105 7
1694492731948 128.22630558896066 8
1694492732361 124.40976096902027 9
1694492732699 120.71459863759733 10
1694492733079 117.13585854879446 11
1694492733450 113.67011058311708 12
1694492733779 110.3128887987327 13
1694492734108 107.06103503626154 14
1694492734583 103.91347862579303 15
1694492734990 100.86449786032702 16
1694492735359 97.91061235448048 17
1694492735701 95.04972876206935 18
1694492736030 92.27957207730607 19
1694492736408 89.59577596040134 20
1694492736742 86.99697021755301 21
1694492737122 84.47898313243256 22
1694492737539 82.04184957295044 23
1694492737896 79.67960096874488 24
1694492738241 77.39258186260163 25
1694492738640 75.17618737390742 26
1694492739037 73.02988773612155 27
1694492739409 70.95041144320051 28
1694492739906 68.93589856730081 29
1694492740301 66.98451481325323 30
1694492740698 65.09371814640704 31
1694492741080 63.262609688212855 32
1694492741430 61.48857042230883 33
1694492741839 59.77008262318341 34
1694492742196 58.104979023552794 35
1694492742539 56.49158552476142 36
1694492742898 54.92804647562939 37
1694492743247 53.414115042115284 38
1694492743678 51.94621765375743 39
1694492744058 50.52454601090852 40
1694492744482 49.14671169826969 41
1694492744877 47.81195040157816 42
1694492745229 46.51828163700952 43
1694492745610 45.265000826377594 44
1694492746014 44.050095597679096 45
1694492746383 42.872798381729794 46
1694492746830 41.73181602887969 47
1694492747202 40.62609647613748 48
1694492747553 39.55465915450401 49
