1694492728852 -240.25374249956923 0
1694492729269 -232.97597316020833 1
1694492729687 -225.92794532888126 2
1694492730126 -219.10554081841664 3
1694492730553 -212.50005327446027 4
1694492730920 -206.09816147408162 5
1694492731348 -199.90288374885924 6
1694492731725 -193.90101407181476 7
1694492732137 -188.09230216167876 8
1694492732503 -182.46413401651907 9
1694492732873 -177.01496546330736 10
1694492733227 -171.73748203959178 11
1694492733590 -166.62662542922627 12
1694492733929 -161.67580981334507 13
1694492734299 -156.88037792895545 14
1694492734748 -152.2387508844461 15
1694492735113 -147.7424910137392 16
1694492735487 -143.38646587477092 17
1694492735834 -139.16758845940095 18
1694492736204 -135.0825038703652 19
1694492736531 -131.12477316957694 20
1694492736868 -127.29237576462128 21
1694492737305 -123.57915972402913 22
1694492737676 -119.98517646668387 23
1694492738030 -116.50162428294304 24
1694492738418 -113.12901126190937 25
1694492738803 -109.86054669498104 26
1694492739196 -106.69544934796171 27
1694492739578 -103.62889480821268 28
1694492740036 -100.65814028410345 29
1694492740441 -97.78048078390238 30
1694492740831 -94.99216762919231 31
1694492741214 -92.29187526502183 32
1694492741583 -89.67574148986387 33
1694492741970 -87.1415281497787 34
1694492742355 -84.68603922692729 35
1694492742674 -82.30680596759044 36
1694492743035 -80.00109188683233 37
1694492743369 -77.76853298432616 38
1694492743813 -75.60385940017511 39
1694492744206 -73.5073538303584 40
1694492744604 -71.47549413528611 41
1694492745011 -69.50715319877987 42
1694492745371 -67.59941044815353 43
1694492745739 -65.75122685860896 44
1694492746166 -63.95963483271626 45
1694492746524 -62.22350245434137 46
1694492746987 -60.540922746259625 47
1694492747361 -58.91034425604374 48
1694492747678 -57.33032096176692 49
