1694492728565 165.9036658159755 0
1694492728959 156.02454138067236 1
1694492729381 149.85802876208606 2
1694492729787 148.94151014759993 3
1694492730234 152.19915210309873 4
1694492730673 136.43860627318554 5
1694492731029 130.4847536837954 6
1694492731453 130.68118207776345 7
1694492731830 125.97187697630447 8
1694492732270 116.27867257815804 9
1694492732588 125.36763593145515 10
1694492732968 115.77922762243166 11
1694492733332 113.95238486346831 12
1694492733679 110.52871384896787 13
1694492734014 105.7084890250785 14
1694492734446 107.76668799976595 15
1694492734857 98.98313870181926 16
1694492735244 95.91448357383432 17
1694492735597 100.7203429365655 18
1694492735927 89.86061017234321 19
1694492736305 89.63770904721389 20
1694492736638 85.10963339130909 21
1694492736967 77.51159670930994 22
1694492737415 80.89365511493006 23
1694492737781 75.2780234894682 24
1694492738131 84.7465486839236 25
1694492738523 73.49580568088305 26
1694492738925 71.11580451592688 27
1694492739290 81.06858599377169 28
1694492739704 78.19766354282872 29
1694492740162 65.54317796245012 30
1694492740559 66.30780538030277 31
1694492740955 64.82269734815937 32
1694492741312 53.403764788123894 33
1694492741693 60.51334664260075 34
1694492742090 52.203677095818 35
1694492742446 53.13723894058426 36
1694492742782 57.62031408892315 37
1694492743142 47.53140056284719 38
1694492743481 57.188371625439935 39
1694492743947 45.02659947352776 40
1694492744343 47.08960992862067 41
1694492744752 45.20866666860018 42
1694492745118 47.56668512619077 43
1694492745495 41.502590143596386 44
1694492745878 48.47423079335271 45
1694492746279 44.24781914144009 46
1694492746675 44.68067033896052 47
1694492747092 49.80272802924806 48
1694492747451 36.84276246475977 49
