1694395631418 5.392053280943935 0
1694395632109 4.695780885530279 1
1694395632887 4.659032332542288 2
1694395633600 4.326958906635391 3
1694395634315 4.415561128179806 4
1694395634894 4.615447734598873 5
1694395635530 4.635779579343712 6
1694395636156 4.652113916649274 7
1694395636916 4.391913589366262 8
1694395637540 4.496441332893959 9
1694395638247 4.689034137062927 10
1694395638939 5.633131257741295 11
1694395639672 5.285277993523089 12
1694395640446 4.344158398458099 13
1694395641028 4.470525501000037 14
1694395641643 4.9581894639035315 15
1694395642308 4.930305632846861 16
1694395642961 10.018701181199116 17
1694395643701 5.01729696210685 18
1694395644395 4.277289975450764 19
1694395645056 4.488675563075571 20
1694395645711 4.895464584034963 21
1694395646356 4.3652526966045135 22
1694395647058 4.754774717232825 23
1694395647730 4.727175153267435 24
1694395648387 4.650689351640989 25
1694395649059 5.643590495328069 26
1694395649736 4.372984334885684 27
1694395650377 4.280038202479371 28
1694395651220 4.287040158424416 29
1694395651876 5.069774252303121 30
1694395652679 4.0439909921577 31
1694395653357 4.2866693628449575 32
1694395654028 4.933211605610712 33
1694395654774 5.108141554802718 34
1694395655398 4.491806935604571 35
1694395656129 4.405875393682612 36
1694395656797 4.826750983651119 37
1694395657430 4.573481113944245 38
1694395658147 4.780892064785677 39
1694395658842 5.04859479871078 40
1694395659568 4.575154087204271 41
1694395660277 4.87246227970151 42
1694395660916 4.496286651758721 43
1694395661612 4.669959964106841 44
1694395662264 4.703985404454561 45
1694395662942 4.265144948120386 46
1694395663546 4.6720565896007535 47
1694395664238 5.643106287837728 48
