1694395631634 -6.629700196279807 0
1694395632320 -5.644481884226741 1
1694395633073 -5.59248305792872 2
1694395633790 -5.122602559571029 3
1694395634454 -5.247973796071479 4
1694395635047 -5.530811297996586 5
1694395635744 -5.559580650181711 6
1694395636377 -5.582693570261115 7
1694395637069 -5.214512770720549 8
1694395637769 -5.362418457804254 9
1694395638478 -5.634935304209156 10
1694395639159 -6.9708230656308965 11
1694395639948 -6.478614257594489 12
1694395640601 -5.14693966443596 13
1694395641198 -5.325747820964183 14
1694395641813 -6.015787336455028 15
1694395642494 -5.976332000945273 16
1694395643164 -13.176359614028529 17
1694395643908 -6.09942384135331 18
1694395644591 -5.052321530385424 19
1694395645215 -5.35142997300626 20
1694395645859 -5.927032273530082 21
1694395646513 -5.176787880379387 22
1694395647215 -5.727957552189987 23
1694395647912 -5.688904451704469 24
1694395648531 -5.580677825357084 25
1694395649231 -6.985622779749222 26
1694395649880 -5.187728069401609 27
1694395650664 -5.0562102434984215 28
1694395651370 -5.066117939484485 29
1694395652126 -6.173678669792363 30
1694395652900 -4.72220585721252 31
1694395653566 -5.065593267535235 32
1694395654299 -5.9804439226588615 33
1694395654923 -6.2279680100788255 34
1694395655682 -5.355860833080209 35
1694395656360 -5.234268580906873 36
1694395656956 -5.829803232380115 37
1694395657666 -5.471428959365511 38
1694395658360 -5.764913331624611 39
1694395659083 -6.14370995976465 40
1694395659770 -5.4737961994029 41
1694395660446 -5.894484248363476 42
1694395661143 -5.3621995855813 43
1694395661795 -5.607945544730844 44
1694395662448 -5.656091194518276 45
1694395663112 -5.035136441036643 46
1694395663741 -5.610912248342428 47
