1694395631165 0.4171473286787296 0
1694395631878 0.7568851817885829 1
1694395632631 18.535134091026634 2
1694395633366 0.19215171487098873 3
1694395634106 3.659499122554293 4
1694395634699 0.9608325466891382 5
1694395635292 4.850371079642126 6
1694395635967 0.005290202244283452 7
1694395636660 0.8918075882293572 8
1694395637319 6.799042593354619 9
1694395638018 1.1380504715340767 10
1694395638740 0.07163179633966218 11
1694395639426 0.027668414649114306 12
1694395640220 0.014474713494237205 13
1694395640850 2.6423798092690864 14
1694395641430 0.28918601619696355 15
1694395642075 2.6434362876545903 16
1694395642747 1.5507712750979255 17
1694395643459 0.7104513374846002 18
1694395644176 0.06331706330679454 19
1694395644868 0.49109822329702485 20
1694395645491 0.10486154265617154 21
1694395646132 3.115826878844367 22
1694395646809 2.5068967304562157 23
1694395647512 1.707028076767083 24
1694395648158 0.07905656841531143 25
1694395648812 1.3602301590391122 26
1694395649499 30.794123351590617 27
1694395650170 0.006419724600808577 28
1694395650971 3.0792164033199687 29
1694395651647 0.4050319376613281 30
1694395652428 0.12779253632277124 31
1694395653138 0.6765091651761242 32
1694395653804 2.5598518881707437 33
1694395654563 5.285241722422824 34
1694395655163 3.1905803008338567 35
1694395655910 0.024789784994582616 36
1694395656600 5.082633872335711 37
1694395657210 0.8373310632358539 38
1694395657918 4.277774894655454 39
1694395658615 0.5931768403476213 40
1694395659344 3.3211096514733844 41
1694395660029 4.6828053180862685 42
1694395660704 0.04125619951527056 43
1694395661398 0.00019310392928124814 44
1694395662057 0.22301363130653795 45
1694395662707 0.004950695740152927 46
1694395663332 0.094757461896575 47
1694395664003 1.3848573008621612 48
