1694353150691 34.349130760121824 0
1694353150941 7.574152213370716 1
1694353151221 1.8514383803432084 2
1694353151514 0.11324498232474689 3
1694353151752 8.754177510756513 4
1694353152017 2.9405067212419334 5
1694353152280 1.538360042848867 6
1694353152554 11.183015332071678 7
1694353152826 3.7418414304812777 8
1694353153123 41.73098487973476 9
1694353153367 4.07180807020366 10
1694353153616 1.172757672882835 11
1694353153859 0.554943017357938 12
1694353154129 3.3056112740416728 13
1694353154406 4.561008771823364 14
1694353154689 0.6638856219197938 15
1694353154938 0.3833971573522665 16
1694353155200 1.5766155761997889 17
1694353155473 3.3216615121728847 18
1694353155739 0.00869686319633727 19
1694353155985 0.00398740265060606 20
1694353156236 0.4126191764985264 21
1694353156478 25.87267631420247 22
1694353156755 3.6079414063739255 23
1694353157059 0.010899481306952005 24
1694353157322 3.318488637832116 25
1694353157587 0.5510041898108045 26
1694353157824 2.819677987762014 27
1694353158096 0.5273022430900862 28
1694353158359 4.4456392431893255 29
1694353158640 8.653808221613492 30
1694353158936 0.25006871412377163 31
1694353159174 1.8152292120482305 32
1694353159424 9.665958361378125 33
1694353159674 0.11897293201740008 34
1694353159968 3.2340886212745983 35
1694353160195 0.039199476171755454 36
1694353160441 1.2090484100106318 37
1694353160678 0.11859319062244428 38
1694353160942 27.021606849871894 39
1694353161225 4.202581522768627 40
1694353161488 22.424283456083927 41
1694353161750 0.03177588594502923 42
1694353162011 1.385986009214483 43
1694353162303 0.7097918907195149 44
1694353162574 29.67746943961652 45
1694353162842 2.182925086655112 46
1694353163144 2.1197230351171816 47
1694353163399 2.9435193239773123 48
1694353163634 5.0195824411849195 49
1694353163916 7.3813663219254035 50
1694353164189 3.2367910638137953 51
1694353164452 4.639889341426746 52
1694353164716 0.16928716073894493 53
1694353165006 1.03728829868758 54
1694353165289 0.19076402178785368 55
1694353165597 0.8288565143266762 56
1694353165855 1.3883047635486985 57
1694353166128 0.4146050725734573 58
1694353166391 8.537134754688635 59
1694353166695 0.3487175958607783 60
1694353166963 0.06017274106337023 61
1694353167230 4.51185376539629 62
1694353167514 32.72839683586385 63
1694353167805 0.9033892883403909 64
1694353168083 0.027739559709587046 65
1694353168356 0.0006989266788886723 66
1694353168636 4.050106803451759 67
1694353168925 0.00046229392983941766 68
1694353169195 2.4894621933404277 69
1694353169467 0.03566794183521044 70
1694353169732 21.755997304531657 71
1694353170017 4.401406228027154 72
1694353170323 0.32745227004095845 73
1694353170583 0.24546586343465657 74
1694353170839 0.03029746584612316 75
1694353171101 0.1533565392812399 76
1694353171400 2.1957360846102265 77
1694353171676 17.464599752143823 78
1694353171949 0.7372956203588878 79
1694353172240 1.267029424692856 80
