1694493602979 0.4224483195844019 0
1694493603345 0.21968471043085028 1
1694493603751 0.20078025612222106 2
1694493604199 0.192234172775751 3
1694493604623 0.1940911256517333 4
1694493605190 0.19613249024039126 5
1694493605631 1.6782546011303536 6
1694493606074 0.20617662161883613 7
1694493606551 0.22494980309800933 8
1694493606948 0.28944360077247683 9
1694493607348 0.19331459271536094 10
1694493607858 0.8916411885537133 11
1694493608269 0.5613909855646422 12
1694493608733 0.1936907485553564 13
1694493609221 0.27303679403625275 14
1694493609581 0.1949506260962725 15
1694493610029 0.25822968694242227 16
1694493610497 0.19676308785466112 17
1694493610963 0.19845952653981044 18
1694493611349 0.19890974564095565 19
1694493611786 0.21366132406779517 20
1694493612187 6.259895830852282 21
1694493612666 0.22571830298364973 22
1694493613047 0.19726740890655137 23
1694493613441 0.21020764940482342 24
1694493613939 0.20423941732639195 25
1694493614434 0.20911317868243873 26
1694493614902 0.20687155994622364 27
1694493615275 0.25056085719467375 28
1694493615687 0.332691346386306 29
1694493616067 0.22272982968068977 30
1694493616506 0.2275440063517896 31
1694493616886 0.27763198251504306 32
1694493617259 0.19904944950276704 33
1694493617657 0.4720387827240733 34
1694493618114 0.194140317314681 35
1694493618496 0.19828177520265747 36
1694493618933 0.2016690814946515 37
1694493619347 0.20725789320393218 38
1694493619773 0.20588035370984514 39
1694493620163 1.463237631761534 40
1694493620521 0.260613661992365 41
1694493620913 0.19571149093582743 42
1694493621339 0.23468044716586864 43
1694493621700 0.19807547550300753 44
1694493622096 0.19357009020982874 45
1694493622507 0.7858615966679693 46
1694493622923 0.20700182553630098 47
1694493623389 0.2114106024064591 48
1694493623763 0.20308630211096393 49
