1694493602859 1.1584546159099074 0
1694493603243 0.07248141364309808 1
1694493603637 0.16876152847872627 2
1694493604066 0.04460701640812618 3
1694493604506 0.012661803221921912 4
1694493605026 0.0829807070509944 5
1694493605519 1.5984594176149813 6
1694493605969 0.15899752388512306 7
1694493606424 0.14513154019652422 8
1694493606835 0.10501003375541712 9
1694493607236 6.351115183485725e-05 10
1694493607693 0.2611082549543255 11
1694493608161 0.005357048163699743 12
1694493608598 0.10853859858755803 13
1694493609054 0.061169360233036735 14
1694493609480 0.69643844020225 15
1694493609925 1.289841572132408 16
1694493610374 0.17857879640026908 17
1694493610811 0.1661442262662402 18
1694493611234 0.2275764367853226 19
1694493611643 0.08638326656146765 20
1694493612075 0.30959257101382487 21
1694493612489 0.09111887440423984 22
1694493612921 0.047744838607336096 23
1694493613307 0.0719048496872012 24
1694493613804 0.10175214335061802 25
1694493614295 0.0758444401482933 26
1694493614721 0.03530028953184355 27
1694493615148 0.33265098995780756 28
1694493615541 0.9365149350964399 29
1694493615941 0.020700041323384107 30
1694493616369 0.10672091286015963 31
1694493616785 0.01842799512728538 32
1694493617138 0.4113800632796433 33
1694493617560 0.12864920840234473 34
1694493617992 0.8707995825212623 35
1694493618371 0.36822825476356486 36
1694493618820 0.010850898093475288 37
1694493619220 0.2889340184009496 38
1694493619622 0.07150418119124222 39
1694493620036 10.60050592671364 40
1694493620420 0.02501547206680242 41
1694493620783 0.000489098100776634 42
1694493621218 0.013669904629157742 43
1694493621597 0.061330754044721776 44
1694493621963 0.05798658637788834 45
1694493622364 0.30176676967864374 46
1694493622819 0.0719100825164909 47
1694493623253 0.03476414831471092 48
1694493623663 0.10813239861402264 49
