1694491421168 120.58893489424258 0
1694491421525 87.3164476054715 1
1694491421918 64.1810032214203 2
1694491422300 48.00254360813735 3
1694491422630 36.615964248863826 4
1694491422948 28.527380098226686 5
1694491423340 22.733886191429487 6
1694491423718 18.549711378097275 7
1694491424075 15.489874899189346 8
1694491424512 13.229085104077317 9
1694491424836 11.539582219256719 10
1694491425254 10.259237312214234 11
1694491425632 9.276537575673025 12
1694491425988 8.512829203313855 13
1694491426319 7.91281343202638 14
1694491426721 7.434838317443815 15
1694491427097 7.048877767120488 16
1694491427426 6.73494771349665 17
1694491427783 6.476294058270774 18
1694491428131 6.26294516581254 19
1694491428472 6.082010117686026 20
1694491428907 5.928270886431483 21
1694491429280 5.7968034433300675 22
1694491429593 5.683750966106521 23
1694491430009 5.585926274676412 24
1694491430409 5.500784649138352 25
1694491430839 5.426186411139056 26
1694491431221 5.358259020622978 27
1694491431611 5.299466241146444 28
1694491431979 5.245630046612827 29
1694491432436 5.19916288321225 30
1694491432844 5.155385843371738 31
1694491433268 5.116235826852855 32
1694491433658 5.080423154770839 33
1694491434017 5.046878858737388 34
1694491434335 5.0172844668802234 35
1694491434742 4.98829064279637 36
1694491435140 4.961987883033381 37
1694491435459 4.938941189927637 38
1694491435840 4.916930457882077 39
1694491436150 4.895470692881495 40
1694491436466 4.87481033691386 41
1694491436773 4.8549817167892835 42
1694491437101 4.836971712771462 43
1694491437405 4.8200107135027705 44
1694491437741 4.804367422116487 45
1694491438079 4.789129419913484 46
1694491438442 4.774075682055008 47
1694491438831 4.761462259251617 48
1694491439165 4.748639530778216 49
