1694491421305 -176.82965211110508 0
1694491421667 -127.76350151758308 1
1694491422068 -93.64620850177027 2
1694491422427 -69.78821649573068 3
1694491422755 -52.99669704188585 4
1694491423110 -41.06865317251526 5
1694491423473 -32.525124640174425 6
1694491423845 -26.35482093793615 7
1694491424264 -21.842552403196443 8
1694491424631 -18.508619127198134 9
1694491424985 -16.017149155165903 10
1694491425411 -14.129054782317596 11
1694491425776 -12.679890707420858 12
1694491426125 -11.553668021317229 13
1694491426477 -10.66883894506073 14
1694491426866 -9.96398034075738 15
1694491427209 -9.39481343955868 16
1694491427566 -8.931868209367307 17
1694491427908 -8.550437777409165 18
1694491428253 -8.23581720830462 19
1694491428646 -7.968996569319275 20
1694491429040 -7.7422809586888235 21
1694491429401 -7.54840902764337 22
1694491429769 -7.3816932115314415 23
1694491430155 -7.237433451213059 24
1694491430529 -7.111877108395323 25
1694491430990 -7.001868849982969 26
1694491431385 -6.901697932685432 27
1694491431756 -6.814997610386987 28
1694491432123 -6.735606646752595 29
1694491432566 -6.667082619159506 30
1694491433009 -6.602525653198079 31
1694491433392 -6.54479204916714 32
1694491433792 -6.491979948097508 33
1694491434154 -6.4425129675725366 34
1694491434497 -6.398870817378451 35
1694491434899 -6.356114310284959 36
1694491435277 -6.317326252140849 37
1694491435589 -6.283339838537477 38
1694491435975 -6.250881132224119 39
1694491436287 -6.219234923989621 40
1694491436570 -6.188767585361592 41
1694491436920 -6.1595267879228475 42
1694491437217 -6.132967860672868 43
1694491437524 -6.107955875932697 44
1694491437858 -6.084887083862055 45
1694491438225 -6.062415962170793 46
1694491438582 -6.040216570753228 47
1694491438980 -6.0216158542693785 48
1694491439285 -6.002706479661003 49
