1694491421056 125.14902401418702 0
1694491421414 89.43412045289742 1
1694491421779 62.812211544830824 2
1694491422177 52.01404954912511 3
1694491422524 32.393347122506825 4
1694491422848 34.773575208226205 5
1694491423222 29.050450131233976 6
1694491423586 15.39378117314232 7
1694491423956 14.97723380387145 8
1694491424375 15.432309269351101 9
1694491424715 11.305989735096844 10
1694491425091 12.698940047147552 11
1694491425530 9.719459923342578 12
1694491425874 12.241791979953586 13
1694491426216 8.830465480598706 14
1694491426605 4.622532174831801 15
1694491427002 7.818822656524793 16
1694491427319 5.586604868712669 17
1694491427670 6.733753234233605 18
1694491428023 3.612654414764047 19
1694491428368 7.522146220977466 20
1694491428794 5.149294268054336 21
1694491429160 8.374836677176395 22
1694491429501 4.808156489807565 23
1694491429880 3.4015607089287427 24
1694491430295 5.795955710535528 25
1694491430667 3.6635988275196274 26
1694491431091 7.3592359569547074 27
1694491431508 5.305393920199774 28
1694491431849 7.308118520025153 29
1694491432277 6.418063827975923 30
1694491432703 6.098560105579948 31
1694491433153 5.119971179975292 32
1694491433523 5.759128282298119 33
1694491433890 4.785937263344063 34
1694491434241 4.243058124751614 35
1694491434600 8.609473303445716 36
1694491435017 5.3417121573606305 37
1694491435367 3.4374552157912546 38
1694491435691 2.4522140255373803 39
1694491436061 5.399314951174551 40
1694491436383 7.203570827693763 41
1694491436685 5.387664865309543 42
1694491437005 5.944230533169975 43
1694491437308 5.609361484862187 44
1694491437622 3.532995615193024 45
1694491437960 3.527617999515851 46
1694491438331 5.3839440293129766 47
1694491438718 2.805979796591079 48
1694491439067 6.156755078607544 49
