1694493115549 168.63402375852186 0
1694493115884 168.5739079105506 1
1694493116241 168.51374665965068 2
1694493116584 168.4536079210506 3
1694493116930 168.3934916848137 4
1694493117265 168.3333979424251 5
1694493117582 168.2733266853728 6
1694493117911 168.21330524957065 7
1694493118262 168.15327620337266 8
1694493118591 168.0932723512094 9
1694493118907 168.03329095037796 10
1694493119208 167.97333199236948 11
1694493119547 167.91339546869148 12
1694493119901 167.85348137085475 13
1694493120209 167.79358969037344 14
1694493120546 167.7337204187647 15
1694493120904 167.6738735475491 16
1694493121274 167.61404906825035 17
1694493121655 167.55424697239545 18
1694493122004 167.49449458157082 19
1694493122358 167.4347344943224 20
1694493122695 167.374999497898 21
1694493123012 167.31528685106784 22
1694493123353 167.25559654536193 23
1694493123706 167.1959285723265 24
1694493124006 167.1362829235111 25
1694493124383 167.0766595904685 26
1694493124758 167.01705856475456 27
1694493125130 166.95747983792853 28
1694493125482 166.89792340155267 29
1694493125805 166.8383892471927 30
1694493126169 166.77890468203458 31
1694493126507 166.71941233496932 32
1694493126860 166.659944975974 33
1694493127201 166.60049986529927 34
1694493127546 166.54107699451373 35
1694493127900 166.4816763552022 36
1694493128227 166.42229793895274 37
1694493128625 166.3629417373566 38
1694493128965 166.3036077420082 39
1694493129352 166.2442959445052 40
1694493129755 166.18500633644845 41
1694493130099 166.1257662118254 42
1694493130489 166.06651822733906 43
1694493130845 166.00729513713722 44
1694493131270 165.9480942028272 45
1694493131667 165.88891541601285 46
1694493131980 165.82975876831426 47
1694493132370 165.77062425135452 48
1694493132774 165.71151185676013 49
