1694493115659 -247.6806090904907 0
1694493115985 -247.59195767035442 1
1694493116356 -247.50323929559238 2
1694493116699 -247.41455411918685 3
1694493117045 -247.32590212648446 4
1694493117367 -247.23728330492844 5
1694493117696 -247.14869764196646 6
1694493118038 -247.0601854492245 7
1694493118379 -246.97166203361166 8
1694493118694 -246.8831757710464 9
1694493119004 -246.79472261692953 10
1694493119322 -246.7063025587132 11
1694493119664 -246.61791558387378 12
1694493120001 -246.52956167989248 13
1694493120326 -246.44124083425532 14
1694493120678 -246.35295303445295 15
1694493121028 -246.26469826798086 16
1694493121410 -246.1764765223393 17
1694493121794 -246.08828778503334 18
1694493122143 -246.00017234656076 19
1694493122473 -245.91204555835395 20
1694493122803 -245.8239557709922 21
1694493123130 -245.7358989420489 22
1694493123457 -245.64787505903342 23
1694493123807 -245.5598841094793 24
1694493124138 -245.4719260809248 25
1694493124507 -245.384000960913 26
1694493124893 -245.29610873699156 27
1694493125259 -245.20824939671303 28
1694493125584 -245.12042292763456 29
1694493125923 -245.03262931731828 30
1694493126292 -244.9449088350259 31
1694493126631 -244.85717687693895 32
1694493126985 -244.7694817681682 33
1694493127312 -244.6818194684699 34
1694493127653 -244.59418996541058 35
1694493128005 -244.50659324658054 36
1694493128350 -244.41902929957485 37
1694493128745 -244.3314981119934 38
1694493129095 -244.2439996714406 39
1694493129488 -244.1565339655258 40
1694493129863 -244.06910098186287 41
1694493130257 -243.98174097025006 42
1694493130628 -243.89436936788263 43
1694493130959 -243.8070344765282 44
1694493131424 -243.71973225794375 45
1694493131767 -243.6324626997477 46
1694493132105 -243.5452257895824 47
1694493132482 -243.4580215150946 48
1694493132903 -243.37084986393606 49
