1694493115401 169.35337134490706 0
1694493115754 169.28623340373125 1
1694493116080 169.22654029420647 2
1694493116448 169.16679874247825 3
1694493116803 169.10707943620045 4
1694493117133 169.04738236552532 5
1694493117467 168.98770752205124 6
1694493117794 168.92805489737987 7
1694493118139 168.86842110721042 8
1694493118467 168.80881324066138 9
1694493118785 168.74922722922162 10
1694493119088 168.689663403066 11
1694493119421 168.63012175376446 12
1694493119767 168.57060227293772 13
1694493120085 168.51110495220988 14
1694493120422 168.45162978320803 15
1694493120793 168.39217675756262 16
1694493121141 168.33274586690723 17
1694493121501 168.2733371028786 18
1694493121899 168.21395045711665 19
1694493122234 168.1545825908161 20
1694493122565 168.0952404976413 21
1694493122898 168.03592016370382 22
1694493123230 167.97662191466748 23
1694493123579 167.91734574214044 24
1694493123897 167.8580916377817 25
1694493124238 167.79885959325352 26
1694493124614 167.73964960022127 27
1694493124993 167.68046165035346 28
1694493125354 167.6212957353219 29
1694493125684 167.5621518468014 30
1694493126011 167.5030299764701 31
1694493126394 167.44392683082572 32
1694493126732 167.38484930848213 33
1694493127094 167.32579344994272 34
1694493127415 167.26675957637906 35
1694493127757 167.2077476794376 36
1694493128099 167.1487577508154 37
1694493128479 167.08978978221268 38
1694493128845 167.03084376533286 39
1694493129233 166.97191969188248 40
1694493129621 166.91301755357117 41
1694493129960 166.85413734211193 42
1694493130358 166.79527580541878 43
1694493130725 166.73643975520966 44
1694493131096 166.6776252817133 45
1694493131537 166.6188327019944 46
1694493131868 166.5600620077343 47
1694493132253 166.5013131906648 48
1694493132590 166.44258624252086 49
