1694491190628 4.458477884999372 0
1694491191123 4.9074761866474 1
1694491191576 4.776218859449369 2
1694491192097 3.931860160054351 3
1694491192632 4.343277366129439 4
1694491193132 4.605468623210689 5
1694491193585 4.551276531037198 6
1694491194040 4.4847675013772 7
1694491194499 4.626925763111456 8
1694491194954 4.519767489814434 9
1694491195358 4.854653482568339 10
1694491195790 4.0371502655640885 11
1694491196212 4.855919624326654 12
1694491196683 4.510510991328765 13
1694491197150 4.395482734464224 14
1694491197572 4.863607476023982 15
1694491198011 4.7674634631431 16
1694491198419 4.825294426691058 17
1694491198833 4.719321948503495 18
1694491199233 4.3231086610902985 19
1694491199680 4.365159493541321 20
1694491200139 4.550865479582415 21
1694491200494 7.253126594530949 22
1694491200982 4.641054432162605 23
1694491201379 4.475753438601459 24
1694491201803 4.9491437385858355 25
1694491202172 5.062848819336243 26
1694491202535 4.831075499628301 27
1694491202917 4.440631221006163 28
1694491203324 4.667565415041778 29
1694491203740 4.491831498809856 30
1694491204202 4.682375755946699 31
1694491204671 5.143743119404778 32
1694491205138 4.701903090328187 33
1694491205546 4.304648348765124 34
1694491206006 4.688838227234565 35
1694491206466 4.095353271260358 36
1694491206892 4.346879685511931 37
1694491207303 4.343745501684711 38
1694491207750 5.266786417148494 39
1694491208134 3.9070158108909054 40
1694491208586 4.915931469759042 41
1694491209033 3.97907685577457 42
1694491209476 4.550023115740906 43
1694491209901 4.7697907558543235 44
1694491210278 4.299900152249936 45
1694491210705 4.38591436274648 46
1694491211102 5.495068632574956 47
1694491211500 4.887917906449201 48
1694491211968 4.983046739612619 49
