1694491190796 -5.308700567649784 0
1694491191313 -5.944028568268789 1
1694491191761 -5.758300793911436 2
1694491192307 -4.563541877623994 3
1694491192824 -5.145693012709676 4
1694491193305 -5.51669095753441 5
1694491193743 -5.44000970185132 6
1694491194213 -5.345900105708304 7
1694491194641 -5.547052590845983 8
1694491195090 -5.395424731066346 9
1694491195499 -5.869284982721452 10
1694491195909 -4.712526299108295 11
1694491196363 -5.871076560348489 12
1694491196884 -5.382326880464134 13
1694491197304 -5.219563074498279 14
1694491197724 -5.881954791802798 15
1694491198160 -5.745911997763497 16
1694491198539 -5.827742219191809 17
1694491198975 -5.6777922473535565 18
1694491199367 -5.11715450153812 19
1694491199831 -5.176655998999053 20
1694491200256 -5.439428068250568 21
1694491200676 -9.263099883955036 22
1694491201121 -5.567044512923921 23
1694491201514 -5.333145299153924 24
1694491201940 -6.0029877277278985 25
1694491202306 -6.16387925303707 26
1694491202682 -5.835922378219516 27
1694491203026 -5.283447720788433 28
1694491203466 -5.604557282315803 29
1694491203936 -5.355895589764244 30
1694491204355 -5.625513763088833 31
1694491204828 -6.278343859552007 32
1694491205269 -5.653144741345261 33
1694491205735 -5.091033348568706 34
1694491206169 -5.634658093807474 35
1694491206634 -4.794882956368026 36
1694491207039 -5.150790257760424 37
1694491207484 -5.146355419728272 38
1694491207874 -6.452448866315181 39
1694491208305 -4.528387377879213 40
1694491208738 -5.95599270731847 41
1694491209189 -4.6303530187299975 42
1694491209604 -5.438236132037771 43
1694491210024 -5.749205093126329 44
1694491210421 -5.084314699105072 45
1694491210867 -5.206023926465199 46
1694491211235 -6.775465864311455 47
1694491211672 -5.916353801998496 48
1694491212155 -6.050960127129568 49
