1694491190498 5.732738849175397 0
1694491190993 0.8349013406558349 1
1694491191463 17.337648833671313 2
1694491191925 20.991220450892392 3
1694491192479 0.4664090829033684 4
1694491193002 0.14366226587677783 5
1694491193460 0.562392102449812 6
1694491193899 2.8908178098795605 7
1694491194388 8.628720703464522 8
1694491194813 25.12258458302457 9
1694491195248 5.57680033591011 10
1694491195665 3.588293702349809 11
1694491196079 0.6498991130177872 12
1694491196525 3.449431403753911 13
1694491197045 6.181817283548297 14
1694491197443 7.588609122664904 15
1694491197873 11.906318807005388 16
1694491198304 0.2316655209899872 17
1694491198706 16.585689864231284 18
1694491199112 0.09387457392252861 19
1694491199541 0.3602325442885788 20
1694491199993 0.04089040523879599 21
1694491200402 6.054850540913276 22
1694491200839 1.8733362627974042 23
1694491201249 2.847132499487056 24
1694491201681 0.10544746953324081 25
1694491202071 5.116172913409576 26
1694491202436 0.009646685032973027 27
1694491202827 9.977251207583569 28
1694491203185 0.4410048964586074 29
1694491203625 0.7343463787331314 30
1694491204076 0.09544621340357204 31
1694491204523 3.417934446661114 32
1694491204988 0.7032430220794481 33
1694491205432 0.330235743752105 34
1694491205882 3.007611177815515 35
1694491206336 0.0517615462775831 36
1694491206775 0.551120786627526 37
1694491207183 0.12017038018594771 38
1694491207627 7.245000010441923 39
1694491208015 1.580582716636579 40
1694491208452 0.2870182143859698 41
1694491208874 2.2690934815320807 42
1694491209358 0.11946858346191447 43
1694491209745 0.7014991770738339 44
1694491210166 0.33001016857114546 45
1694491210558 5.671329285391331 46
1694491210998 1.6735424417212441 47
1694491211380 4.188469498521446 48
1694491211824 23.769610721673835 49
