1694494712203 4.939183459756136 0
1694494712603 3.9959821409411447 1
1694494713041 4.6054759654428645 2
1694494713474 5.73614113557943 3
1694494713865 5.0859137820410485 4
1694494714248 5.398828340423844 5
1694494714661 4.883395223800607 6
1694494715041 4.549239109734298 7
1694494715444 4.931254278130608 8
1694494715818 5.040494180894184 9
1694494716207 4.509318087712994 10
1694494716607 4.811112798508342 11
1694494716984 5.069047539818389 12
1694494717407 4.4436524555906365 13
1694494717760 5.047955048548189 14
1694494718101 4.638196166763507 15
1694494718468 4.482423053445629 16
1694494718820 4.563668216969958 17
1694494719175 4.296201615520887 18
1694494719531 5.683046967066906 19
1694494719928 4.5007197168396935 20
1694494720332 4.944168264974215 21
1694494720748 4.021219995735412 22
1694494721142 4.8345693706412245 23
1694494721509 4.554334383479656 24
1694494721919 4.759785098351877 25
1694494722301 5.10515719109511 26
1694494722665 5.187897354808952 27
1694494723042 4.425160725312523 28
1694494723416 4.63119803785846 29
1694494723864 4.353702229074768 30
1694494724267 4.651122996467847 31
1694494724653 5.281952415939948 32
1694494725056 4.694288072381192 33
1694494725427 4.650098251845613 34
1694494725827 4.9111213866825745 35
1694494726258 4.6549743502899865 36
1694494726605 4.825759332268489 37
1694494726960 4.625535587418806 38
1694494727408 4.452498505599194 39
1694494727767 4.800977289758098 40
1694494728149 4.448600274557732 41
1694494728531 4.273306483553897 42
1694494728939 4.52540688412646 43
1694494729350 8.353438094017264 44
1694494729817 4.419816843507138 45
1694494730249 4.662052458875455 46
1694494730615 5.24459196698017 47
1694494730955 4.5265212995496285 48
1694494731352 4.759762466956344 49
