1694494712360 -5.920181715541411 0
1694494712747 -4.598683015661104 1
1694494713207 -5.4526314576289705 2
1694494713598 -7.036781651791811 3
1694494713991 -6.125762354864673 4
1694494714385 -6.564180085870407 5
1694494714813 -5.842018040604576 6
1694494715197 -5.373839231386542 7
1694494715570 -5.909072312914181 8
1694494715944 -6.062125946955413 9
1694494716336 -5.3179067622024165 10
1694494716743 -5.740744718417185 11
1694494717123 -6.102131432468262 12
1694494717523 -5.2259040839348145 13
1694494717895 -6.0725792051390775 14
1694494718235 -5.498475014717477 15
1694494718587 -5.2802247190282054 16
1694494718938 -5.394055537356423 17
1694494719311 -5.019313942931571 18
1694494719671 -6.962392575715583 19
1694494720081 -5.305859773183752 20
1694494720489 -5.927165816902851 21
1694494720875 -4.634043220988525 22
1694494721255 -5.77360920764012 23
1694494721647 -5.380978107780909 24
1694494722043 -5.668830602446871 25
1694494722421 -6.1527238736188625 26
1694494722806 -6.268649303953396 27
1694494723155 -5.199995725842434 28
1694494723607 -5.4886700896552085 29
1694494724025 -5.09987679259896 30
1694494724400 -5.516586512556902 31
1694494724781 -6.400427789121261 32
1694494725180 -5.577064154563793 33
1694494725553 -5.515150765321419 34
1694494725966 -5.8808645598685905 35
1694494726377 -5.52198256000426 36
1694494726730 -5.761265655926162 37
1694494727131 -5.48073655442273 38
1694494727518 -5.2382980907626155 39
1694494727889 -5.7265440792016875 40
1694494728265 -5.232836364670463 41
1694494728652 -4.987236075222505 42
1694494729080 -5.34044842231136 43
1694494729508 -10.70381906870483 44
1694494729961 -5.19250853014279 45
1694494730376 -5.5318995428442115 46
1694494730728 -6.34808288274505 47
1694494731091 -5.342009805341117 48
1694494731487 -5.6687988940945 49
