1694494712096 0.7478744807656904 0
1694494712485 3.3391806091668186 1
1694494712928 0.011265832557891596 2
1694494713362 4.0339811722046885 3
1694494713742 5.3801541474554115 4
1694494714126 0.9586938883818182 5
1694494714513 0.026173993599936825 6
1694494714936 7.716222609730451 7
1694494715331 0.421873019803096 8
1694494715717 0.13646142192868013 9
1694494716090 0.4599539857476638 10
1694494716475 26.716312487367954 11
1694494716875 2.753743812870414 12
1694494717258 0.014092699959765614 13
1694494717671 0.0291256928764537 14
1694494718013 0.28744393797112233 15
1694494718369 5.181866301267283 16
1694494718710 7.207092765770408 17
1694494719059 15.11957164755995 18
1694494719433 0.17102209833573104 19
1694494719824 7.347107676212131 20
1694494720210 1.0610567676946898 21
1694494720641 3.0663838776128545 22
1694494721034 2.1884980955884488 23
1694494721393 0.3293327719256007 24
1694494721782 19.78363033875948 25
1694494722179 1.215847814695729 26
1694494722558 0.1156009860707339 27
1694494722941 0.3311947900044406 28
1694494723287 6.126514465370481 29
1694494723755 3.949438967798223 30
1694494724151 14.267009481899743 31
1694494724537 4.260732590649893 32
1694494724921 1.1824301956261887 33
1694494725317 2.9147249387177014 34
1694494725700 1.9459466201244804 35
1694494726132 4.215305416712416 36
1694494726514 0.11594963809685349 37
1694494726859 8.414181479908512 38
1694494727293 2.330075177447115 39
1694494727640 0.3333059618438329 40
1694494728029 6.792207210979295 41
1694494728409 2.855100218205398 42
1694494728798 3.762421336256429 43
1694494729237 1.9617876331464856 44
1694494729643 6.094221533112048 45
1694494730118 7.073871531149391 46
1694494730529 0.02231594494730019 47
1694494730851 2.8641146704259826 48
1694494731225 15.338814723941322 49
