1694490960275 5.018451208359122 0
1694490960740 18.811380995960544 1
1694490961182 5.463161918135828 2
1694490961615 4.973457977660196 3
1694490961986 4.83660604549421 4
1694490962420 4.050293909427554 5
1694490962837 4.152919305850721 6
1694490963217 5.058975699683791 7
1694490963638 4.168244204758537 8
1694490964006 3.961540772601641 9
1694490964387 4.836375765868677 10
1694490964782 4.480860338584253 11
1694490965122 4.156045056119957 12
1694490965534 4.353822681359217 13
1694490965854 5.13938995070766 14
1694490966134 4.225821284836718 15
1694490966480 4.845162344947862 16
1694490966888 4.189369334193668 17
1694490967305 4.870465478140758 18
1694490967772 4.676205529501609 19
1694490968238 4.695736365341487 20
1694490968651 5.018745142174548 21
1694490969082 5.021167653258948 22
1694490969478 4.827593884633363 23
1694490969941 5.276685388112235 24
1694490970292 4.2571774467887415 25
1694490970693 5.195488065361765 26
1694490971168 4.705203653746779 27
1694490971648 5.872893811926322 28
1694490972038 4.844190711436087 29
1694490972405 5.23490026374974 30
1694490972843 4.786940957506273 31
1694490973276 4.483785608873122 32
1694490973696 4.376614748945457 33
1694490974119 4.142387541011168 34
1694490974480 4.516252289160443 35
1694490974866 4.957662031106051 36
1694490975244 4.099234016851842 37
1694490975692 4.497175009570304 38
1694490976125 4.935608267829059 39
1694490976629 4.825453614675039 40
1694490977009 4.282343853452815 41
1694490977419 4.150111021203723 42
1694490977841 4.454849245948411 43
1694490978251 35.55489086551387 44
1694490978688 4.84538116286681 45
1694490979083 4.364994414730905 46
1694490979489 4.412615223656144 47
1694490979935 4.8408822033553776 48
1694490980324 4.498594283364408 49
