1694490960479 -6.031242021153464 0
1694490960860 -25.356213708805353 1
1694490961330 -6.654316451892295 2
1694490961744 -5.968202991535962 3
1694490962147 -5.776462748147973 4
1694490962568 -4.674778044380067 5
1694490962975 -4.818564238528209 6
1694490963342 -6.088019997955006 7
1694490963762 -4.8400356185809 8
1694490964145 -4.550427969177565 9
1694490964527 -5.776140108410645 10
1694490964922 -5.278035233478942 11
1694490965264 -4.822943658737392 12
1694490965648 -5.100045555655289 13
1694490965942 -6.200686642986208 14
1694490966228 -4.9207056038199095 15
1694490966643 -5.788450791822459 16
1694490967020 -4.869633574527784 17
1694490967433 -5.823902457283786 18
1694490967933 -5.551729099969169 19
1694490968355 -5.579093326094723 20
1694490968822 -6.031653845381428 21
1694490969188 -6.035047972578476 22
1694490969617 -5.763836007044935 23
1694490970051 -6.393048271845671 24
1694490970431 -4.964638035238576 25
1694490970889 -6.279284482177395 26
1694490971308 -5.592357736427296 27
1694490971757 -7.228382830026613 28
1694490972157 -5.787089457400045 29
1694490972535 -6.334504049718469 30
1694490973012 -5.706878081654972 31
1694490973428 -5.282133765580652 32
1694490973832 -5.131979022118887 33
1694490974263 -4.803808413588947 34
1694490974612 -5.327622119904657 35
1694490974988 -5.9460716369478375 36
1694490975426 -4.743346956491485 37
1694490975845 -5.300893361502054 38
1694490976337 -5.915172592473823 39
1694490976777 -5.760837321705021 40
1694490977158 -4.999898136156391 41
1694490977572 -4.8146296124458745 42
1694490977986 -5.241591661555275 43
1694490978433 -48.815178494654965 44
1694490978822 -5.788757372813849 45
1694490979223 -5.115698026481606 46
1694490979673 -5.182418498375153 47
1694490980051 -5.782453979225889 48
1694490980473 -5.302881874915117 49
