1694490960145 0.49073701763042027 0
1694490960612 71.60834658139493 1
1694490961005 0.7851174824319511 2
1694490961502 6.147619329163574 3
1694490961874 3.245272363431848 4
1694490962305 0.051348191384383186 5
1694490962725 0.14004564269832248 6
1694490963104 3.5128680691876566 7
1694490963510 0.6523887632671954 8
1694490963892 1.4397452503552222 9
1694490964276 24.03373294102024 10
1694490964653 6.984036401020596 11
1694490965036 0.1412418974973552 12
1694490965425 48.190498770326116 13
1694490965766 1.3687223503786359 14
1694490966057 0.02845937220364785 15
1694490966367 1.666633185968596 16
1694490966775 0.01785731746560754 17
1694490967160 2.259987324978656 18
1694490967643 0.2103707018206324 19
1694490968100 0.0005196997485457099 20
1694490968505 1.1247139342982375 21
1694490968968 3.2859846489821902 22
1694490969321 4.477239396185603 23
1694490969780 2.4303830480772084 24
1694490970197 7.222842329739016 25
1694490970563 5.739122361027046 26
1694490971035 5.62188540802897 27
1694490971471 0.5794255467532257 28
1694490971894 1.3841397098497012 29
1694490972276 0.01895673804010911 30
1694490972678 0.09377666479957825 31
1694490973154 3.7436582794347317 32
1694490973577 30.83446352727302 33
1694490973983 23.83773414013181 34
1694490974380 2.3540897960448106 35
1694490974745 8.209498268941957 36
1694490975116 25.128213429838855 37
1694490975576 35.73614594740578 38
1694490975993 3.4548043544322087 39
1694490976520 0.0011475531231505216 40
1694490976907 0.028167404709383875 41
1694490977288 0.9361524542789849 42
1694490977723 0.06185479065367396 43
1694490978133 2.795338648491727 44
1694490978568 0.018310424796124696 45
1694490978974 2.0830800664414677 46
1694490979360 5.977366944865767 47
1694490979822 0.03242370058798351 48
1694490980202 0.09130588886419426 49
