1694491076321 41.56612617392206 0
1694491076643 15.38528892643743 1
1694491077043 8.822086397781252 2
1694491077424 6.714902328187724 3
1694491077778 5.847315440286255 4
1694491078200 5.405200690489239 5
1694491078615 5.167207914622094 6
1694491079119 5.008001360834041 7
1694491079509 4.882697441877806 8
1694491079899 4.805015932080311 9
1694491080455 4.752577085811019 10
1694491080879 4.697724419365283 11
1694491081283 4.650047811088185 12
1694491081723 4.609138861517644 13
1694491082131 4.580236295381156 14
1694491082700 4.553857296913151 15
1694491083157 4.521822496891523 16
1694491083596 4.506458905540703 17
1694491083996 4.481225470922833 18
1694491084421 4.458602854242969 19
1694491084788 4.436775360173561 20
1694491085202 4.422142344914381 21
1694491085622 4.424281670410677 22
1694491086036 4.412212363039557 23
1694491086473 4.402596216793992 24
1694491086949 4.3909373362517305 25
1694491087431 4.38289153599874 26
1694491087911 4.376121955559058 27
1694491088342 4.373616305284988 28
1694491088799 4.364217245052649 29
1694491089169 4.356268523210017 30
1694491089495 4.3411100110706045 31
1694491089955 4.337175971750796 32
1694491090399 4.345897062589272 33
1694491090795 4.3405012519805055 34
1694491091157 4.33520210075984 35
1694491091529 4.3240426521333015 36
1694491091862 4.329135459252318 37
1694491092295 4.318535673528815 38
1694491092684 4.314911051484897 39
1694491093089 4.321606200720901 40
1694491093474 4.322406093918861 41
1694491093856 4.323472877902542 42
1694491094406 4.319015176807059 43
1694491094772 4.319168604441711 44
1694491095184 4.315620271098084 45
1694491095523 4.319751926193742 46
1694491095899 4.316316455866467 47
1694491096259 4.315044901440632 48
1694491096622 4.309150422333821 49
