1694491076233 74.12424606377299 0
1694491076542 73.34858403094765 1
1694491076910 54.95923750867993 2
1694491077306 8.249927079448613 3
1694491077675 5.598144827012788 4
1694491078091 0.7142560340097984 5
1694491078486 27.595615034433845 6
1694491078979 3.106600858126565 7
1694491079401 3.767480435324223 8
1694491079777 0.11524789716539627 9
1694491080254 0.5569788261645318 10
1694491080739 1.6097182157234182 11
1694491081134 24.330671182628958 12
1694491081584 0.3406451507420304 13
1694491081976 7.018329467503384 14
1694491082510 0.5879167588055146 15
1694491082992 0.005020570119800133 16
1694491083443 27.725452359240474 17
1694491083876 17.49045700596047 18
1694491084298 0.31716296212397854 19
1694491084689 0.6687877693163296 20
1694491085020 0.02100721159243025 21
1694491085473 0.008728791497441355 22
1694491085925 1.497383674291497 23
1694491086334 0.40767072379307956 24
1694491086806 1.497366471332987 25
1694491087241 0.09618365914792258 26
1694491087709 0.030064776254536105 27
1694491088230 1.0569902988684727 28
1694491088646 0.8513085289463793 29
1694491089072 0.10197945713725169 30
1694491089394 1.0409866471968694 31
1694491089825 19.685695923485515 32
1694491090292 19.502004614220404 33
1694491090646 0.10427929379201234 34
1694491091052 0.4309695710866119 35
1694491091439 1.3532467140832554 36
1694491091774 3.176281789771504 37
1694491092173 1.7518768733114158 38
1694491092552 0.02095098246611876 39
1694491092976 1.464623355920193 40
1694491093372 0.002751010326383287 41
1694491093756 1.1051776637005328 42
1694491094227 0.020859466956744063 43
1694491094672 1.8004156851575286 44
1694491095055 0.18094939562181925 45
1694491095431 1.612981965407266 46
1694491095771 2.7341903831009966 47
1694491096151 27.397478165994368 48
1694491096507 0.9336792026916562 49
