1694512679965 162.38359962014044 0
1694512680344 155.99136319789224 1
1694512680712 149.86366680480896 2
1694512681063 143.98943579388967 3
1694512681453 138.3580615690576 4
1694512681867 132.95938191781096 5
1694512682246 127.78366217522873 6
1694512682626 122.82157718415081 7
1694512683027 118.06419401784044 8
1694512683384 113.50295543286516 9
1694512683738 109.12966402129761 10
1694512684123 104.93646703264677 11
1694512684501 100.91584183718322 12
1694512684907 97.06058200352176 13
1694512685318 93.3637839644735 14
1694512685691 89.81883424628103 15
1694512686041 86.41939723740255 16
1694512686445 83.15940347402132 17
1694512686813 80.03303842042251 18
1694512687176 77.03473172330474 19
1694512687580 74.15914691998077 20
1694512687998 71.40117158126917 21
1694512688381 68.75590787069282 22
1694512688738 66.2186635023775 23
1694512689120 63.78494308078931 24
1694512689540 61.45043980616397 25
1694512689911 59.211027530163726 26
1694512690291 57.06275314695279 27
1694512690673 55.00182930550871 28
1694512691001 53.02462742958767 29
1694512691348 51.12767103233619 30
1694512691742 49.30762931309253 31
1694512692137 47.56131102444811 32
1694512692515 45.8856585981443 33
1694512692930 44.2777425188631 34
1694512693271 42.73475593543352 35
1694512693641 41.254009499418885 36
1694512694044 39.83292642147463 37
1694512694470 38.469037736272995 38
1694512694884 37.15997776718046 39
1694512695296 35.90347978224657 40
1694512695700 34.69737183342004 41
1694512696142 33.53957277124993 42
1694512696635 32.428088427657336 43
1694512697024 31.361007959676588 44
1694512697410 30.3365003473655 45
1694512697806 29.352811039371588 46
1694512698237 28.40825873991694 47
1694512698722 27.501232331228177 48
1694512699126 26.630187925690468 49
