1694512680102 -228.77113120764972 0
1694512680471 -219.7261821048923 1
1694512680834 -211.0555544354146 2
1694512681202 -202.7435776870769 3
1694512681579 -194.77524080502656 4
1694512681989 -187.13616436259989 5
1694512682390 -179.81257390858346 6
1694512682782 -172.7912744410536 7
1694512683125 -166.05962596012048 8
1694512683522 -159.6055200539243 9
1694512683879 -153.4173574741613 10
1694512684252 -147.48402665927205 11
1694512684642 -141.79488316519559 12
1694512685048 -136.33972996529116 13
1694512685451 -131.10879858265548 14
1694512685836 -126.09273101962125 15
1694512686208 -121.28256245071191 16
1694512686585 -116.66970464675741 17
1694512686938 -112.24593009924229 18
1694512687352 -108.00335681526654 19
1694512687731 -103.93443375475492 20
1694512688120 -100.03192688274956 21
1694512688503 -96.2889058107725 22
1694512688884 -92.69873100234473 23
1694512689272 -89.25504151880331 24
1694512689669 -85.95174328256877 25
1694512690058 -82.78299783598086 26
1694512690424 -79.74321157474829 27
1694512690789 -76.82702543594387 28
1694512691136 -74.02930502132685 29
1694512691502 -71.34513113758692 30
1694512691896 -68.76979073588379 31
1694512692279 -66.29876823380184 32
1694512692650 -63.92773720355416 33
1694512693045 -61.65255241095403 34
1694512693405 -59.469242190327115 35
1694512693778 -57.37400114116529 36
1694512694172 -55.36318313292352 37
1694512694598 -53.43329460493682 38
1694512695075 -51.58098814898523 39
1694512695430 -49.803056362562494 40
1694512695869 -48.096425961409366 41
1694512696337 -46.458152140356646 42
1694512696789 -44.88541317198617 43
1694512697175 -43.37550523306206 44
1694512697548 -41.925837449109515 45
1694512697962 -40.53392714792539 46
1694512698428 -39.19739531319469 47
1694512698863 -37.91396222976045 48
1694512699286 -36.68144331245181 49
