1694512679851 169.17813275916612 0
1694512680204 162.49000205166772 1
1694512680565 156.07908767073616 2
1694512680939 149.93378339561895 3
1694512681307 144.04297109656113 4
1694512681694 138.39600015759558 5
1694512682091 132.9826677682295 6
1694512682490 127.79320004729574 7
1694512682882 122.81823396378948 8
1694512683240 118.04880002100194 9
1694512683625 113.47630567168545 10
1694512683996 109.09251943335117 11
1694512684352 104.88955567410756 12
1694512684744 100.85986004069863 13
1694512685173 96.99619550160172 14
1694512685540 93.29162897919068 15
1694512685917 89.73951854607158 16
1694512686311 86.33350116174996 17
1694512686681 83.0674809267976 18
1694512687046 79.93561783265218 19
1694512687454 76.93231698610859 20
1694512687831 74.05221828844559 21
1694512688223 71.29018654998033 22
1694512688606 68.64130202165566 23
1694512688984 66.10085132604219 24
1694512689365 63.66431877088314 25
1694512689802 61.32737802902323 26
1694512690163 59.0858841692452 27
1694512690530 56.93586602319358 28
1694512690890 54.873518874190474 29
1694512691234 52.895197454349216 30
1694512691606 50.99740923696614 31
1694512692003 49.17680801172115 32
1694512692390 47.43018773074512 33
1694512692766 45.75447661411674 34
1694512693149 44.14673150383517 35
1694512693509 42.604132455777595 36
1694512693906 41.12397755959455 37
1694512694323 39.70367797692023 38
1694512694722 38.34075318868194 39
1694512695168 37.032826442682286 40
1694512695553 35.777620393000625 41
1694512695972 34.572952923117725 42
1694512696480 33.41673314500955 43
1694512696894 32.306957566783936 44
1694512697279 31.241706421747402 45
1694512697663 30.219140152090414 46
1694512698084 29.237496040666514 47
1694512698570 28.295084984617148 48
1694512698968 27.390288404857397 49
