1694511605368 169.3998079795168 0
1694511605751 169.33164084160055 1
1694511606098 169.26350239275766 2
1694511606455 169.19539262081273 3
1694511606856 169.12731151359552 4
1694511607166 169.06022392005923 5
1694511607515 168.99316436556978 6
1694511607888 168.92613283826938 7
1694511608264 168.85912932630544 8
1694511608685 168.79215381783033 9
1694511609103 168.72520630100144 10
1694511609490 168.65828676398124 11
1694511609887 168.59139519493723 12
1694511610281 168.52453158204187 13
1694511610679 168.45769591347275 14
1694511611086 168.39088817741236 15
1694511611482 168.3241083620484 16
1694511611858 168.25748809243547 17
1694511612244 168.19089562990175 18
1694511612647 168.12433096269487 19
1694511613021 168.05779407906735 20
1694511613405 167.9912849672767 21
1694511613788 167.9248036155855 22
1694511614139 167.85835001226118 23
1694511614537 167.7921492378452 24
1694511614943 167.7259760339632 25
1694511615311 167.65983038897585 26
1694511615686 167.59371229124866 27
1694511616052 167.52762172915232 28
1694511616408 167.4615586910621 29
1694511616793 167.3955231653586 30
1694511617158 167.32951514042708 31
1694511617510 167.26353460465785 32
1694511617882 167.19758154644606 33
1694511618247 167.13165595419198 34
1694511618620 167.06575781630062 35
1694511618990 166.99988712118193 36
1694511619375 166.93404385725086 37
1694511619753 166.86822801292726 38
1694511620158 166.8024395766359 39
1694511620528 166.73667853680644 40
1694511620852 166.67094488187354 41
1694511621257 166.60523860027658 42
1694511621622 166.53955968046003 43
1694511621988 166.4739081108732 44
1694511622410 166.40828387997038 45
1694511622765 166.34268697621067 46
1694511623113 166.27711738805812 47
1694511623500 166.2115751039816 48
1694511623897 166.146060112455 49
