1694511605491 -238.6989942140966 0
1694511605889 -238.60253841174438 1
1694511606228 -238.50612320413725 2
1694511606571 -238.4097485740472 3
1694511606961 -238.31341450425344 4
1694511607287 -238.21848624614802 5
1694511607664 -238.12359766300682 6
1694511608032 -238.02874873805123 7
1694511608421 -237.93393945450993 8
1694511608827 -237.83916979561872 9
1694511609239 -237.7444397446203 10
1694511609625 -237.64974928476482 11
1694511610014 -237.55509839930932 12
1694511610434 -237.460487071518 13
1694511610827 -237.3659152846622 14
1694511611243 -237.27138302202042 15
1694511611610 -237.17689026687822 16
1694511611989 -237.0826232673405 17
1694511612403 -236.98839561453522 18
1694511612773 -236.8942072918329 19
1694511613147 -236.800058282611 20
1694511613556 -236.70594857025392 21
1694511613933 -236.61187813815343 22
1694511614285 -236.51784696970802 23
1694511614683 -236.42417355157983 24
1694511615080 -236.33053914547494 25
1694511615428 -236.23694373492387 26
1694511615818 -236.143387303464 27
1694511616175 -236.04986983463985 28
1694511616543 -235.95639131200264 29
1694511616918 -235.862951719111 30
1694511617287 -235.7695510395302 31
1694511617637 -235.67618925683266 32
1694511618016 -235.5828663545976 33
1694511618400 -235.48958231641157 34
1694511618756 -235.3963371258677 35
1694511619139 -235.30313076656626 36
1694511619509 -235.20996322211448 37
1694511619886 -235.11683447612666 38
1694511620293 -235.02374451222383 39
1694511620631 -234.93069331403416 40
1694511621012 -234.83768086519277 41
1694511621380 -234.74470714934154 42
1694511621754 -234.65177215012952 43
1694511622140 -234.55887585121258 44
1694511622547 -234.46601823625363 45
1694511622884 -234.37319928892245 46
1694511623257 -234.28041899289576 47
1694511623604 -234.18767733185723 48
1694511624031 -234.09497428949737 49
