1694511605243 169.61096296680194 0
1694511605585 169.54255263738654 1
1694511605978 169.4741711307731 2
1694511606334 169.40581843473203 3
1694511606676 169.33749453703876 4
1694511607056 169.26919942547423 5
1694511607386 169.2018970724161 6
1694511607755 169.13462287883124 7
1694511608131 169.06737683281335 8
1694511608539 169.0001589224613 9
1694511608925 168.93296913587903 10
1694511609339 168.86580746117545 11
1694511609735 168.79867388646457 12
1694511610136 168.73156839986547 13
1694511610538 168.66449098950224 14
1694511610935 168.59744164350403 15
1694511611354 168.53042035000504 16
1694511611721 168.46342709714452 17
1694511612099 168.39659343327673 18
1694511612505 168.32978769567498 19
1694511612887 168.2630098725388 20
1694511613257 168.19625995207275 21
1694511613660 168.1295379224864 22
1694511614038 168.06284377199444 23
1694511614395 167.99617748881636 24
1694511614784 167.92977028906506 25
1694511615185 167.86339077561362 26
1694511615535 167.79703893677586 27
1694511615917 167.73071476087063 28
1694511616292 167.66441823622168 29
1694511616654 167.5981493511578 30
1694511617024 167.53190809401266 31
1694511617395 167.4656944531249 32
1694511617736 167.39950841683813 33
1694511618117 167.33334997350087 34
1694511618497 167.26721911146666 35
1694511618860 167.20111581909387 36
1694511619242 167.1350400847459 37
1694511619612 167.06899189679103 38
1694511620006 167.00297124360256 39
1694511620393 166.93697811355864 40
1694511620736 166.87101249504235 41
1694511621115 166.8050743764418 42
1694511621500 166.73916374614996 43
1694511621863 166.67328059256465 44
1694511622251 166.60742490408882 45
1694511622634 166.5415966691301 46
1694511622988 166.47579587610116 47
1694511623376 166.41002251341973 48
1694511623729 166.34427656950814 49
