1694512810949 168.98455732222033 0
1694512811382 168.9172055368098 1
1694512811842 168.84988193675485 2
1694512812299 168.78258651012644 3
1694512812713 168.71531924500053 4
1694512813107 168.64808012945824 5
1694512813517 168.58086915158574 6
1694512813972 168.51368629947422 7
1694512814410 168.44653156121996 8
1694512814880 168.37940492492433 9
1694512815315 168.31230637869373 10
1694512815741 168.24523591063965 11
1694512816176 168.17819350887862 12
1694512823652 168.11117916153222 13
1694512824043 168.04419285672705 14
1694512824431 167.97723458259483 15
1694512824853 167.91030432727237 16
1694512825243 167.8434020789013 17
1694512825655 167.7765278256286 18
1694512826051 167.70968155560604 19
1694512826455 167.6428632569906 20
1694512826895 167.57607291794417 21
1694512827298 167.50931052663378 22
1694512827678 167.4425760712314 23
1694512828079 167.37586953991416 24
1694512828521 167.3091909208641 25
1694512828933 167.24254020226834 26
1694512829392 167.17591737231896 27
1694512829829 167.10932241921316 28
1694512830286 167.0427553311531 29
1694512830737 166.97621609634598 30
1694512831173 166.90970470300405 31
1694512999173 166.8432211393445 32
1694513157846 166.77676539358959 33
1694513167335 166.7103374539665 34
1694513167711 166.6439373087076 35
1694513168094 166.5775649460501 36
1694513168491 166.51122035423623 37
1694513168896 166.4449035215133 38
1694513169257 166.3786144361336 39
1694513169679 166.31235308635434 40
1694513170041 166.2461194604378 41
1694513170419 166.17991354665125 42
1694513170818 166.11373533326693 43
1694513171194 166.0475848085621 44
1694513171573 165.9814619608189 45
1694513171927 165.91536677832462 46
1694513172278 165.8492992493714 47
1694513172665 165.78325936225647 48
1694513173057 165.71724710528184 49
