1694512811134 -238.11141878477412 0
1694512811574 -238.01611669787107 1
1694512812029 -237.92085449295763 2
1694512812450 -237.82563215315432 3
1694512812851 -237.73044966158878 4
1694512813263 -237.63530700139592 5
1694512813687 -237.54020415571776 6
1694512814117 -237.44514110770348 7
1694512814573 -237.35011784050945 8
1694512815011 -237.2551343372992 9
1694512815478 -237.16019058124343 10
1694512815897 -237.06528655552 11
1694512823386 -236.97042224331392 12
1694512823798 -236.8755976278174 13
1694512824174 -236.78081269222963 14
1694512824606 -236.68606741975717 15
1694512824996 -236.59136179361366 16
1694512825396 -236.49669579701973 17
1694512825820 -236.40206941320335 18
1694512826196 -236.3074826253995 19
1694512826600 -236.2129354168504 20
1694512827032 -236.11842777080525 21
1694512827438 -236.02395967052047 22
1694512827829 -235.92953109925958 23
1694512828252 -235.8351420402933 24
1694512828661 -235.74079247689937 25
1694512829139 -235.64648239236266 26
1694512829539 -235.5522117699751 27
1694512829998 -235.4579805930358 28
1694512830452 -235.36378884485106 29
1694512830917 -235.26963650873407 30
1694512883559 -235.1755235680053 31
1694513066694 -235.08145000599222 32
1694513167066 -234.98741580602942 33
1694513167475 -234.89342095145858 34
1694513167845 -234.7994654256285 35
1694513168240 -234.705549211895 36
1694513168647 -234.61167229362098 37
1694513169027 -234.51783465417648 38
1694513169424 -234.4240362769386 39
1694513169813 -234.3302771452914 40
1694513170160 -234.23655724262622 41
1694513170584 -234.14287655234128 42
1694513170970 -234.04923505784188 43
1694513171320 -233.95563274254056 44
1694513171714 -233.86206958985665 45
1694513172069 -233.76854558321673 46
1694513172402 -233.67506070605432 47
1694513172835 -233.58161494181016 48
1694513173202 -233.4882082739317 49
