1694508575239 164.42854642613216 0
1694508575661 158.94118392434447 1
1694508576195 153.65583257790027 2
1694508576574 148.56753277008784 3
1694508577015 143.66632087742417 4
1694508577378 138.94434214531648 5
1694508577731 134.39651870895975 6
1694508578209 130.01601750292267 7
1694508578624 125.79518575274419 8
1694508579169 121.72855642361274 9
1694508579560 117.81129860481332 10
1694508579997 114.03671305208778 11
1694508580385 110.39963870109052 12
1694508580860 106.89482283853835 13
1694508581342 103.51709199756692 14
1694508581868 100.26228007812348 15
1694508582277 97.12506741767963 16
1694508582686 94.10134280981505 17
1694508583223 91.18704749870909 18
1694508583739 88.37777987832567 19
1694508584265 85.66955082769668 20
1694508584706 83.05848566099607 21
1694508585100 80.54079185384326 22
1694508585620 78.11341073587168 23
1694508586035 75.7728982223448 24
1694508586565 73.51565539121776 25
1694508587021 71.3382903820348 26
1694508587404 69.23815534668373 27
1694508587909 67.21237312645495 28
1694508588290 65.25811299153102 29
1694508588672 63.372858115768686 30
1694508589115 61.55400113415841 31
1694508589500 59.79861325034391 32
1694508589866 58.105026082288596 33
1694508590229 56.47061101440607 34
1694508590589 54.893210392134165 35
1694508591065 53.37111704477798 36
1694508591472 51.90198279086383 37
1694508591858 50.48363867785825 38
1694508592311 49.114036944653655 39
1694508592762 47.79142698459718 40
1694508593233 46.514695174495834 41
1694508593676 45.28148662135664 42
1694508594062 44.09040517311888 43
1694508594429 42.940338052225094 44
1694508594831 41.82917349599967 45
1694508595252 40.75603781885182 46
1694508595627 39.71931666143932 47
1694508596013 38.717415215011094 48
1694508596409 37.749553059838945 49
