1694508575046 162.32668228611385 0
1694508575523 163.13600307862677 1
1694508576033 153.37804858900046 2
1694508576467 154.63601278819067 3
1694508576871 138.57547739336135 4
1694508577266 128.2534862013737 5
1694508577631 130.54751498577446 6
1694508578083 131.84730365062 7
1694508578435 127.28361344511478 8
1694508578938 118.62811033608058 9
1694508579427 121.68811636293749 10
1694508579813 112.67843337605628 11
1694508580277 104.89007833436503 12
1694508580704 104.55299560914038 13
1694508581116 103.41859703910124 14
1694508581759 96.73957337226666 15
1694508582137 93.6186913522501 16
1694508582564 89.16754083602012 17
1694508582969 81.31441576019124 18
1694508583572 88.46863321920162 19
1694508584037 81.46479331680804 20
1694508584589 86.88024555294096 21
1694508585001 75.99870541161938 22
1694508585447 78.66492004580697 23
1694508585929 68.6858138927781 24
1694508586422 69.98223724720616 25
1694508586918 69.54462542667402 26
1694508587264 71.77211246797462 27
1694508587702 74.44568411605344 28
1694508588137 65.19704309536311 29
1694508588552 64.93527469391466 30
1694508588947 59.70243119601874 31
1694508589385 63.61960937633326 32
1694508589756 55.73274658335043 33
1694508590115 60.76985406244733 34
1694508590468 55.93047178826675 35
1694508590917 50.70565365139965 36
1694508591351 47.98369382407908 37
1694508591759 42.810554943526554 38
1694508592153 54.35693986192204 39
1694508592615 44.28723138009896 40
1694508593106 48.801618499580336 41
1694508593497 42.340840781705246 42
1694508593917 48.99287571999551 43
1694508594314 42.47563967581947 44
1694508594714 40.21182391302812 45
1694508595114 37.68705302481531 46
1694508595509 39.53227525110563 47
1694508595874 35.56402631392393 48
1694508596292 31.641448348718416 49
