1694508318003 120.68939084697273 0
1694508318293 87.37388617474222 1
1694508318592 64.29838361069814 2
1694508318863 48.19985991361104 3
1694508319180 36.87871985622523 4
1694508319462 28.853618402368806 5
1694508319717 23.111641052918078 6
1694508319987 18.947465437184945 7
1694508320268 15.905445621079584 8
1694508320554 13.646417714126118 9
1694508320843 11.945458589661637 10
1694508321140 10.655877748519227 11
1694508321472 9.660183767627803 12
1694508321827 8.881613277251585 13
1694508322161 8.266796840449242 14
1694508322493 7.77013378061286 15
1694508322843 7.368973323094783 16
1694508323176 7.042602332719221 17
1694508323578 6.769144544408072 18
1694508323941 6.54013610155747 19
1694508324370 6.346024398851127 20
1694508324739 6.180957313757247 21
1694508325096 6.041342410986131 22
1694508325505 5.919063608980601 23
1694508325923 5.814332900273317 24
1694508326335 5.723131365015615 25
1694508326735 5.6423033394651085 26
1694508327046 5.569865337980994 27
1694508327408 5.504571393713165 28
1694508327763 5.446316392818828 29
1694508328147 5.393599248084619 30
1694508328447 5.345065665739148 31
1694508328841 5.301671992971092 32
1694508329265 5.26274421270002 33
1694508329735 5.226685075544603 34
1694508330098 5.192261568150469 35
1694508330503 5.160817425894003 36
1694508330857 5.132466354855003 37
1694508331186 5.105768913184067 38
1694508331527 5.0800446277642255 39
1694508331947 5.056293691246801 40
1694508332287 5.03371276252486 41
1694508332683 5.01209687274514 42
1694508333054 4.99244060170616 43
1694508333455 4.972741649724913 44
1694508333820 4.955603135810943 45
1694508334209 4.939090088276964 46
1694508334563 4.922490989684023 47
1694508334911 4.907780126641243 48
1694508335310 4.893908410573213 49
