1694508318101 -169.77425260027073 0
1694508318410 -122.6331545263326 1
1694508318706 -89.98155461274249 2
1694508318977 -67.20230837540218 3
1694508319299 -51.1830110841064 4
1694508319559 -39.8275746765984 5
1694508319829 -31.702735505411816 6
1694508320105 -25.810469636121155 7
1694508320375 -21.506042736251384 8
1694508320672 -18.309541372661904 9
1694508320964 -15.902701623571243 10
1694508321278 -14.07795793426918 11
1694508321594 -12.669061143822033 12
1694508321955 -11.56739186984906 13
1694508322303 -10.69743290539949 14
1694508322616 -9.994659759868703 15
1694508322968 -9.42702181899703 16
1694508323333 -8.965210208542663 17
1694508323693 -8.57827023735852 18
1694508324077 -8.254225634991183 19
1694508324528 -7.979559562704241 20
1694508324901 -7.745991327020999 21
1694508325260 -7.5484376687808314 22
1694508325653 -7.375414415661357 23
1694508326053 -7.227221534926208 24
1694508326471 -7.098172296129574 25
1694508326863 -6.983801467379224 26
1694508327182 -6.881302436797555 27
1694508327546 -6.78891217404612 28
1694508327924 -6.706481944113379 29
1694508328267 -6.631887723958438 30
1694508328576 -6.563213201758135 31
1694508329010 -6.501811598994709 32
1694508329419 -6.446729188398994 33
1694508329854 -6.395705878446796 34
1694508330223 -6.346996967863538 35
1694508330639 -6.302503828451531 36
1694508330996 -6.262387353149726 37
1694508331321 -6.224610746476201 38
1694508331658 -6.18821114593617 39
1694508332081 -6.154603813892689 40
1694508332422 -6.122652030902924 41
1694508332829 -6.092065768137689 42
1694508333238 -6.064252345830783 43
1694508333582 -6.036378530427476 44
1694508333954 -6.012127708679204 45
1694508334353 -5.9887619154559735 46
1694508334705 -5.965274360865182 47
1694508335047 -5.944458640248768 48
1694508335435 -5.92483030401162 49
