1694508317910 123.01486166620288 0
1694508318197 91.73208560479176 1
1694508318488 66.10018844344879 2
1694508318786 50.821678076605096 3
1694508319081 39.334677302299326 4
1694508319382 27.335893208405963 5
1694508319635 25.3331410244648 6
1694508319904 23.48084827044144 7
1694508320189 12.374720076881836 8
1694508320455 9.931646900397993 9
1694508320753 13.679049678322796 10
1694508321046 8.328890360304511 11
1694508321375 10.102570639169912 12
1694508321685 9.98308734531616 13
1694508322051 5.979424193410973 14
1694508322390 7.435337243030558 15
1694508322730 6.555264632586848 16
1694508323074 4.02977281762896 17
1694508323450 5.688526093425569 18
1694508323844 6.063440694587166 19
1694508324236 8.344664876678094 20
1694508324634 6.327455538622345 21
1694508325008 3.342251480853534 22
1694508325368 9.057068985454993 23
1694508325788 5.159764116722682 24
1694508326173 2.9048545003153654 25
1694508326626 5.147431048969283 26
1694508326960 5.1916505718052095 27
1694508327300 5.102056234904831 28
1694508327661 5.569246797703226 29
1694508328033 4.08873062649222 30
1694508328358 6.4277016624126295 31
1694508328699 5.574552645851291 32
1694508329127 5.864272226567624 33
1694508329571 4.99891439775371 34
1694508329960 4.33911418760204 35
1694508330335 5.170920391149211 36
1694508330742 5.6980906114031304 37
1694508331085 3.7330113673665304 38
1694508331422 4.454897878799056 39
1694508331798 6.478831492278946 40
1694508332177 4.95359543920961 41
1694508332544 4.829582503009055 42
1694508332939 6.613841852624553 43
1694508333361 5.470292389727419 44
1694508333692 6.42197119094482 45
1694508334091 4.303627822911334 46
1694508334448 5.006176406399749 47
1694508334812 3.011430602581579 48
1694508335142 3.3270869638475276 49
