1694510632964 162.0140191022444 0
1694510633301 155.6679068037753 1
1694510633626 149.58273490818564 2
1694510633944 143.74765116059046 3
1694510634252 138.1549276954127 4
1694510634566 132.78925196832583 5
1694510634898 127.64375383156069 6
1694510635256 122.71191314122919 7
1694510635541 117.9796995509693 8
1694510635878 113.44135176048941 9
1694510636228 109.09140198558718 10
1694510636598 104.91953411850994 11
1694510636959 100.91579935288466 12
1694510637324 97.07823714894396 13
1694510637709 93.39497276963588 14
1694510638081 89.86456182269984 15
1694510638440 86.47823934019549 16
1694510638863 83.23003343824435 17
1694510639241 80.11175784348242 18
1694510639618 77.12287104314743 19
1694510639973 74.2556420732547 20
1694510640380 71.50503542179085 21
1694510640771 68.86622569367485 22
1694510641139 66.33458879899327 23
1694510641517 63.905693512085286 24
1694510641885 61.57529338582958 25
1694510642255 59.339319006144905 26
1694510642649 57.193870572351486 27
1694510643024 55.13521078964612 28
1694510643367 53.1597580605255 29
1694510643738 51.26407996254887 30
1694510644117 49.444887000363636 31
1694510644493 47.69902662042862 32
1694510644861 46.0234774773579 33
1694510645229 44.41534394127644 34
1694510645583 42.871850836027136 35
1694510646001 41.39033839849811 36
1694510646383 39.96825744975017 37
1694510646743 38.60316476901809 38
1694510647123 37.292718662036656 39
1694510647489 36.03467471550317 40
1694510647825 34.82688172983431 41
1694510648191 33.66727782270615 42
1694510648546 32.55388669618341 43
1694510648944 31.484814060548054 44
1694510649294 30.458244208227676 45
1694510649643 29.472436731503336 46
1694510650005 28.525723377942903 47
1694510650419 27.616505037761783 48
1694510650789 26.743248857557404 49
