1694510633096 -237.9182446908701 0
1694510633403 -228.55978287773203 1
1694510633750 -219.5861237092684 2
1694510634064 -210.98126362169867 3
1694510634351 -202.73380651430813 4
1694510634694 -194.8211713398978 5
1694510635027 -187.23322685393177 6
1694510635365 -179.960357954325 7
1694510635668 -172.98187442091137 8
1694510636016 -166.28928020032197 9
1694510636379 -159.87451208042728 10
1694510636739 -153.7223571409506 11
1694510637086 -147.8181441122785 12
1694510637488 -142.15898183275428 13
1694510637844 -136.72735890831254 14
1694510638211 -131.52114532782548 15
1694510638609 -126.52741560023574 16
1694510639009 -121.73736312953608 17
1694510639375 -117.13891581188305 18
1694510639767 -112.7312750912051 19
1694510640135 -108.50304029763907 20
1694510640540 -104.44678568063556 21
1694510640914 -100.5553953441191 22
1694510641269 -96.82205025198694 23
1694510641643 -93.24021578049124 24
1694510642025 -89.803629794429 25
1694510642387 -86.50629122503713 26
1694510642789 -83.34244912842688 27
1694510643144 -80.30659220428468 28
1694510643510 -77.3934387554252 29
1694510643890 -74.59792706960202 30
1694510644249 -71.91520620576748 31
1694510644646 -69.3406271677265 32
1694510645004 -66.86973444884941 33
1694510645359 -64.49825793219912 34
1694510645725 -62.222105131089364 35
1694510646148 -60.03735375572383 36
1694510646516 -57.94024459217195 37
1694510646879 -55.927174680517965 38
1694510647243 -53.99469077957601 39
1694510647601 -52.13948310609641 40
1694510647955 -50.35837933689826 41
1694510648341 -48.64833886285203 42
1694510648693 -47.00644728410335 43
1694510649095 -45.42991113637746 44
1694510649411 -43.91605283863245 45
1694510649774 -42.462305852740585 46
1694510650153 -41.06621004627014 47
1694510650561 -39.72540724981751 48
1694510650927 -38.43763700069964 49
