1694510632821 169.35337134490703 0
1694510633184 162.70867850110014 1
1694510633495 156.4050416017965 2
1694510633835 150.35928462120418 3
1694510634150 144.56069991908646 4
1694510634434 138.9988892352762 5
1694510634785 133.66437221833354 6
1694510635122 128.54751319527458 7
1694510635441 123.63925322904537 8
1694510635757 118.93107750481808 9
1694510636097 114.41459679502948 10
1694510636471 110.08192992351647 11
1694510636842 105.9255011272494 12
1694510637178 101.93788900877298 13
1694510637573 98.11228801052309 14
1694510637948 94.44176137941876 15
1694510638308 90.92018567742561 16
1694510638708 87.54129054229017 17
1694510639101 84.29917947335964 18
1694510639478 81.18792557175482 19
1694510639862 78.2026208662199 20
1694510640237 75.33785038888124 21
1694510640634 72.58864159410876 22
1694510641016 69.95022927022197 23
1694510641371 67.41804683972032 24
1694510641751 64.98771802606997 25
1694510642122 62.65504887155773 26
1694510642492 60.416020091378925 27
1694510642885 58.26677974975421 28
1694510643237 56.20363624447166 29
1694510643599 54.22305158682611 30
1694510643995 52.32163496447992 31
1694510644351 50.49613657529636 32
1694510644729 48.74344172070383 33
1694510645092 47.0605651476322 34
1694510645446 45.44464562852717 35
1694510645846 43.89294076939221 36
1694510646245 42.40282203623288 37
1694510646606 40.97176999068599 38
1694510646984 39.597369726005375 39
1694510647342 38.277306494950224 40
1694510647690 37.00936152147889 41
1694510648050 35.79140798849408 42
1694510648431 34.62140719421285 43
1694510648800 33.49740487004936 44
1694510649183 32.417527653198576 45
1694510649520 31.37997970739761 46
1694510649873 30.383039485616706 47
1694510650251 29.425056628696634 48
1694510650650 28.50444899420143 49
