1694511389266 168.63402375852186 0
1694511389633 168.56715223403108 1
1694511390001 168.50030851184653 2
1694511390359 168.43349258027845 3
1694511390691 168.36670442764205 4
1694511391022 168.29994404225738 5
1694511391369 168.23321141244958 6
1694511391715 168.16653387005772 7
1694511392049 168.09985671631725 8
1694511392382 168.03320728315458 9
1694511392744 167.96658555891452 10
1694511393080 167.8999915319468 11
1694511393419 167.8334251906061 12
1694511393776 167.76688652325194 13
1694511394141 167.70037551824888 14
1694511394480 167.63389216396635 15
1694511394823 167.5674364487787 16
1694511395192 167.50100836106512 17
1694511395538 167.4346078892099 18
1694511395863 167.3682350216021 19
1694511396174 167.30191707276566 20
1694511396512 167.23559937873802 21
1694511396889 167.1693092541508 22
1694511397211 167.1030466874127 23
1694511397510 167.03681166693733 24
1694511397814 166.97060418114333 25
1694511398186 166.90442421845404 26
1694511398564 166.8382717672979 27
1694511398907 166.772146816108 28
1694511399297 166.70604935332256 29
1694511399580 166.63997936738463 30
1694511399841 166.57396415821907 31
1694511400167 166.5079490912058 32
1694511400446 166.44196146639464 33
1694511400743 166.37600127224812 34
1694511401011 166.31006849723366 35
1694511401316 166.2441631298236 36
1694511401632 166.17828515849507 37
1694511401956 166.11243457173026 38
1694511402240 166.04661135801604 39
1694511402550 165.98081550584425 40
1694511402827 165.91504700371152 41
1694511403151 165.8493331368682 42
1694511403477 165.7836193001873 43
1694511403773 165.717932779061 44
1694511404074 165.65227356200538 45
1694511404338 165.5866416375415 46
1694511404633 165.52103699419516 47
1694511404915 165.4554596204971 48
1694511405211 165.38990950498288 49
