1694511389416 -247.6806090904907 0
1694511389788 -247.58199523386475 1
1694511390115 -247.48342237664266 2
1694511390486 -247.38489050158591 3
1694511390820 -247.2863995914631 4
1694511391137 -247.18794962905014 5
1694511391504 -247.0895405971303 6
1694511391837 -246.99121280132084 7
1694511392178 -246.89288557864631 8
1694511392531 -246.7945992348527 9
1694511392858 -246.69635375275234 10
1694511393196 -246.59814911516492 11
1694511393549 -246.49998530491723 12
1694511393906 -246.40186230484346 13
1694511394261 -246.30378009778502 14
1694511394602 -246.2057386665906 15
1694511394966 -246.10773799411612 16
1694511395319 -246.00977806322473 17
1694511395649 -245.91185885678686 18
1694511395979 -245.8139803576803 19
1694511396309 -245.71618284598776 20
1694511396647 -245.61838571005578 21
1694511397008 -245.52062923012593 22
1694511397316 -245.4229133891049 23
1694511397613 -245.3252381699064 24
1694511397973 -245.22760355545174 25
1694511398335 -245.1300095286691 26
1694511398690 -245.03245607249409 27
1694511399076 -244.93494316986937 28
1694511399401 -244.83747080374496 29
1694511399671 -244.74003895707818 30
1694511399930 -244.64268788842293 31
1694511400264 -244.54533702939628 32
1694511400546 -244.44802663873654 33
1694511400846 -244.3507566994295 34
1694511401095 -244.25352719446855 35
1694511401428 -244.15633810685392 36
1694511401764 -244.05918941959328 37
1694511402037 -243.9620811157015 38
1694511402369 -243.8650131782004 39
1694511402650 -243.76798559011925 40
1694511402946 -243.6709983344943 41
1694511403257 -243.5740916482393 42
1694511403580 -243.47718500646405 43
1694511403888 -243.38031864629158 44
1694511404180 -243.2834925507868 45
1694511404450 -243.18670670302203 46
1694511404742 -243.08996108607647 47
1694511405029 -242.99325568303667 48
1694511405294 -242.89659047699635 49
