1694511389097 169.35337134490703 0
1694511389512 169.28623340373125 1
1694511389871 169.21982850957497 2
1694511390209 169.1534510881057 3
1694511390565 169.08710112778945 4
1694511390912 169.02077861709725 5
1694511391225 168.95448354450494 6
1694511391586 168.8882158984932 7
1694511391924 168.82197229461408 8
1694511392262 168.75575947615494 9
1694511392615 168.68957404974108 10
1694511392947 168.62341600387276 11
1694511393288 168.55728532705504 12
1694511393650 168.49118200779787 13
1694511393999 168.42510603461605 14
1694511394349 168.35905739602921 15
1694511394703 168.29303608056193 16
1694511395064 168.22704207674354 17
1694511395411 168.16107537310828 18
1694511395735 168.09513595819521 19
1694511396068 168.02922382054828 20
1694511396401 167.96333563040082 21
1694511396729 167.89747802182416 22
1694511397088 167.83164765616786 23
1694511397397 167.76584452199518 24
1694511397702 167.70006860787427 25
1694511398061 167.63431990237817 26
1694511398423 167.5685983940847 27
1694511398767 167.50290407157647 28
1694511399160 167.43723692344093 29
1694511399482 167.37159693827053 30
1694511399751 167.30598410466226 31
1694511400018 167.24039513901775 32
1694511400340 167.17483658319526 33
1694511400626 167.10930514474867 34
1694511400924 167.04380081229448 35
1694511401184 166.97832357445387 36
1694511401512 166.91287341985287 37
1694511401848 166.8474503371225 38
1694511402117 166.7820543148983 39
1694511402447 166.71668534182075 40
1694511402722 166.65134340653526 41
1694511403033 166.5860284976919 42
1694511403333 166.52073737766136 43
1694511403664 166.45547649648628 44
1694511403959 166.39024260772587 45
1694511404248 166.32503570004934 46
1694511404528 166.25985576213085 47
1694511404822 166.19470278264922 48
1694511405112 166.1295767502882 49
