1694512383229 119.8229356603295 0
1694512383524 85.67454934081103 1
1694512383849 61.77145604544748 2
1694512384147 45.02258758185413 3
1694512384433 33.25436123689704 4
1694512384735 24.96687844142898 5
1694512385054 19.11225701606077 6
1694512385418 14.964570127679009 7
1694512385744 12.00944023422991 8
1694512386076 9.893533200093591 9
1694512386387 8.365268366466305 10
1694512386704 7.255615714973947 11
1694512387022 6.443968437324872 12
1694512387388 5.841219885522662 13
1694512387704 5.385954226668872 14
1694512388006 5.039077286601132 15
1694512388324 4.770301363087344 16
1694512388633 4.558097427112666 17
1694512388957 4.387256566807606 18
1694512389272 4.24744674140581 19
1694512389597 4.130130220471833 20
1694512389915 4.030001891063146 21
1694512390228 3.942823498476061 22
1694512390527 3.865670870895223 23
1694512390798 3.796857838682248 24
1694512391065 3.734555409461244 25
1694512391349 3.6776014169883626 26
1694512391669 3.62481253829521 27
1694512391975 3.5760959963805488 28
1694512392280 3.5301952895454574 29
1694512392583 3.487226501554196 30
1694512392872 3.4466906135769864 31
1694512393181 3.408110021352113 32
1694512393492 3.371574524631484 33
1694512393792 3.3363391702152696 34
1694512394111 3.3026929913720147 35
1694512394397 3.2704599592845613 36
1694512394705 3.239391752673175 37
1694512395048 3.2092303291683213 38
1694512395352 3.180297791778578 39
1694512395662 3.1522513942925974 40
1694512395969 3.1251463646175646 41
1694512396289 3.098786953247077 42
1694512396570 3.072818540987217 43
1694512396886 3.0474826245211584 44
1694512397211 3.0229985121571112 45
1694512397532 2.9989445972045647 46
1694512397830 2.9755446131468943 47
1694512398150 2.9525137549817413 48
1694512398467 2.9299313552665156 49
