1694512383349 -175.70005114561351 0
1694512383650 -125.3422329537429 1
1694512383986 -90.09290623216877 2
1694512384264 -65.39374577646375 3
1694512384568 -48.039420533241305 4
1694512384869 -35.81806553340361 5
1694512385211 -27.184393694204385 6
1694512385549 -21.0678978724809 7
1694512385875 -16.71003766452686 8
1694512386204 -13.58975957176574 9
1694512386509 -11.336063542889448 10
1694512386817 -9.699685004907415 11
1694512387185 -8.502767948231831 12
1694512387514 -7.61390890514083 13
1694512387815 -6.942539398451806 14
1694512388142 -6.431008173537106 15
1694512388443 -6.034650671779457 16
1694512388750 -5.721718542939616 17
1694512389078 -5.469783564153588 18
1694512389408 -5.263609319105979 19
1694512389727 -5.0906054185170015 20
1694512390049 -4.942948537719201 21
1694512390356 -4.814388622674236 22
1694512390643 -4.700613466320209 23
1694512390893 -4.599136514144823 24
1694512391170 -4.507260594320467 25
1694512391481 -4.423271887755695 26
1694512391789 -4.345425376037423 27
1694512392092 -4.273584243114755 28
1694512392398 -4.205895555630312 29
1694512392696 -4.142530499567555 30
1694512392995 -4.082753183652759 31
1694512393310 -4.025859296169578 32
1694512393615 -3.9719812626896918 33
1694512393923 -3.9200205183366377 34
1694512394233 -3.8704032936400967 35
1694512394525 -3.822870003063935 36
1694512394862 -3.7770544530861185 37
1694512395167 -3.732576114723252 38
1694512395484 -3.6899099856690256 39
1694512395779 -3.648550626186534 40
1694512396104 -3.608579479565166 41
1694512396397 -3.569707878634465 42
1694512396706 -3.531412874850755 43
1694512397029 -3.4940505976648204 44
1694512397345 -3.4579444558553236 45
1694512397647 -3.4224727160006445 46
1694512397968 -3.3879653125806675 47
1694512398283 -3.354002250389918 48
1694512398588 -3.3207005192757464 49
