1694512383108 118.97099362573445 0
1694512383432 80.67681426897211 1
1694512383747 72.43458341623656 2
1694512384065 50.28897747201507 3
1694512384356 35.83167356236923 4
1694512384650 25.286029846992154 5
1694512384957 27.680394806238166 6
1694512385319 15.85998112167539 7
1694512385641 11.488456089211612 8
1694512385968 7.444621737854481 9
1694512386294 9.984493343129872 10
1694512386604 8.458446250415307 11
1694512386915 4.127984672814347 12
1694512387282 5.397202196922196 13
1694512387609 10.121824586366827 14
1694512387909 5.96988703636548 15
1694512388241 5.242039345020887 16
1694512388538 5.270972090238908 17
1694512388856 4.345176063014885 18
1694512389179 3.0459848799798617 19
1694512389507 4.4149312023768434 20
1694512389821 4.682085380980002 21
1694512390136 3.9406693717130974 22
1694512390441 5.048622183724449 23
1694512390719 6.95817304456105 24
1694512390983 3.301247325354791 25
1694512391255 3.8449713551981204 26
1694512391571 8.278595654650115 27
1694512391876 2.4938931314796577 28
1694512392181 5.815489781861067 29
1694512392491 4.035871085461188 30
1694512392783 5.452189511955075 31
1694512393088 2.408142948875916 32
1694512393398 4.48684194413412 33
1694512393698 4.108308084465092 34
1694512394014 3.7089375148868475 35
1694512394315 3.7762729683344447 36
1694512394604 4.1248603438052225 37
1694512394950 3.3804187630424534 38
1694512395255 3.1804724098557102 39
1694512395576 1.8598552586253014 40
1694512395875 2.8330549278461383 41
1694512396194 3.9861845430483673 42
1694512396483 2.8964589071365334 43
1694512396795 5.118216310831209 44
1694512397117 1.6580718348404329 45
1694512397436 3.1682184984472 46
1694512397735 1.6258184709817995 47
1694512398055 2.5764383992052964 48
1694512398377 4.765846321353856 49
