1694511838763 0.36571753184983374 0
1694511839103 0.24300230694248376 1
1694511839456 0.2162321799365868 2
1694511839820 0.23538703751579174 3
1694511840194 0.25665465574539575 4
1694511840544 0.24589244565624405 5
1694511840965 0.23263424077011674 6
1694511841357 0.2814242431534568 7
1694511841742 0.2166862430436238 8
1694511842134 0.26825515269080835 9
1694511842548 0.23768351150770217 10
1694511842923 0.24295902602056343 11
1694511843301 0.26355236114228014 12
1694511843687 0.2184072197213227 13
1694511844076 0.2175704670856155 14
1694511844456 0.2370734452789218 15
1694511844836 0.25396922939646116 16
1694511845243 0.21059325785632094 17
1694511845596 0.22712652554818943 18
1694511846004 0.2529939286928975 19
1694511846426 0.2464785257211516 20
1694511846830 0.24487450167113584 21
1694511847218 2.269070587329608 22
1694511847598 0.23559503006872073 23
1694511847979 0.2542982690430833 24
1694511848347 0.21218154157960048 25
1694511848724 0.7744573030797042 26
1694511849167 0.24119666912594775 27
1694511849648 0.2391003556305709 28
1694511850093 0.24027372544395295 29
1694511850537 0.2527845504085503 30
1694511851011 0.23262458252580603 31
1694511851527 0.215567371219958 32
1694511851892 0.21941758472242806 33
1694511852281 0.2168425062090248 34
1694511852750 0.21203187826810768 35
1694511853163 0.2250914424447414 36
1694511853581 0.23772864279599967 37
1694511854068 0.680365920372841 38
1694511854497 0.256395464021076 39
1694511854976 0.21395663708686813 40
1694511855411 0.2526733361847892 41
1694511855898 0.2553045762824111 42
1694511863364 0.38325439446894266 43
1694511863741 0.22846199206218828 44
1694511864083 0.21457186163618705 45
1694511864441 0.21861330614511484 46
1694511864810 0.2392222070259288 47
1694511865145 0.21231994749656274 48
1694511865474 0.23598557853213203 49
