1694511838886 0.48251343613407893 0
1694511839221 0.6561542231921443 1
1694511839619 0.6940336788705889 2
1694511839967 0.6669297514764985 3
1694511840319 0.6368362893895645 4
1694511840735 0.6520647064973477 5
1694511841127 0.6708249306923681 6
1694511841512 0.6017875767633477 7
1694511841888 0.6933911842221909 8
1694511842290 0.6204217049613737 9
1694511842680 0.6636802642860151 10
1694511843076 0.6562154652536124 11
1694511843438 0.6270761068619772 12
1694511843807 0.690956019840185 13
1694511844218 0.6921400162542144 14
1694511844607 0.6645435017547396 15
1694511844995 0.64063614018369 16
1694511845375 0.7020126958908137 17
1694511845754 0.6786182913511551 18
1694511846156 0.6420161806954761 19
1694511846587 0.6512354092049668 20
1694511846974 0.6535050868159975 21
1694511847362 -2.210711653518888 22
1694511847738 0.666635444143239 23
1694511848109 0.6401705524519647 24
1694511848480 0.6997652906809876 25
1694511848897 -0.0958491560534318 26
1694511849361 0.658709182218963 27
1694511849825 0.6616754443558128 28
1694511850266 0.6600151380811867 29
1694511850710 0.642312448824507 30
1694511851209 0.6708385970092003 31
1694511851652 0.6949743763992422 32
1694511852035 0.6895263637063165 33
1694511852421 0.6931700734427508 34
1694511852903 0.6999770627347074 35
1694511853324 0.6814979131102163 36
1694511853763 0.6636164039750649 37
1694511854220 0.03728918730157271 38
1694511854664 0.6372030430262368 39
1694511855141 0.6972535487091344 40
1694511855596 0.642469815812674 41
1694511856086 0.6387466380094735 42
1694511863502 0.4576989550457682 43
1694511863867 0.6767286199044742 44
1694511864206 0.6963830122696515 45
1694511864587 0.690664409660142 46
1694511864931 0.6615030258787246 47
1694511865265 0.699569447725291 48
1694511865613 0.6660828220653978 49
