1694511838666 0.0033976531592502146 0
1694511839017 0.04309410286825806 1
1694511839359 0.0034494782818110933 2
1694511839732 0.11843512219454849 3
1694511840104 0.02031440652803336 4
1694511840451 0.38844500888788697 5
1694511840868 0.04831890051090919 6
1694511841270 0.0249312761055818 7
1694511841646 0.09688823775041192 8
1694511842031 0.0006011794204388547 9
1694511842455 0.06366113234379893 10
1694511842818 0.16422092686925832 11
1694511843208 0.000985388683464345 12
1694511843581 0.11367486848766285 13
1694511843980 0.029275192193298882 14
1694511844356 1.4332037844018388e-05 15
1694511844738 0.3550776001642073 16
1694511845126 0.11330869567956814 17
1694511845502 0.12452393474211368 18
1694511845884 0.020214601704238336 19
1694511846312 0.057835206140795015 20
1694511846727 0.6607716813560635 21
1694511847108 0.16158983503908775 22
1694511847493 0.00038254970053975006 23
1694511847872 0.04034991698497237 24
1694511848249 0.002042800678294104 25
1694511848626 0.28654644211300084 26
1694511849059 0.2625462111901197 27
1694511849531 0.012284738548113985 28
1694511849984 0.3573388477147946 29
1694511850415 0.11347830467133277 30
1694511850889 1.5978539761589174 31
1694511851407 0.05456075324075475 32
1694511851785 0.09641414599279996 33
1694511852190 0.03773240912912234 34
1694511852623 0.005563995911989507 35
1694511853052 0.24889917383512003 36
1694511853477 0.024269591691630454 37
1694511853948 0.2052515165727983 38
1694511854373 0.07866955858737754 39
1694511854858 0.44539224768527935 40
1694511855295 0.0016267231832787455 41
1694511855766 0.7311355614141458 42
1694511856238 0.002476104496852038 43
1694511863646 0.002382568854618404 44
1694511863997 0.06808794842173484 45
1694511864346 0.13624263610873955 46
1694511864713 0.03238898114033795 47
1694511865053 0.7576016532695568 48
1694511865385 0.06347130152536805 49
