1694493949673 -169.84632217520416 0
1694493950040 -121.91138676842954 1
1694493950399 -88.24695463475801 2
1694493950795 -64.54183123343694 3
1694493951248 -47.7982121495889 4
1694493951703 -35.93807879746878 5
1694493952175 -27.504848005321392 6
1694493952601 -21.478234784788945 7
1694493952976 -17.143287947436654 8
1694493953409 -14.001043720592975 9
1694493953819 -11.711382068992346 10
1694493954382 -10.02282762668306 11
1694493954804 -8.75970340720438 12
1694493955184 -7.808477737535556 13
1694493955561 -7.079719614766953 14
1694493956017 -6.5143420452039855 15
1694493956450 -6.070286406375277 16
1694493957019 -5.7120572697644825 17
1694493957456 -5.419498156704384 18
1694493957847 -5.176268299399494 19
1694493958291 -4.973857003236406 20
1694493958746 -4.799838072854964 21
1694493959127 -4.650478076451982 22
1694493959602 -4.518723386770073 23
1694493960029 -4.401994102967268 24
1694493960448 -4.297987135519012 25
1694493960798 -4.203839971392199 26
1694493961215 -4.1184067957156785 27
1694493961610 -4.0393738354669795 28
1694493962058 -3.9668141448773238 29
1694493962541 -3.89937925728014 30
1694493962983 -3.8365290452530347 31
1694493963462 -3.7778989348319065 32
1694493963887 -3.7227351812804965 33
1694493964250 -3.6705078552030495 34
1694493964682 -3.6209755148370384 35
1694493965165 -3.5736886838405537 36
1694493965563 -3.5285581466269704 37
1694493966011 -3.4853743518053983 38
1694493966458 -3.443879003686664 39
1694493966854 -3.4041779777686676 40
1694493967152 -3.3656738732403895 41
1694493967484 -3.3284308653521366 42
1694493967970 -3.2922777850304703 43
1694493968353 -3.257256397461906 44
1694493968744 -3.2230708503998784 45
1694493969106 -3.1899537897779924 46
1694493969492 -3.1575620482719904 47
1694493970028 -3.126100369763586 48
1694493970437 -3.0952778443067075 49
