1694493949429 126.12523023484236 0
1694493949797 86.27251701585286 1
1694493950148 60.15661639097238 2
1694493950531 44.11685285787937 3
1694493950924 36.745650503381526 4
1694493951415 27.14785067539424 5
1694493951826 23.40100408740528 6
1694493952306 11.732945645198612 7
1694493952706 11.860749195742905 8
1694493953105 9.323177825583397 9
1694493953543 7.153377818197797 10
1694493953991 7.242624925923964 11
1694493954497 10.61920498506632 12
1694493954907 6.9951750145771605 13
1694493955297 5.349035237789687 14
1694493955686 4.669488023842648 15
1694493956144 2.6217700798155064 16
1694493956637 5.178542837954705 17
1694493957177 6.106123815632995 18
1694493957557 8.980022375213107 19
1694493958002 2.329956781139647 20
1694493958441 5.667440224025782 21
1694493958849 2.3951745338273627 22
1694493959315 3.915020215315635 23
1694493959722 4.166263887239832 24
1694493960196 2.2631495697713397 25
1694493960550 1.848860024487912 26
1694493960907 2.4250334494098675 27
1694493961325 6.520061975455742 28
1694493961752 5.693565356449868 29
1694493962163 2.2935867103048344 30
1694493962656 3.0106985014712784 31
1694493963078 2.5993668936014935 32
1694493963585 3.876184354599024 33
1694493963982 3.125537440881697 34
1694493964369 1.5082944988304194 35
1694493964843 3.574643384924533 36
1694493965274 3.980907122520786 37
1694493965681 2.8518838640640354 38
1694493966164 2.930824803913654 39
1694493966567 3.0744821435559544 40
1694493966937 2.724093940916431 41
1694493967241 2.9231785912678925 42
1694493967616 4.398049773353346 43
1694493968089 3.653020391374911 44
1694493968466 3.041944337412672 45
1694493968841 1.9510126245646884 46
1694493969237 4.145564225009349 47
1694493969607 1.828142678464677 48
1694493970159 2.456283543528736 49
