1694491460024 121.09216455663415 0
1694491460390 87.93118350988894 1
1694491460768 64.87625856137218 2
1694491461086 48.739525689601145 3
1694491461429 37.362144998107475 4
1694491461768 29.26854454028073 5
1694491462131 23.457410487586007 6
1694491462522 19.238908775565164 7
1694491462872 16.143027993263274 8
1694491463183 13.843921062110192 9
1694491463548 12.113000288538833 10
1694491463890 10.79447926404965 11
1694491464208 9.776885455332192 12
1694491464524 8.978422650586902 13
1694491464853 8.349145527978411 14
1694491465210 7.843198678347522 15
1694491465523 7.4341957829844425 16
1694491465894 7.095573912064666 17
1694491466220 6.815540912089569 18
1694491466536 6.581109691809199 19
1694491466863 6.383242325383727 20
1694491467206 6.2147544864455515 21
1694491467540 6.072294320770266 22
1694491467902 5.9473375580860575 23
1694491468330 5.84016602109612 24
1694491468638 5.745273430804743 25
1694491469050 5.662536401864569 26
1694491469376 5.587523846857099 27
1694491469721 5.520943390762654 28
1694491470063 5.461834903806429 29
1694491470395 5.408890966975309 30
1694491470740 5.360465291498712 31
1694491471059 5.315278336263302 32
1694491471425 5.275304785253198 33
1694491471798 5.237949689170364 34
1694491472130 5.203821378063691 35
1694491472463 5.172007537913484 36
1694491472860 5.143598208302147 37
1694491473229 5.116073045201524 38
1694491473619 5.089890346650105 39
1694491474003 5.066601485676457 40
1694491474353 5.043953740643469 41
1694491474675 5.022654581090059 42
1694491475039 5.002117922632723 43
1694491475415 4.98330623878242 44
1694491475800 4.964027670901858 45
1694491476166 4.947705039220994 46
1694491476519 4.930595334374968 47
1694491476824 4.91472277711551 48
1694491477173 4.900572095053486 49
