1694491460145 -170.34417327641103 0
1694491460543 -123.4217245507391 1
1694491460885 -90.79924175247547 2
1694491461227 -67.96592992408917 3
1694491461562 -51.86705271124326 4
1694491461912 -40.414690914313695 5
1694491462264 -32.191995715965895 6
1694491462651 -26.222858976542277 7
1694491462998 -21.842219360857214 8
1694491463309 -18.58900658829794 9
1694491463681 -16.13977141242626 10
1694491464001 -14.2740776599374 11
1694491464319 -12.83419283729604 12
1694491464632 -11.70437614212036 13
1694491464971 -10.813955455283251 14
1694491465332 -10.098045842227615 15
1694491465681 -9.519310932085109 16
1694491466032 -9.04016445106796 17
1694491466348 -8.643920622687096 18
1694491466648 -8.312202845767406 19
1694491466985 -8.032222547763096 20
1694491467328 -7.793813980407043 21
1694491467690 -7.592234304283272 22
1694491468051 -7.4154217642166635 23
1694491468439 -7.263775136447327 24
1694491468807 -7.129503092561871 25
1694491469197 -7.012431043556832 26
1694491469504 -6.906289046094271 27
1694491469850 -6.812078382277674 28
1694491470177 -6.728440478304151 29
1694491470531 -6.65352534965366 30
1694491470856 -6.585003514568213 31
1694491471190 -6.521064435470586 32
1694491471554 -6.464502269984268 33
1694491471926 -6.411645191415981 34
1694491472254 -6.363353980557675 35
1694491472597 -6.318337722410472 36
1694491473022 -6.278138811825181 37
1694491473370 -6.239190987801695 38
1694491473772 -6.20214273737307 39
1694491474136 -6.169189237493954 40
1694491474462 -6.137142910108029 41
1694491474821 -6.107004817370785 42
1694491475177 -6.077945655879073 43
1694491475554 -6.051327315798449 44
1694491475934 -6.0240483395943105 45
1694491476307 -6.000951982854027 46
1694491476642 -5.9767419256419885 47
1694491476940 -5.9542824196007675 48
1694491477315 -5.934259349337778 49
