1694491459885 118.77258393336271 0
1694491460259 88.4436002169681 1
1694491460655 60.53272199720894 2
1694491460991 52.352437971952035 3
1694491461331 40.132022814572856 4
1694491461652 30.99432965748879 5
1694491462021 27.888618876632428 6
1694491462379 21.051894804248185 7
1694491462763 17.839885847052415 8
1694491463086 12.947768743609235 9
1694491463437 13.453023425868583 10
1694491463793 12.797292231417 11
1694491464099 11.820613695285333 12
1694491464423 9.701748408279125 13
1694491464742 4.913910206449765 14
1694491465095 7.20079658826943 15
1694491465418 6.008064722660682 16
1694491465774 9.718735352307311 17
1694491466121 5.25117399416978 18
1694491466436 7.3902238663697535 19
1694491466746 8.018470274854902 20
1694491467092 7.012270675604208 21
1694491467439 4.049487901196658 22
1694491467784 7.366356782499789 23
1694491468210 5.055416302982259 24
1694491468529 5.102348812980982 25
1694491468930 4.2719733859558255 26
1694491469291 6.871809442482283 27
1694491469599 7.200707572301958 28
1694491469946 4.4813432680234975 29
1694491470273 5.526795339235765 30
1694491470629 4.633788941885337 31
1694491470964 5.418207231128752 32
1694491471292 5.171659903076311 33
1694491471678 4.281323840502114 34
1694491472027 3.8010553616159557 35
1694491472351 4.016313460424064 36
1694491472732 2.8930124094624667 37
1694491473124 4.526919165784186 38
1694491473489 4.230009733582316 39
1694491473889 4.6986042228097045 40
1694491474245 5.113880585850561 41
1694491474570 3.2020143012251543 42
1694491474921 5.343819549061543 43
1694491475294 3.9988298441655097 44
1694491475662 8.02022879735418 45
1694491476048 5.697233091317437 46
1694491476421 6.7874706571800365 47
1694491476739 3.6614043769477833 48
1694491477062 5.81393341526328 49
