1694512518402 10.138144054548283 0
1694512518735 4.321098530734349 1
1694512519022 3.4996242603084258 2
1694512519338 3.1392099680349372 3
1694512519649 2.8931878028913545 4
1694512519941 2.6924894139983166 5
1694512520277 2.517089275267601 6
1694512520580 2.367358604603305 7
1694512520908 2.2234086124890777 8
1694512521215 2.0878284407136434 9
1694512521508 1.964801797867398 10
1694512521789 1.851535155732846 11
1694512522095 1.7479806599764711 12
1694512522409 1.6505016556985972 13
1694512522682 1.559041730401083 14
1694512522960 1.4747540995219253 15
1694512523252 1.3957935997089617 16
1694512523550 1.320348553730423 17
1694512523834 1.251307925867172 18
1694512524134 1.1902607606532876 19
1694512524395 1.1303754272826019 20
1694512524650 1.0762272271844406 21
1694512524938 1.0181530765074387 22
1694512525238 0.9733087620140655 23
1694512525500 0.9273099428718494 24
1694512525817 0.8836507304602298 25
1694512526087 0.8395983180778688 26
1694512526412 0.8005976406074331 27
1694512526678 0.7650782818771474 28
1694512526976 0.7341683850271717 29
1694512527273 0.7044753132784336 30
1694512527532 0.6726521823412924 31
1694512527808 0.6474900548912956 32
1694512528115 0.6197947190938666 33
1694512528386 0.5939931336172296 34
1694512528661 0.5723054871441177 35
1694512528928 0.552142428959091 36
1694512529254 0.5324837519520672 37
1694512529517 0.511379379763605 38
1694512529825 0.4933371092691251 39
1694512530134 0.476547884646364 40
1694512530432 0.46255957825048005 41
1694512530721 0.44576615788995794 42
1694512530991 0.4350776208478567 43
1694512531274 0.4235266734829876 44
1694512531543 0.4085658349331074 45
1694512531870 0.39635632972850476 46
1694512532166 0.3856386513996141 47
1694512532448 0.37811168853738925 48
1694512532736 0.3694065257039303 49
