1694512518318 13.077517974168511 0
1694512518634 3.625655441718391 1
1694512518934 3.383810351675197 2
1694512519253 3.9983559844569925 3
1694512519557 1.624627106352189 4
1694512519864 2.3693669531114314 5
1694512520180 1.6894420030368167 6
1694512520500 2.721372736364173 7
1694512520816 2.135104072661598 8
1694512521125 1.933747862740315 9
1694512521432 1.5725224666475146 10
1694512521699 3.011227744050787 11
1694512522013 0.821540250225079 12
1694512522307 1.2304867030033346 13
1694512522606 0.6067119035522042 14
1694512522870 0.8974726875939076 15
1694512523173 2.06874348490705 16
1694512523443 1.0708955815266705 17
1694512523749 1.2006422697962718 18
1694512524040 1.4461733489950226 19
1694512524321 0.7029278160859204 20
1694512524577 0.9133199556695613 21
1694512524851 0.6261278569746855 22
1694512525141 0.9366569193986747 23
1694512525428 0.6240381562736019 24
1694512525721 0.9953054297566016 25
1694512526001 0.6291311473531411 26
1694512526307 0.6754801721540896 27
1694512526587 0.6587909117750653 28
1694512526890 0.6937596518874136 29
1694512527183 0.9679356509560612 30
1694512527455 0.8458857369618855 31
1694512527724 0.8148265754230946 32
1694512528010 0.7475059800372315 33
1694512528308 0.6526378378035993 34
1694512528576 0.5675315121754991 35
1694512528847 0.5602840169734872 36
1694512529148 0.5251918582379066 37
1694512529430 0.434254528056255 38
1694512529709 0.4791875114608208 39
1694512530052 0.4722885648532219 40
1694512530342 0.35196727435613273 41
1694512530641 0.4954297132179948 42
1694512530906 0.3443399296465991 43
1694512531191 0.27748970267559236 44
1694512531447 0.2857232169768954 45
1694512531759 0.3063707227658654 46
1694512532068 0.335062435115896 47
1694512532364 0.28580987924705714 48
1694512532653 0.2785141655634152 49
