1694494419930 169.58737247084122 0
1694494420382 169.52683571223173 1
1694494420783 169.46632163743868 2
1694494421193 169.40583037907257 3
1694494421642 169.3453619284092 4
1694494422099 169.28491627673077 5
1694494422491 169.22449341532274 6
1694494422917 169.164093335474 7
1694494423300 169.10371602847673 8
1694494423649 169.04336148562646 9
1694494424047 168.9830296982222 10
1694494424434 168.9227206575661 11
1694494424890 168.86243435496374 12
1694494425276 168.80217078172416 13
1694494425671 168.74192992915957 14
1694494426090 168.68171178858563 15
1694494426517 168.62151635132136 16
1694494426944 168.561343608689 17
1694494427416 168.50119355201417 18
1694494427779 168.44106617262594 19
1694494428174 168.38096146185654 20
1694494428564 168.32087941104172 21
1694494428993 168.26082001152037 22
1694494429456 168.20078325463493 23
1694494429821 168.140769131731 24
1694494430208 168.08077763415744 25
1694494430592 168.02080875326672 26
1694494431038 167.96086248041433 27
1694494431439 167.90093880695935 28
1694494431860 167.84103772426405 29
1694494432286 167.781159223694 30
1694494432675 167.72130329661812 31
1694494433084 167.66146993440864 32
1694494433508 167.60165912844118 33
1694494433885 167.54187087009458 34
1694494434309 167.48210515075107 35
1694494434693 167.42236196179618 36
1694494435188 167.36264129461867 37
1694494435646 167.30294314061072 38
1694494436077 167.24326749116784 39
1694494436499 167.18361433768868 40
1694494436976 167.1239836715754 41
1694494437374 167.06437548423332 42
1694494437848 167.00478976707117 43
1694494438266 166.9452265115009 44
1694494438727 166.88568570893787 45
1694494439130 166.8261673508006 46
1694494439574 166.76667142851105 47
1694494440055 166.70719793349437 48
1694494440473 166.64774685717902 49
