1694494420067 -236.60515148335256 0
1694494420519 -236.52033475737736 1
1694494420939 -236.43554981320025 2
1694494421366 -236.350796836619 3
1694494421788 -236.2660758154103 4
1694494422253 -236.18138673735976 5
1694494422659 -236.09672959025772 6
1694494423053 -236.01210436189922 7
1694494423416 -235.92751104008389 8
1694494423782 -235.84294961261608 9
1694494424187 -235.75842006730505 10
1694494424575 -235.67392239196442 11
1694494425031 -235.58945657441268 12
1694494425389 -235.50502260247305 13
1694494425782 -235.42062046397328 14
1694494426242 -235.33625014674598 15
1694494426652 -235.25191163862831 16
1694494427116 -235.1676049274621 17
1694494427525 -235.0833300010939 18
1694494427910 -234.99908684737508 19
1694494428285 -234.91487545416132 20
1694494428696 -234.83069580931343 21
1694494429138 -234.74654790069647 22
1694494429586 -234.6624317161805 23
1694494429942 -234.57834724364002 24
1694494430340 -234.49429447095423 25
1694494430731 -234.4102733860071 26
1694494431178 -234.32628397668717 27
1694494431565 -234.24232623088767 28
1694494432015 -234.15840013650654 29
1694494432417 -234.07450568144628 30
1694494432804 -233.99064285361405 31
1694494433215 -233.90681164092172 32
1694494433610 -233.82301203128577 33
1694494434033 -233.73924401262738 34
1694494434433 -233.65550757287227 35
1694494434858 -233.571802699951 36
1694494435354 -233.4881293817985 37
1694494435801 -233.40448760635454 38
1694494436220 -233.32087736156356 39
1694494436675 -233.23729863537443 40
1694494437125 -233.15375141574086 41
1694494437577 -233.0702356906211 42
1694494437982 -232.98675144797804 43
1694494438440 -232.90329867577915 44
1694494438862 -232.8198773619967 45
1694494439280 -232.73648749460742 46
1694494439760 -232.65312906159267 47
1694494440195 -232.56980205093853 48
1694494440612 -232.48650645063563 49
