1694494419760 168.87672819721146 0
1694494420221 168.80899981546904 1
1694494420622 168.74807073564287 2
1694494421037 168.68716461404418 3
1694494421480 168.62628158456744 4
1694494421893 168.56542163835675 5
1694494422347 168.5045847665627 6
1694494422763 168.44377096033935 7
1694494423163 168.38298021084412 8
1694494423513 168.32221250923786 9
1694494423886 168.2614678466848 10
1694494424321 168.20074621435262 11
1694494424708 168.14004760341234 12
1694494425152 168.07937200503844 13
1694494425512 168.01871941040875 14
1694494425912 167.9580898107045 15
1694494426352 167.8974831971104 16
1694494426766 167.8368995608145 17
1694494427289 167.77633889300816 18
1694494427642 167.71580118488635 19
1694494428039 167.65528642764718 20
1694494428435 167.5947946124923 21
1694494428839 167.5343257306268 22
1694494429290 167.47387977325897 23
1694494429683 167.41345673160066 24
1694494430056 167.35305659686708 25
1694494430457 167.2926793602767 26
1694494430876 167.2323250130515 27
1694494431305 167.17199354641684 28
1694494431692 167.11168495160138 29
1694494432142 167.05139921983724 30
1694494432523 166.99113634235982 31
1694494432923 166.93089631040806 32
1694494433348 166.87067911522414 33
1694494433747 166.81048474805357 34
1694494434180 166.75031320014546 35
1694494434551 166.690164462752 36
1694494435012 166.63003852712896 37
1694494435485 166.56993538453543 38
1694494435938 166.50985502623385 39
1694494436334 166.44979744349 40
1694494436816 166.38976262757308 41
1694494437233 166.32975056975562 42
1694494437713 166.26976126131353 43
1694494438103 166.20979469352608 44
1694494438569 166.14985085767586 45
1694494438974 166.0899297450489 46
1694494439387 166.03003134693446 47
1694494439888 165.9701556546253 48
1694494440296 165.91030265941748 49
