1694491098092 43.11942633123617 0
1694491098596 16.6863588759057 1
1694491099032 9.801102162091437 2
1694491099355 7.4694764209260285 3
1694491099742 6.44107548990523 4
1694491100119 5.935054677179575 5
1694491100495 5.61800925454201 6
1694491100894 5.424048297273128 7
1694491101253 5.276622225870257 8
1694491101626 5.176019951582776 9
1694491102022 5.1052051704323915 10
1694491102351 5.044984379550014 11
1694491102712 4.978474466111931 12
1694491103103 4.93726777629086 13
1694491103464 4.897505389973993 14
1694491103802 4.867159616630429 15
1694491104130 4.8303583973403645 16
1694491104499 4.810274258109931 17
1694491104884 4.787533012877644 18
1694491105311 4.764403094944728 19
1694491105694 4.75707574469175 20
1694491106093 4.74213037495822 21
1694491106468 4.736501107187504 22
1694491106828 4.720176629300875 23
1694491107216 4.702883076505659 24
1694491107591 4.696655193877415 25
1694491108052 4.686205295409467 26
1694491108484 4.680861205898243 27
1694491108866 4.676655684205469 28
1694491109250 4.6637269102360746 29
1694491109582 4.6518621648690175 30
1694491109908 4.638874456359524 31
1694491110345 4.642528837737867 32
1694491110748 4.651258811209947 33
1694491111158 4.646401045125758 34
1694491111538 4.630482037109993 35
1694491111961 4.629408744014425 36
1694491112432 4.635465152482599 37
1694491112968 4.632738668335469 38
1694491113402 4.631435263090812 39
1694491113849 4.624386527623544 40
1694491114237 4.622687135912358 41
1694491114707 4.620516113022443 42
1694491115314 4.611036922251489 43
1694491115818 4.618767523043904 44
1694491116219 4.622274230688138 45
1694491116664 4.624076153091267 46
1694491117189 4.612245470671497 47
1694491117536 4.606287721483388 48
1694491117887 4.605163973631519 49
