1694491098230 -59.41368337769501 0
1694491098792 -22.378891780971834 1
1694491099132 -12.73210947252551 2
1694491099478 -9.465319738358556 3
1694491099866 -8.024449728754323 4
1694491100252 -7.315475056232161 5
1694491100613 -6.87126966183669 6
1694491101039 -6.5995152147793 7
1694491101392 -6.3929597766124795 8
1694491101781 -6.252008134556955 9
1694491102148 -6.15279109641698 10
1694491102455 -6.068417065900558 11
1694491102838 -5.975231483581817 12
1694491103233 -5.917497693415652 13
1694491103591 -5.861787485240906 14
1694491103927 -5.819270687161399 15
1694491104249 -5.7677093052212935 16
1694491104649 -5.739569857839499 17
1694491105032 -5.707707597462378 18
1694491105433 -5.675300776281204 19
1694491105822 -5.665034586402416 20
1694491106209 -5.644094956359378 21
1694491106587 -5.636207912637232 22
1694491106965 -5.613336044380614 23
1694491107353 -5.589106426504442 24
1694491107750 -5.580380676622569 25
1694491108191 -5.565739552862666 26
1694491108607 -5.558252066150922 27
1694491108992 -5.552359801860727 28
1694491109364 -5.534245579954138 29
1694491109691 -5.517622145206744 30
1694491110061 -5.499425351407427 31
1694491110508 -5.504545425079945 32
1694491110919 -5.516776799616015 33
1694491111296 -5.509970690001322 34
1694491111678 -5.4876669166959084 35
1694491112135 -5.486163149258256 36
1694491112626 -5.494648650451885 37
1694491113143 -5.49082863325746 38
1694491113551 -5.489002460730056 39
1694491113973 -5.479126631922377 40
1694491114385 -5.4767456514337765 41
1694491114911 -5.473703878835285 42
1694491115537 -5.460422792358995 43
1694491115950 -5.471253967732355 44
1694491116366 -5.476167138971913 45
1694491116822 -5.47869177296629 46
1694491117308 -5.462116063067934 47
1694491117688 -5.453768791229732 48
1694491118011 -5.452194332738618 49
