1694491097985 50.129580459105526 0
1694491098390 3.0998446581045034 1
1694491098918 0.1573064600827069 2
1694491099254 0.18890659166067583 3
1694491099604 0.4656617779428163 4
1694491100011 0.8155370770023072 5
1694491100368 0.8523104528190806 6
1694491100746 1.5827707967575344 7
1694491101160 5.845733469323843 8
1694491101519 3.5231475668340537 9
1694491101923 4.616898676519281 10
1694491102266 1.197994269745566 11
1694491102589 0.6275495071144345 12
1694491102963 23.69451086396252 13
1694491103362 0.1815265128728173 14
1694491103709 3.5410787915487605 15
1694491104040 3.7772467501160683 16
1694491104366 0.0875249653449227 17
1694491104778 5.531918466421489 18
1694491105208 0.09720401819342375 19
1694491105576 0.1707410347371739 20
1694491105958 0.0005485392242156522 21
1694491106342 2.437511315132583 22
1694491106708 1.0232145265906318 23
1694491107090 3.4681198570499327e-05 24
1694491107490 0.002503234348212049 25
1694491107921 0.6380469148287449 26
1694491108324 6.823969130788963 27
1694491108728 0.2527382726682965 28
1694491109124 4.419633131333041 29
1694491109478 4.8463474560753745 30
1694491109820 3.6220869038572676 31
1694491110199 1.9116892539192145 32
1694491110637 23.5224832922818 33
1694491111048 0.7069504257945028 34
1694491111437 1.1338082081608312 35
1694491111823 0.23479867982842997 36
1694491112278 0.3725842780490223 37
1694491112810 8.091177868459035 38
1694491113302 0.004969075254742403 39
1694491113693 0.19759900462999186 40
1694491114109 37.98455675330149 41
1694491114566 0.010017892672012849 42
1694491115118 4.8717966333231155 43
1694491115687 6.122115416834422 44
1694491116097 22.51198115250599 45
1694491116515 0.0023392083985754545 46
1694491117015 1.906879922238611 47
1694491117441 15.958397419840615 48
1694491117801 3.0161339395204148 49
