1694492702014 121.18690064263981 0
1694492702418 87.5636510393721 1
1694492702815 63.887885126777 2
1694492703204 47.17116351096028 3
1694492703539 35.329945241188796 4
1694492703896 26.90552792937955 5
1694492704268 20.880598447046395 6
1694492704657 16.557696362864124 7
1694492705023 13.423849982230745 8
1694492705408 11.143521805228795 9
1694492705770 9.465426238601168 10
1694492706271 8.21589584730407 11
1694492706702 7.275929084584599 12
1694492707075 6.558812387175526 13
1694492707410 6.0060050237112605 14
1694492707896 5.571550885733252 15
1694492708323 5.2245550657139495 16
1694492708734 4.94377918185019 17
1694492709214 4.712130220103058 18
1694492709609 4.518683181197964 19
1694492709945 4.353405434843694 20
1694492710346 4.211206096131492 21
1694492710766 4.088280691931435 22
1694492711166 3.9793759729903737 23
1694492711656 3.8813825758101133 24
1694492712043 3.7937491650003996 25
1694492712484 3.7139758240757157 26
1694492712899 3.6414527518630155 27
1694492713336 3.5743781332304274 28
1694492713726 3.5128016959236046 29
1694492714159 3.4551141500669296 30
1694492714596 3.4013929937791376 31
1694492715037 3.350384186489237 32
1694492715370 3.30260106532647 33
1694492715719 3.257576657216924 34
1694492716068 3.2147346378108566 35
1694492716462 3.174110608107395 36
1694492716818 3.1352713958461607 37
1694492717207 3.098218809841684 38
1694492717563 3.062631680653297 39
1694492717901 3.028272589815694 40
1694492718236 2.9949529756560382 41
1694492718595 2.962849755280652 42
1694492719019 2.932186483508654 43
1694492719404 2.9024194539256847 44
1694492719765 2.8732852191719505 45
1694492720177 2.845119105264596 46
1694492720606 2.8178073926608382 47
1694492720936 2.791275826640379 48
1694492721288 2.7655272770904666 49
