1694492702147 -170.47822386833428 0
1694492702552 -122.90166986723816 1
1694492702956 -89.40070346010005 2
1694492703323 -65.74671349599794 3
1694492703668 -48.99151085800552 4
1694492704039 -37.07104659912826 5
1694492704437 -28.545833056378918 6
1694492704796 -22.42897085905101 7
1694492705159 -17.994610310365278 8
1694492705543 -14.767969282699394 9
1694492705915 -12.39348123390294 10
1694492706430 -10.625408521151833 11
1694492706860 -9.295365173961136 12
1694492707210 -8.280652387959194 13
1694492707583 -7.4984356275213475 14
1694492708079 -6.883687469612734 15
1694492708462 -6.392691936340466 16
1694492708898 -5.995396934861744 17
1694492709367 -5.667616025285736 18
1694492709729 -5.393890445473668 19
1694492710101 -5.160024126263426 20
1694492710503 -4.958813517622443 21
1694492710922 -4.7848753290167165 22
1694492711347 -4.630776266528419 23
1694492711799 -4.492116612636892 24
1694492712216 -4.368116233408723 25
1694492712653 -4.255237772607533 26
1694492713070 -4.152618367815749 27
1694492713490 -4.05770846906622 28
1694492713895 -3.970578440610005 29
1694492714305 -3.8889511537467483 30
1694492714775 -3.8129362675211445 31
1694492715160 -3.740759327362344 32
1694492715502 -3.673146700053402 33
1694492715850 -3.6094376234749435 34
1694492716228 -3.548816604571681 35
1694492716601 -3.4913340183929487 36
1694492716964 -3.436376930624518 37
1694492717348 -3.3839479007204325 38
1694492717699 -3.3335924772098293 39
1694492718033 -3.2849747153946556 40
1694492718378 -3.237827802438078 41
1694492718767 -3.192402074234514 42
1694492719184 -3.149013858564576 43
1694492719553 -3.106893816417646 44
1694492719930 -3.0656691724764205 45
1694492720361 -3.025814409622564 46
1694492720725 -2.9871686158671373 47
1694492721062 -2.9496267215410357 48
1694492721416 -2.913192787505336 49
