1694510652187 162.99509864976406 0
1694510652570 156.67912479376636 1
1694510652945 150.62359239001677 2
1694510653281 144.8176221747279 3
1694510653653 139.250738185664 4
1694510654026 133.91288391190184 5
1694510654386 128.79453876283148 6
1694510654733 123.88647849167066 7
1694510655110 119.17985384673452 8
1694510655455 114.66632994185386 9
1694510655839 110.33778531393483 10
1694510656210 106.18643449786148 11
1694510656592 102.20497644681474 12
1694510657023 98.38626177440601 13
1694510657391 94.72344284863807 14
1694510657724 91.21011916201319 15
1694510658052 87.83999866869881 16
1694510658366 84.60706097250605 17
1694510658697 81.50568913753492 18
1694510659033 78.53030689881982 19
1694510659369 75.67575654848982 20
1694510659684 72.93692701977288 21
1694510660012 70.30907824354524 22
1694510660337 67.78755306948499 23
1694510660682 65.36790861996629 24
1694510661028 63.04596883283902 25
1694510661325 60.81763080231416 26
1694510661724 58.679046614584635 27
1694510662016 56.62646813598932 28
1694510662355 54.65634507607468 29
1694510662690 52.76525803406196 30
1694510663040 50.94994779684865 31
1694510663382 49.20724799358747 32
1694510663732 47.53419589949641 33
1694510664073 45.927860438209166 34
1694510664376 44.3855511131155 35
1694510664703 42.904605155120166 36
1694510665071 41.48242304338789 37
1694510665393 40.11669454570032 38
1694510665752 38.80496830368042 39
1694510666067 37.545160382217716 40
1694510666402 36.33507906934137 41
1694510666729 35.17268080747258 42
1694510667048 34.05588821564246 43
1694510667360 32.9830393913432 44
1694510667686 31.952241307872555 45
1694510668036 30.961626385389717 46
1694510668371 30.009808966014923 47
1694510668681 29.095086501824184 48
1694510669011 28.215942854496063 49
