1694395506299 4.887099197752373 0
1694395506920 4.213979974918234 1
1694395507515 4.235686879516647 2
1694395508219 3.7690806161691564 3
1694395508879 4.200701229147742 4
1694395509626 3.8343046546475916 5
1694395510312 4.326993976723583 6
1694395510848 4.9919008768405995 7
1694395511460 5.313916462060485 8
1694395512044 4.281525312796418 9
1694395512416 4.131206349333123 10
1694395512816 4.3521872765606915 11
1694395513230 4.626779394730464 12
1694395513703 5.305095927023143 13
1694395514176 4.266656185917452 14
1694395514625 5.222837166410802 15
1694395515079 4.287371191296259 16
1694395515602 4.904753862318399 17
1694395515993 4.2128952523684395 18
1694395516418 4.301066801675828 19
1694395516859 4.257025480617635 20
1694395517401 4.573810717930059 21
1694395517997 3.9289822184875836 22
1694395518675 4.976044080056355 23
1694395519358 4.7345141586357915 24
1694395520045 3.8922357002577304 25
1694395520651 3.9808298140250424 26
1694395521318 4.420997707889257 27
1694395521965 4.717059394397615 28
1694395522624 3.761116843200087 29
1694395523268 4.519555769362382 30
1694395523865 4.6336578917414935 31
1694395524446 4.3779793926649955 32
1694395525114 4.000464749843905 33
1694395525773 4.54991694220472 34
1694395526354 4.168864218538341 35
1694395526974 4.43994323531659 36
1694395527503 4.244063565532248 37
1694395527975 3.827563857172064 38
1694395528480 4.120420565532258 39
1694395528920 4.279269603258309 40
1694395529399 4.697855942796786 41
1694395529840 4.380927361930881 42
1694395530376 4.103697732358951 43
1694395530829 4.565009820743085 44
1694395531275 4.403670481263263 45
1694395531759 4.269048982338497 46
1694395532223 4.506337424650618 47
1694395532805 3.965189418769631 48
1694395533424 3.9671447050036353 49
1694395534095 4.208332071786943 50
1694395534735 4.109967889635462 51
1694395535372 4.002954857239191 52
1694395536034 4.816684535223668 53
1694395536610 4.470233345082774 54
1694395537254 4.030710581016787 55
1694395537869 4.501631068815518 56
1694395538567 4.005881257804654 57
1694395539209 4.753153338458041 58
1694395539774 4.565385304263953 59
1694395540397 4.247814882498104 60
1694395541138 4.311339461567996 61
1694395541824 4.892466647001884 62
1694395542346 4.282186387842807 63
1694395542863 3.8093224359903433 64
1694395543278 4.515796275886862 65
1694395543772 4.114485510521082 66
1694395544234 3.6865141652490494 67
1694395544604 4.9890690371395605 68
1694395545010 3.775152590694745 69
1694395545440 4.496513292782465 70
1694395545879 3.9176888132945695 71
1694395546334 4.438328166582235 72
1694395546759 4.039347007736987 73
1694395547303 4.254261757243849 74
1694395547852 4.728636369886457 75
1694395548516 4.691480026094595 76
1694395549139 4.4562248326665435 77
1694395549736 4.353892545859676 78
1694395550377 3.898324387741783 79
1694395551097 4.422753356205857 80
1694395551758 3.840151108998193 81
1694395552443 4.661529050602711 82
1694395553065 5.099111452996102 83
1694395553702 4.02298209975591 84
1694395554364 4.420571983419394 85
1694395554933 4.407701544594315 86
1694395555514 3.9083727400522665 87
1694395556155 4.182041030062479 88
1694395556795 4.298108578776339 89
1694395557244 5.119951278453898 90
1694395557737 4.889749545314292 91
1694395558112 4.644725808878086 92
1694395558542 4.5693948965764255 93
1694395559045 4.009248906023788 94
1694395559476 4.481295406492608 95
1694395559887 3.9795377520325634 96
1694395560269 3.705139778777256 97
1694395560706 4.424613546671935 98
1694395561166 4.982125185930239 99
