1694395506070 1.1987623379847308 0
1694395506712 5.302141908686 1
1694395507287 0.8809123826258599 2
1694395508007 0.774457761539007 3
1694395508672 26.037446299791103 4
1694395509400 4.415437874078285 5
1694395510052 2.5258016288258864 6
1694395510654 2.0382617690391576 7
1694395511228 0.7525783514983723 8
1694395511831 13.273781419995078 9
1694395512287 1.873246662414345 10
1694395512670 0.155321100324069 11
1694395513082 0.22265238257864564 12
1694395513542 1.5015405262893375 13
1694395514031 5.108430239795917 14
1694395514469 20.999871648715793 15
1694395514916 0.11867936464341472 16
1694395515471 0.3517938593308292 17
1694395515865 1.4422806696391892 18
1694395516272 2.0631981302850853 19
1694395516723 0.09191037117668197 20
1694395517195 32.56291003415975 21
1694395517784 7.255982433454651 22
1694395518461 11.076600042561598 23
1694395519125 7.260438105077764 24
1694395519819 0.3870547990398795 25
1694395520418 5.89357733534553 26
1694395521094 5.437160163884282 27
1694395521725 4.676242948576251 28
1694395522391 0.07658484071553312 29
1694395523042 7.509845672446128 30
1694395523657 0.19158308486561082 31
1694395524215 0.12287814559597644 32
1694395524899 28.752762432049465 33
1694395525582 0.22650634066522338 34
1694395526138 4.520693731928516 35
1694395526776 0.19466650507442185 36
1694395527347 23.6485819226983 37
1694395527826 6.842222185798421 38
1694395528302 6.1877248421949655 39
1694395528771 6.67229796613271 40
1694395529225 14.383713133202994 41
1694395529705 19.33943833504317 42
1694395530209 4.076220042784798 43
1694395530667 0.07207892769667502 44
1694395531139 0.25443457492057453 45
1694395531603 1.9480766226100377 46
1694395532063 2.9727132018821787 47
1694395532557 9.508365749497816 48
1694395533209 0.08949309293199924 49
1694395533839 0.08621843534485674 50
1694395534565 0.9521418184887945 51
1694395535162 6.621644654218684 52
1694395535787 0.13239080415726945 53
1694395536422 2.233530336685145 54
1694395537060 0.40734119160336413 55
1694395537677 0.5543603437790049 56
1694395538335 0.7994500795275091 57
1694395539000 0.9924201773295402 58
1694395539566 3.2956352058818 59
1694395540178 0.646641585655471 60
1694395540873 0.5735367743984219 61
1694395541595 0.9425517409245223 62
1694395542206 2.2653331218867843 63
1694395542695 2.34827160198127 64
1694395543137 1.866161498310637 65
1694395543597 8.34628717389622 66
1694395544088 16.629821271603678 67
1694395544495 0.27493643379206995 68
1694395544853 3.65987754078667 69
1694395545284 0.1337132210095592 70
1694395545721 4.569601346409312 71
1694395546174 21.008678368192697 72
1694395546629 2.3786835572044867 73
1694395547066 5.008352408601105 74
1694395547648 0.12241438973235719 75
1694395548277 2.3668738893224233 76
1694395548952 27.47506037580338 77
1694395549525 1.0667944376593037 78
1694395550138 0.0006770688651495672 79
1694395550855 0.6116753183563466 80
1694395551528 4.271794146876755 81
1694395552198 1.1773414937192435 82
1694395552834 13.33298767252381 83
1694395553503 4.214488755384117 84
1694395554128 1.3968555355109387 85
1694395554720 0.010793762659770488 86
1694395555298 0.7333513830774779 87
1694395555941 0.41133474047157165 88
1694395556583 1.1006657887454885 89
1694395557098 0.15343918257490255 90
1694395557580 0.0006508262473551186 91
1694395557987 1.3385096925744286 92
1694395558408 4.889485482031639 93
1694395558885 2.8418339799970846 94
1694395559334 0.018188582616985544 95
1694395559742 0.0774253920535398 96
1694395560150 0.8201728445794811 97
1694395560586 0.053579948115750536 98
1694395561026 0.06935300268999274 99
