1694490579242 4.008204526052706 0
1694490579743 4.203283291135359 1
1694490580235 3.9214200545278985 2
1694490580716 4.320699415687698 3
1694490581147 4.287871669003649 4
1694490581645 7.662597374509798 5
1694490582131 4.692757625766763 6
1694490582653 3.9682372928489866 7
1694490583117 4.671912977455993 8
1694490583615 4.4635756256377075 9
1694490584103 4.668290984596182 10
1694490584606 4.603355689362872 11
1694490585105 4.741322880752658 12
1694490585589 4.1783582043673855 13
1694490586108 4.474727812262379 14
1694490586635 4.830492041393832 15
1694490587149 9.133733413857625 16
1694490587658 4.70780785581554 17
1694490588175 4.97541389691705 18
1694490588633 4.215086161850511 19
1694490589106 4.712635940261575 20
1694490589563 4.2291359489195415 21
1694490590021 5.1844706111005205 22
1694490590450 4.401589219404469 23
1694490590907 4.591109250296363 24
1694490591337 4.203147269945844 25
1694490591735 4.254888322697324 26
1694490592170 5.159212051810002 27
1694490592560 4.626300433408557 28
1694490592899 4.718231042521566 29
1694490593297 4.57502667485716 30
1694490593744 7.995373503440281 31
1694490594216 4.395269098731543 32
1694490594659 4.513299811477421 33
1694490595125 5.056090956885857 34
1694490595568 4.289960042277859 35
1694490595958 4.955747796408569 36
1694490596380 4.493786940466866 37
1694490596932 5.062928032259015 38
1694490597364 3.9564148204051066 39
1694490597822 4.986972638953375 40
1694490598264 4.474757448663626 41
1694490598773 4.476072396198356 42
1694490599251 4.795349563913089 43
1694490599704 4.36332243017412 44
1694490600163 3.911506560168809 45
1694490600680 4.4815297482229335 46
1694490601177 4.541894893033753 47
1694490601716 4.1995444005129405 48
1694490602222 4.59122003669061 49
