1694490579399 -4.67156837400545 0
1694490579944 -4.9476028296554455 1
1694490580405 -4.548769235175176 2
1694490580868 -5.113745443955905 3
1694490581351 -5.067294518442265 4
1694490581818 -9.842496846039312 5
1694490582326 -5.640204002609245 6
1694490582819 -4.615015148150493 7
1694490583310 -5.610709038627691 8
1694490583790 -5.315913818469532 9
1694490584289 -5.6055839558079255 10
1694490584763 -5.513701177768993 11
1694490585286 -5.708923341271529 12
1694490585793 -4.912334087026737 13
1694490586303 -5.331694048383045 14
1694490586842 -5.8350967907903675 15
1694490587355 -11.924139282295334 16
1694490587880 -5.661499924065183 17
1694490588326 -6.0401597328496415 18
1694490588791 -4.9643037708962 19
1694490589279 -5.668331614133185 20
1694490589745 -4.984184075776924 21
1694490590178 -6.335972843390718 22
1694490590648 -5.228203688179123 23
1694490591108 -5.496372591851697 24
1694490591490 -4.9474103610646765 25
1694490591879 -5.020623421055912 26
1694490592314 -6.30023224055623 27
1694490592702 -5.546167755717625 28
1694490593021 -5.676248626556287 29
1694490593456 -5.473615912236007 30
1694490593909 -10.313371661982092 31
1694490594392 -5.2192607821234365 32
1694490594826 -5.386273032426465 33
1694490595283 -6.1543169468472625 34
1694490595720 -5.070249545247444 35
1694490596109 -6.012332401944013 36
1694490596562 -5.358662519691853 37
1694490597071 -6.163991338511923 38
1694490597546 -4.5982864706642435 39
1694490597969 -6.056515234508903 40
1694490598452 -5.331735983587432 41
1694490598968 -5.333596620888494 42
1694490599417 -5.785370544894363 43
1694490599850 -5.174056573139733 44
1694490600376 -4.534741742137473 45
1694490600857 -5.341318718138578 46
1694490601420 -5.426734780112458 47
1694490601913 -4.942312337698226 48
1694490602397 -5.4965293534654815 49
