1694490579111 0.020444855927455367 0
1694490579590 5.101826300025077 1
1694490580110 6.531648354959641 2
1694490580586 7.010711843450695 3
1694490581019 0.07936030587783303 4
1694490581529 1.3188879841256282 5
1694490581979 40.07855624907204 6
1694490582494 0.3203432889799949 7
1694490582991 0.12376394985632423 8
1694490583486 5.865406659786142 9
1694490583967 0.9159676621096315 10
1694490584463 25.29950961149421 11
1694490584955 0.3710347192592356 12
1694490585459 0.315231156209982 13
1694490585986 0.9117622279567641 14
1694490586488 3.0512562642823906 15
1694490587007 0.011362690164545204 16
1694490587532 2.143582212323531 17
1694490588054 0.00031630156663460074 18
1694490588483 1.1536252591333018 19
1694490588975 1.6503589613176977 20
1694490589439 0.010272913605775653 21
1694490589893 14.641582309287774 22
1694490590330 0.42512825814682753 23
1694490590799 0.12724136785069917 24
1694490591234 0.40801750478050813 25
1694490591629 0.8711520796246908 26
1694490592061 3.5971676105276322 27
1694490592466 3.6497167396723285 28
1694490592821 3.054982725221373 29
1694490593162 4.663257877716615 30
1694490593615 44.00839895747675 31
1694490594069 0.014904311274997289 32
1694490594539 0.004855480948849269 33
1694490594987 8.169382371350844 34
1694490595469 9.775201401517121 35
1694490595855 0.28640007058616773 36
1694490596262 0.5968557840385831 37
1694490596771 0.9528099011158766 38
1694490597221 5.418240433525799 39
1694490597699 0.22384685965413678 40
1694490598127 1.7591981070456857 41
1694490598649 2.1777944221993657 42
1694490599115 1.91058001502568 43
1694490599564 8.090679311434224 44
1694490600019 10.56619851012988 45
1694490600560 4.399508640677437 46
1694490601025 5.073497284296068 47
1694490601588 2.7475114492786665 48
1694490602075 6.119909665717486 49
