1694512451648 163.96956246915644 0
1694512452000 158.48570840308582 1
1694512452270 153.19556171018758 2
1694512452573 148.0920715390745 3
1694512452855 143.16883927407224 4
1694512453139 138.4192692348073 5
1694512453408 133.83742126335034 6
1694512453704 129.4182367422259 7
1694512454011 125.15357735732522 8
1694512454288 121.03882098804674 9
1694512454561 117.07007015132547 10
1694512454852 113.24077753443181 11
1694512455147 109.54582228686886 12
1694512455445 105.98105510134253 13
1694512455730 102.54103115194593 14
1694512456057 99.22199369444128 15
1694512456361 96.01966148164593 16
1694512456651 92.92884428830516 17
1694512456962 89.94682158161726 18
1694512457214 87.06911822759893 19
1694512457504 84.29211826990903 20
1694512457785 81.61174503374838 21
1694512458097 79.02512585255714 22
1694512458374 76.52877072096162 23
1694512458689 74.11968292468364 24
1694512458988 71.79491709892946 25
1694512459278 69.55077806392791 26
1694512459595 67.38453963479027 27
1694512459893 65.29408101672394 28
1694512460157 63.27595634574082 29
1694512460431 61.32778749513119 30
1694512460748 59.44717821789814 31
1694512461024 57.63168179003625 32
1694512461319 55.87931884912359 33
1694512461605 54.18729362229851 34
1694512461929 52.55400210207835 35
1694512462211 50.97665530788841 36
1694512462482 49.454059624478155 37
1694512462770 47.98359818498402 38
1694512463060 46.563915793933155 39
1694512463328 45.19301221087583 40
1694512463611 43.8689617955861 41
1694512463960 42.590575638545715 42
1694512464227 41.35580054277627 43
1694512464482 40.16331138271074 44
1694512464723 39.01150872621913 45
1694512465033 37.899516601655215 46
1694512465286 36.82555209640153 47
1694512465574 35.787594388342 48
1694512465851 34.78518972258017 49
