1694512451816 -228.73416099032804 0
1694512452108 -221.05085322338124 1
1694512452393 -213.63894461237092 2
1694512452692 -206.4885563639203 3
1694512452962 -199.59072351781776 4
1694512453257 -192.93620501081998 5
1694512453530 -186.51667821781592 6
1694512453833 -180.3250556207078 7
1694512454118 -174.34993480592863 8
1694512454392 -168.58483982158594 9
1694512454680 -163.02430998956098 10
1694512454993 -157.6591720134564 11
1694512455270 -152.4822511818517 12
1694512455559 -147.4877339912189 13
1694512455867 -142.6679918152896 14
1694512456185 -138.01776116203206 15
1694512456486 -133.53104366983146 16
1694512456787 -129.20056742781435 17
1694512457062 -125.02252075708596 18
1694512457320 -120.99063364548371 19
1694512457611 -117.09983985581269 20
1694512457933 -113.344427648342 21
1694512458192 -109.72037219290199 22
1694512458509 -106.22278371943837 23
1694512458814 -102.8474635972415 24
1694512459119 -99.59028514023922 25
1694512459417 -96.44607111302484 26
1694512459724 -93.41100191768834 27
1694512460000 -90.48210615511773 28
1694512460262 -87.65455590078685 29
1694512460554 -84.9250192134734 30
1694512460851 -82.29013876401785 31
1694512461147 -79.74648650103003 32
1694512461434 -77.29128918319344 33
1694512461744 -74.920629714414 34
1694512462038 -72.63226075495558 35
1694512462311 -70.42227472524854 36
1694512462593 -68.28899927712051 37
1694512462882 -66.22876797575101 38
1694512463179 -64.23968208645883 39
1694512463448 -62.318939116180104 40
1694512463770 -60.46384109258991 41
1694512464050 -58.672722260614215 42
1694512464322 -56.94270593095727 43
1694512464572 -55.27193549922394 44
1694512464853 -53.6581700361045 45
1694512465118 -52.10018223692014 46
1694512465400 -50.595474101870636 47
1694512465694 -49.14121430137045 48
1694512465984 -47.73676708937704 49
