1694512451562 154.24825171358506 0
1694512451902 163.41624121056864 1
1694512452186 158.21538991993216 2
1694512452478 149.53851263593646 3
1694512452772 137.83550795096627 4
1694512453044 140.31451483845086 5
1694512453334 134.72692386123393 6
1694512453617 132.05476782849703 7
1694512453921 121.6554045477879 8
1694512454199 119.18586772568149 9
1694512454477 117.79396743589486 10
1694512454772 108.17066753144097 11
1694512455069 102.51363155406078 12
1694512455357 107.90235076771395 13
1694512455639 103.74018755332249 14
1694512455961 100.7814232219302 15
1694512456260 99.5609403825565 16
1694512456566 81.03160671972294 17
1694512456881 88.51869764486928 18
1694512457141 86.76865565368799 19
1694512457413 88.3848054350422 20
1694512457695 79.0054776362602 21
1694512458016 86.66871456000445 22
1694512458288 76.02631838498208 23
1694512458593 71.41734123454567 24
1694512458900 73.09819777587397 25
1694512459197 58.375920682965955 26
1694512459494 64.29617473066591 27
1694512459807 59.76283100248551 28
1694512460078 59.162141146469125 29
1694512460339 54.46551838473828 30
1694512460659 69.7944926805051 31
1694512460935 57.415581802700245 32
1694512461233 50.55864534616099 33
1694512461519 58.8017102179308 34
1694512461833 48.4314016664138 35
1694512462126 51.01996016286213 36
1694512462400 43.56502828248652 37
1694512462681 46.16617105681201 38
1694512462980 44.94861460352682 39
1694512463250 41.811917050290255 40
1694512463531 46.02394384789178 41
1694512463890 46.87629543607991 42
1694512464152 49.887420028338084 43
1694512464403 38.6155807676748 44
1694512464656 45.06064497896294 45
1694512464942 29.288567692067303 46
1694512465206 28.889146118789522 47
1694512465480 38.200076220116344 48
1694512465772 37.875073937892594 49
