1694508919771 168.02646685215834 0
1694508920103 167.35428546410424 1
1694508920411 166.68504345901613 2
1694508920726 166.01872759626664 3
1694508921071 165.35532469581779 4
1694508921461 164.69482163794135 5
1694508921791 164.03720536294063 6
1694508922103 163.38246287087293 7
1694508922403 162.7305812212741 8
1694508922759 162.08154753288363 9
1694508923090 161.43534898337154 10
1694508923424 160.79197280906632 11
1694508923742 160.1514063046842 12
1694508924092 159.51363682305956 13
1694508924400 158.87865177487674 14
1694508924730 158.24643862840287 15
1694508925083 157.61698490922242 16
1694508925427 156.9902781999723 17
1694508925739 156.3663061400788 18
1694508926100 155.7450564254953 19
1694508926444 155.12651680844166 20
1694508926790 154.51067509714417 21
1694508927139 153.89751915557756 22
1694508927469 153.2870369032073 23
1694508927819 152.67921631473382 24
1694508928170 152.07404541983746 25
1694508928533 151.471512302925 26
1694508928876 150.8716051028768 27
1694508929206 150.27431201279572 28
1694508929533 149.67962127975687 29
1694508929862 149.08752120455864 30
1694508930219 148.4980001414746 31
1694508930542 147.91104649800712 32
1694508930890 147.3266487346416 33
1694508931251 146.7447953646019 34
1694508931577 146.16547495360757 35
1694508931912 145.58867611963095 36
1694508932263 145.01438753265674 37
1694508932658 144.44259791444173 38
1694508932979 143.87329603827612 39
1694508933312 143.30647072874575 40
1694508933684 142.74211086149558 41
1694508934041 142.18020536299406 42
1694508934403 141.62074321029885 43
1694508934762 141.06371343082336 44
1694508935098 140.50910510210463 45
1694508935425 139.95690735157208 46
1694508935775 139.4071093563174 47
1694508936129 138.85970034286566 48
1694508936469 138.31466958694716 49
