1694508919654 169.35337134490706 0
1694508919972 168.68262012654688 1
1694508920316 168.01478873746922 2
1694508920615 167.34986404641964 3
1694508920939 166.687832982231 4
1694508921294 166.02868253354575 5
1694508921660 165.3723997485397 6
1694508921983 164.7189717346466 7
1694508922291 164.068385658285 8
1694508922643 163.42062874458497 9
1694508922960 162.7756882771177 10
1694508923281 162.1335515976247 11
1694508923637 161.49420610574973 12
1694508923967 160.857639258771 13
1694508924297 160.223838571335 14
1694508924597 159.59279161519152 15
1694508924948 158.96448601892993 16
1694508925304 158.33890946771655 17
1694508925620 157.71604970303338 18
1694508925966 157.095894522418 19
1694508926320 156.47843177920478 20
1694508926645 155.8636493822669 21
1694508927012 155.2515352957602 22
1694508927351 154.64207753886762 23
1694508927707 154.0352641855452 24
1694508928040 153.43108336426914 25
1694508928386 152.82952325778402 26
1694508928744 152.23057210285216 27
1694508929075 151.63421819000425 28
1694508929397 151.0404498632911 29
1694508929736 150.44925552003644 30
1694508930082 149.86062361059103 31
1694508930436 149.27454263808784 32
1694508930768 148.69100115819825 33
1694508931100 148.1099877788896 34
1694508931461 147.53149116018366 35
1694508931785 146.9555000139165 36
1694508932124 146.3820031034991 37
1694508932505 145.8109892436794 38
1694508932852 145.2424473003052 39
1694508933184 144.67636619008834 40
1694508933558 144.11273488037006 41
1694508933909 143.55154238888701 42
1694508934274 142.992777783539 43
1694508934620 142.43643018215704 44
1694508934968 141.88248875227336 45
1694508935314 141.33094271089178 46
1694508935652 140.78178132425924 47
1694508935984 140.2349939076389 48
1694508936328 139.6905698250837 49
