1694493360215 168.7233232919317 0
1694493360685 168.663221875046 1
1694493361028 168.60314286792564 2
1694493361421 168.54308640213898 3
1694493361770 168.48305246911522 4
1694493362126 168.42304106028973 5
1694493362449 168.36305216710133 6
1694493362780 168.30308578099203 7
1694493363207 168.24314189340706 8
1694493363614 168.183220495795 9
1694493364025 168.12332157960768 10
1694493364456 168.06344513630017 11
1694493364858 168.00359115733087 12
1694493365358 167.94375963416135 13
1694493365773 167.88395055825654 14
1694493366199 167.8241639210846 15
1694493366639 167.7643997141169 16
1694493367022 167.70465792882817 17
1694493367394 167.64493855669633 18
1694493367878 167.58524158920258 19
1694493368231 167.5257919777223 20
1694493368655 167.46634211818574 21
1694493369049 167.40691451321263 22
1694493369453 167.34750915382958 23
1694493369847 167.2881260315911 24
1694493370243 167.2287651380548 25
1694493370649 167.1694264647816 26
1694493371121 167.11011000333556 27
1694493371516 167.05081574528404 28
1694493371958 166.9915436821976 29
1694493372393 166.93229380565006 30
1694493372790 166.87306610721836 31
1694493373254 166.81386057848277 32
1694493373608 166.75467721102672 33
1694493373999 166.6955159964368 34
1694493374410 166.63637692630297 35
1694493374924 166.57725999221825 36
1694493375345 166.51816518577897 37
1694493375722 166.4590924985846 38
1694493376121 166.400041922238 39
1694493376532 166.3410134483449 40
1694493376905 166.2820070685146 41
1694493377361 166.22302277435932 42
1694493377771 166.1640605574947 43
1694493378174 166.10512040953947 44
1694493378589 166.0462023221156 45
1694493379060 165.98730628684822 46
1694493379489 165.92843229536572 47
1694493379891 165.8695803392997 48
1694493380357 165.8107504102848 49
