1694493360368 -237.74177530606224 0
1694493360804 -237.65673241640272 1
1694493361186 -237.57172123633177 2
1694493361527 -237.48674195201727 3
1694493361880 -237.40179455133156 4
1694493362241 -237.3168790221559 5
1694493362547 -237.2319953523762 6
1694493362917 -237.14714352988307 7
1694493363360 -237.06232354257148 8
1694493363759 -236.97753537834143 9
1694493364188 -236.89277902509718 10
1694493364592 -236.80805447074786 11
1694493365059 -236.72336170320713 12
1694493365490 -236.6387007103932 13
1694493365912 -236.55407148022908 14
1694493366368 -236.46947400064224 15
1694493366766 -236.38490825956487 16
1694493367143 -236.30037424493366 17
1694493367546 -236.21587194469 18
1694493367988 -236.1314013467799 19
1694493368353 -236.04728075509678 20
1694493368793 -235.96315981241662 21
1694493369186 -235.87907035971588 22
1694493369587 -235.79501238429734 23
1694493369977 -235.71098587421076 24
1694493370384 -235.62699081751023 25
1694493370841 -235.54302720225448 26
1694493371258 -235.45909501650684 27
1694493371660 -235.37519424833513 28
1694493372103 -235.29132488581183 29
1694493372530 -235.20748691701394 30
1694493372932 -235.12368033002295 31
1694493373369 -235.039905112925 32
1694493373732 -234.95616125381073 33
1694493374136 -234.87244874077527 34
1694493374556 -234.78876756191852 35
1694493375067 -234.70511770534463 36
1694493375490 -234.62149915916257 37
1694493375866 -234.5379119114856 38
1694493376247 -234.45435595043185 39
1694493376676 -234.37083126412364 40
1694493377056 -234.28733784068802 41
1694493377533 -234.20387566825653 42
1694493377894 -234.12044473496533 43
1694493378305 -234.037045028955 44
1694493378735 -233.9536765383707 45
1694493379212 -233.87033925136214 46
1694493379646 -233.7870331560835 47
1694493380030 -233.70375824069356 48
1694493380520 -233.62051449335559 49
