1694493360030 168.93595043062606 0
1694493360514 168.86890813689703 1
1694493360910 168.80859603127647 2
1694493361293 168.74830643952507 3
1694493361634 168.68803949348973 4
1694493361979 168.62779518456173 5
1694493362348 168.5675735041386 6
1694493362645 168.50737444362107 7
1694493363037 168.4471979944132 8
1694493363486 168.38704414792238 9
1694493363878 168.32691289555922 10
1694493364313 168.2668042287377 11
1694493364699 168.20671813887495 12
1694493365191 168.14665461739148 13
1694493365632 168.08661365571098 14
1694493366014 168.02659524526058 15
1694493366498 167.96659937747057 16
1694493366884 167.90662604377454 17
1694493367279 167.8466752356093 18
1694493367737 167.78674694441497 19
1694493368090 167.72684116163498 20
1694493368475 167.6671889840124 21
1694493368912 167.6075360447463 22
1694493369327 167.54790546115447 23
1694493369714 167.48829722422332 24
1694493370114 167.4287113254703 25
1694493370520 167.3691477564161 26
1694493370963 167.30960650858475 27
1694493371363 167.25008757350346 28
1694493371785 167.19059094270256 29
1694493372265 167.13111660771582 30
1694493372650 167.0716645600801 31
1694493373109 167.01223479133552 32
1694493373477 166.95282729302542 33
1694493373839 166.89344205669644 34
1694493374247 166.83407907389835 35
1694493374718 166.77473833618427 36
1694493375197 166.71541983511037 37
1694493375590 166.65612356223625 38
1694493375998 166.59684950912458 39
1694493376374 166.53759766734126 40
1694493376784 166.4783680284555 41
1694493377173 166.4191605840397 42
1694493377645 166.35997532566944 43
1694493377992 166.30081224492352 44
1694493378440 166.24167133338395 45
1694493378919 166.18255258263602 46
1694493379311 166.12345598426822 47
1694493379754 166.06438152987218 48
1694493380197 166.00532921104275 49
