1694494491860 162.4147919073396 0
1694494492314 156.0623885563804 1
1694494492793 149.97282588627684 2
1694494493187 144.13507564443725 3
1694494493616 138.53857520564338 4
1694494494059 133.17320797535154 5
1694494494535 128.02928448491264 6
1694494494940 123.09752428993625 7
1694494495321 118.36903863762059 8
1694494495647 113.8353138703301 9
1694494496010 109.48819553409496 10
1694494496394 105.31987316204206 11
1694494496843 101.32286570404416 12
1694494497230 97.49000757509685 13
1694494497664 93.81443529610402 14
1694494498044 90.2895747018735 15
1694494498412 86.90912869219753 16
1694494498793 83.66706550292012 17
1694494499214 80.55760747487749 18
1694494499626 77.5752202995385 19
1694494500054 74.71460272107485 20
1694494500476 71.97067667545264 21
1694494500942 69.33857784796395 22
1694494501399 66.81364663140846 23
1694494501854 64.39141946789186 24
1694494502335 62.06762055793306 25
1694494502727 59.83815392126728 26
1694494503149 57.69909579439522 27
1694494503522 55.64668735056659 28
1694494503884 53.67732772849377 29
1694494504249 51.787567356676064 30
1694494504736 49.97410156077241 31
1694494505172 48.23376444199556 32
1694494505661 46.56352301501223 33
1694494506135 44.960471594324225 34
1694494506583 43.421826418573865 35
1694494506989 41.94492050266731 36
1694494507366 40.5271987080382 37
1694494507832 39.166213021786824 38
1694494508283 37.85961803582346 39
1694494508758 36.60516661752215 40
1694494509146 35.4007057637527 41
1694494509541 34.24417263050418 42
1694494509964 33.13359073064484 43
1694494510341 32.06706629267994 44
1694494510814 31.042784773673304 45
1694494511243 30.059007519788068 46
1694494511690 29.114068568181427 47
1694494512108 28.206371584253713 48
1694494512483 27.3343869285079 49
