1694494491998 -226.55580602509696 0
1694494492461 -217.6555928871905 1
1694494492913 -209.12364006773097 2
1694494493334 -200.94449612366893 3
1694494493766 -193.10336199226475 4
1694494494242 -185.58606353458327 5
1694494494696 -178.37902504842089 6
1694494495059 -171.46924390649997 7
1694494495431 -164.84426627204493 8
1694494495766 -158.49216384589818 9
1694494496133 -152.40151160128718 10
1694494496538 -146.561366464223 11
1694494496972 -140.96124689930093 12
1694494497368 -135.59111336238735 13
1694494497804 -130.44134958331668 14
1694494498175 -125.5027446432947 15
1694494498530 -120.7664758132056 16
1694494498952 -116.22409212046156 17
1694494499340 -111.8674986134112 18
1694494499773 -107.68894129364219 19
1694494500191 -103.68099268777732 20
1694494500621 -99.8365380315718 21
1694494501087 -96.14876204027777 22
1694494501564 -92.61113624035059 23
1694494502044 -89.21740683863224 24
1694494502489 -85.96158310616332 25
1694494502838 -82.83792625474807 26
1694494503286 -79.84093878532714 27
1694494503648 -76.96535428810603 28
1694494503998 -74.20612767523858 29
1694494504417 -71.55842582768393 30
1694494504878 -69.01761863863658 31
1694494505361 -66.57927043667847 32
1694494505827 -64.23913177251949 33
1694494506277 -61.993131553878996 34
1694494506714 -59.83736951371794 35
1694494507116 -57.768108997661685 36
1694494507546 -55.781770057054416 37
1694494507998 -53.87492283466448 38
1694494508445 -52.04428123061112 39
1694494508887 -50.28669683661246 40
1694494509267 -48.59915312716047 41
1694494509687 -46.97875989671357 42
1694494510086 -45.422747932461206 43
1694494510490 -43.92846391265945 44
1694494510974 -42.49336552096159 45
1694494511393 -41.11501676757508 46
1694494511871 -39.79108350846629 47
1694494512237 -38.51932915420734 48
1694494512599 -37.29761056041719 49
