1694494491729 168.26570055809452 0
1694494492137 161.58961215123452 1
1694494492634 155.19820800741238 2
1694494493010 149.07275986904153 3
1694494493476 143.20207476232477 4
1694494493898 137.57543308035866 5
1694494494381 132.18256864218208 6
1694494494825 127.01364945732477 7
1694494495179 122.05925930789911 8
1694494495527 117.31038011343827 9
1694494495880 112.75837504517074 10
1694494496247 108.39497235783998 11
1694494496697 104.21224990853555 12
1694494497090 100.20262033330376 13
1694494497504 96.35881685355032 14
1694494497919 92.67387968543977 15
1694494498274 89.14114302663755 16
1694494498629 85.75422259583344 17
1694494499087 82.5070037015309 18
1694494499451 79.39362981758812 19
1694494499897 76.40849164395593 20
1694494500318 73.54621663197481 21
1694494500771 70.80165895447286 22
1694494501225 68.16988990174688 23
1694494501711 65.64618868531548 24
1694494502195 63.226033632103075 25
1694494502607 60.905093752452274 26
1694494502966 58.67922066606968 27
1694494503384 56.54444087068561 28
1694494503755 54.4969483388571 29
1694494504090 52.53309742896327 30
1694494504546 50.649396097036195 31
1694494505015 48.84249939663888 32
1694494505500 47.10920325454624 33
1694494505982 45.446438510506084 34
1694494506412 43.85126520985623 35
1694494506864 42.32086713825098 36
1694494507232 40.85254658820837 37
1694494507681 39.443719347626526 38
1694494508123 38.091909900837415 39
1694494508576 36.79474683316694 40
1694494509004 35.549958430355225 41
1694494509386 34.35536846455819 42
1694494509817 33.2088921590042 43
1694494510181 32.10853232371644 44
1694494510622 31.052375655034705 45
1694494511086 30.038589191979465 46
1694494511515 29.06541692279651 47
1694494511972 28.131176535304583 48
1694494512349 27.234256304938988 49
