1694493409878 0.38333786281521953 0
1694493410316 0.20996965354666725 1
1694493410702 0.2033792955445046 2
1694493411097 0.19665421631105548 3
1694493411546 0.2116705335408513 4
1694493411921 0.21068181362152982 5
1694493412341 0.2460474174074596 6
1694493412740 0.26407328824457205 7
1694493413123 0.2227340873636171 8
1694493413553 0.20778806350888526 9
1694493413985 0.2196131074683999 10
1694493414429 0.2103146586723345 11
1694493414854 0.23245826195726152 12
1694493415269 0.21065769234476697 13
1694493415708 0.46831442328888323 14
1694493416111 0.20467915674232584 15
1694493416476 0.2010776657481124 16
1694493416902 1.5704152978214347 17
1694493417263 0.20314112204722495 18
1694493417676 2.6147019234392745 19
1694493418067 0.21445986369525283 20
1694493418450 0.20831409567734918 21
1694493418873 0.2166595165287322 22
1694493419335 0.9465905870255458 23
1694493419727 0.20949847041569597 24
1694493420113 17.562309715189095 25
1694493420549 0.22169109247068128 26
1694493420912 0.21027647788340942 27
1694493421268 0.2133190847732254 28
1694493421650 0.22213516946287187 29
1694493422018 0.2223437450283604 30
1694493422406 0.20395581953000097 31
1694493422758 0.3247661781569351 32
1694493423104 0.20061023414959053 33
1694493423534 0.2074318919959607 34
1694493423941 0.20457259067745676 35
1694493424364 0.2162177575834158 36
1694493424782 0.20713105440749988 37
1694493425207 0.21173111659401578 38
1694493425610 0.21215725201244282 39
1694493426033 0.22394988024834983 40
1694493426484 0.22517205070346352 41
1694493426882 0.20553180437276056 42
1694493427319 0.2036946540258576 43
1694493427699 0.23061848057283074 44
1694493428172 0.20541762155730312 45
1694493428560 0.23769106637695905 46
1694493429004 0.20885606594831813 47
1694493429460 0.21740332894955483 48
1694493429841 0.21083861546219143 49
