1694493410005 0.46291372030558675 0
1694493410452 0.7058161193785759 1
1694493410844 0.7150497255640991 2
1694493411274 0.724472086714697 3
1694493411661 0.7034330536892801 4
1694493412051 0.7048183275029031 5
1694493412499 0.6552683549876976 6
1694493412891 0.6300127023499527 7
1694493413250 0.6879321508584724 8
1694493413701 0.7088726973763917 9
1694493414143 0.6923048874011479 10
1694493414574 0.7053327402569329 11
1694493415010 0.6743078229164217 12
1694493415433 0.7048521232952176 13
1694493415850 0.34385492347594226 14
1694493416231 0.7132285185230575 15
1694493416581 0.7182744886373309 16
1694493417018 -1.2002744620316208 17
1694493417391 0.7153834252321578 18
1694493417806 -2.6634015702402754 19
1694493418193 0.6995249843311819 20
1694493418586 0.7081356852318438 21
1694493419045 0.6964430989461159 22
1694493419493 -0.3262473293027297 23
1694493419854 0.7064762837385732 24
1694493420261 -23.606167307607443 25
1694493420694 0.6893934681483254 26
1694493421026 0.7053862345236588 27
1694493421407 0.7011233046815014 28
1694493421778 0.6887712816054101 29
1694493422149 0.688479050951019 30
1694493422519 0.7142419704411096 31
1694493422877 0.5449772242274941 32
1694493423248 0.7189293968074187 33
1694493423681 0.7093717214785373 34
1694493424080 0.7133778259014152 35
1694493424509 0.6970620377243499 36
1694493424936 0.7097932184316222 37
1694493425336 0.7033481721010182 38
1694493425755 0.702751123103958 39
1694493426182 0.6862287300887511 40
1694493426627 0.6845163738449176 41
1694493427050 0.7120338926117078 42
1694493427444 0.7146078837061723 43
1694493427856 0.6768855002999137 44
1694493428295 0.7121938716524128 45
1694493428707 0.6669762553078795 46
1694493429191 0.7073763425611199 47
1694493429618 0.6954009596621008 48
1694493430014 0.7045986358798745 49
