1694493409704 0.0025125760488497705 0
1694493410174 0.007441646407835608 1
1694493410571 0.1223245848963996 2
1694493410980 0.007999952320789953 3
1694493411421 0.21290479779789737 4
1694493411799 0.3179503459533606 5
1694493412202 0.2466244993295063 6
1694493412627 2.498248403784455e-07 7
1694493413019 0.15024935409997378 8
1694493413421 0.1119244857166974 9
1694493413877 0.4510201595687049 10
1694493414302 0.1362638454758638 11
1694493414730 0.030009429898306426 12
1694493415158 0.09083138741805584 13
1694493415567 0.6714156104787071 14
1694493416000 0.0195635885750119 15
1694493416371 0.035016807501084955 16
1694493416730 0.08154354206327401 17
1694493417156 0.06136070898014193 18
1694493417542 8.684280772616525 19
1694493417937 0.28898422113927846 20
1694493418332 0.012687283332532044 21
1694493418747 0.29475070457178554 22
1694493419191 0.01498535691026682 23
1694493419633 0.7233181213452196 24
1694493419985 5.362661634809989 25
1694493420424 0.1844979658905013 26
1694493420810 0.025445178416692648 27
1694493421154 0.2940532206883552 28
1694493421549 8.874406152454811e-05 29
1694493421910 0.03335882951138342 30
1694493422292 0.00027367862052918844 31
1694493422646 0.03846814807296363 32
1694493423005 0.04308229579159473 33
1694493423388 0.20170821065321534 34
1694493423837 0.5569925837419469 35
1694493424229 0.0005473047500991322 36
1694493424641 0.04822348860057495 37
1694493425068 0.03331438126365811 38
1694493425477 0.0037651984994770656 39
1694493425880 0.00012780042554204877 40
1694493426369 0.010029085243265465 41
1694493426765 0.166732719063448 42
1694493427188 0.052394963079970026 43
1694493427577 0.02516259024756861 44
1694493428017 0.4381427012407922 45
1694493428437 0.860111820748131 46
1694493428887 0.0986952496432013 47
1694493429343 0.029788333107603055 48
1694493429740 0.0007022144109537322 49
