1694509010640 168.98455732222033 0
1694509010935 168.91720688398732 1
1694509011217 168.84988597685162 2
1694509011526 168.78259458744952 3
1694509011858 168.71533270242327 4
1694509012173 168.6481003084214 5
1694509012534 168.58089739209862 6
1694509012880 168.5137239401156 7
1694509013261 168.44657993913933 8
1694509013618 168.37946537584278 9
1694509013955 168.31238023690514 10
1694509014314 168.24532450901177 11
1694509014649 168.178298178854 12
1694509015034 168.11130123312935 13
1694509015381 168.04433365854158 14
1694509015761 167.97739544180033 15
1694509016101 167.91048656962153 16
1694509016445 167.84360702872715 17
1694509016801 167.77675680584528 18
1694509017166 167.70993588771012 19
1694509017544 167.6431442610619 20
1694509017923 167.5763819126471 21
1694509018276 167.50964882921812 22
1694509018617 167.44294499753354 23
1694509018978 167.37627040435802 24
1694509019347 167.30962503646234 25
1694509019666 167.24300888062325 26
1694509020061 167.1764219236237 27
1694509020446 167.10986415225267 28
1694509020803 167.0433355533052 29
1694509021137 166.97683611358244 30
1694509021507 166.9103658198915 31
1694509021858 166.84392465904577 32
1694509022240 166.77751261786446 33
1694509022610 166.71112968317297 34
1694509022954 166.6447758418028 35
1694509023292 166.57845108059138 36
1694509023712 166.5121553863823 37
1694509024066 166.44588874602508 38
1694509024425 166.3796511463754 39
1694509024827 166.31344257429495 40
1694509025174 166.24726301665146 41
1694509025534 166.18111246031862 42
1694509025873 166.11499089217634 43
1694509026190 166.04889829911033 44
1694509026517 165.98283466801252 45
1694509026825 165.9167999857807 46
1694509027146 165.8507942393189 47
1694509027475 165.78481741553693 48
1694509027830 165.71886950135078 49
