1694509010751 -238.11141878477412 0
1694509011042 -238.01611860411347 1
1694509011315 -237.92086020965323 2
1694509011648 -237.82564358248382 3
1694509011967 -237.73046870370422 4
1694509012313 -237.63533555442223 5
1694509012659 -237.5402441157544 6
1694509013005 -237.44519436882572 7
1694509013389 -237.3501862947701 8
1694509013722 -237.25521987473002 9
1694509014077 -237.16029508985653 10
1694509014431 -237.06541192130962 11
1694509014800 -236.97057035025762 12
1694509015152 -236.87577035787777 13
1694509015511 -236.78101192535587 14
1694509015876 -236.68629503388627 15
1694509016223 -236.5916196646722 16
1694509016564 -236.4969857989253 17
1694509016928 -236.402393417866 18
1694509017301 -236.3078425027233 19
1694509017694 -236.2133330347348 20
1694509018046 -236.11886499514682 21
1694509018404 -236.02443836521425 22
1694509018749 -235.93005312620056 23
1694509019097 -235.8357092593779 24
1694509019453 -235.741406746027 25
1694509019826 -235.6471455674372 26
1694509020208 -235.55292570490641 27
1694509020572 -235.45874713974126 28
1694509020928 -235.3646098532568 29
1694509021265 -235.27051382677678 30
1694509021659 -235.17645904163345 31
1694509022004 -235.08244547916786 32
1694509022384 -234.98847312072934 33
1694509022726 -234.894541947676 34
1694509023080 -234.8006519413745 35
1694509023455 -234.70680308319993 36
1694509023843 -234.6129953545361 37
1694509024199 -234.5192287367753 38
1694509024583 -234.4255032113184 39
1694509024961 -234.33181875957476 40
1694509025293 -234.2381753629624 41
1694509025684 -234.1445730029078 42
1694509025992 -234.05101166084606 43
1694509026299 -233.95749131822063 44
1694509026614 -233.86401195648375 45
1694509026951 -233.77057355709593 46
1694509027251 -233.67717610152644 47
1694509027592 -233.58381957125286 48
1694509027949 -233.49050394776143 49
