1694509010500 169.17813275916612 0
1694509010827 169.11055058997124 1
1694509011121 169.04299808366466 2
1694509011401 168.9754752268237 3
1694509011737 168.90798200603206 4
1694509012054 168.84051840787936 5
1694509012418 168.77308441896147 6
1694509012765 168.70568002588055 7
1694509013106 168.63830521524477 8
1694509013494 168.57095997366844 9
1694509013823 168.50364428777212 10
1694509014180 168.43635814418244 11
1694509014524 168.36910152953223 12
1694509014889 168.3018744304604 13
1694509015251 168.23467683361207 14
1694509015609 168.16750872563844 15
1694509015983 168.10037009319686 16
1694509016331 168.0332609229508 17
1694509016664 167.9661812015699 18
1694509017023 167.89913091572993 19
1694509017408 167.83211005211265 20
1694509017790 167.76511859740614 21
1694509018141 167.69815653830443 22
1694509018497 167.63122386150772 23
1694509018850 167.56432055372238 24
1694509019204 167.49744660166084 25
1694509019548 167.43060199204155 26
1694509019931 167.36378671158923 27
1694509020316 167.29700074703456 28
1694509020667 167.23024408511438 29
1694509021019 167.16351671257166 30
1694509021362 167.0968186161553 31
1694509021748 167.03014978262055 32
1694509022103 166.96351019872847 33
1694509022485 166.8968998512464 34
1694509022821 166.83031872694767 35
1694509023176 166.7637668126117 36
1694509023560 166.69724409502402 37
1694509023946 166.63075056097617 38
1694509024303 166.56428619726577 39
1694509024692 166.49785099069658 40
1694509025060 166.43144492807832 41
1694509025386 166.36506799622686 42
1694509025778 166.29872018196406 43
1694509026086 166.23240147211786 44
1694509026387 166.16611185352224 45
1694509026709 166.09985131301727 46
1694509027054 166.03361983744898 47
1694509027356 165.96741741366955 48
1694509027680 165.9012440285372 49
