1694397733862 4.175675528789353 0
1694397734212 5.011311763916568 1
1694397734527 5.0175596986452105 2
1694397734890 4.747109772154535 3
1694397735264 5.012746836390455 4
1694397735684 4.694231281954257 5
1694397736043 5.02031620710298 6
1694397736453 4.615695852336817 7
1694397736912 4.59082291479513 8
1694397737284 4.352510119489692 9
1694397737636 4.583658592608285 10
1694397737982 4.587668486688612 11
1694397738375 4.171631783301648 12
1694397738779 4.526808986467188 13
1694397739125 4.326519702486519 14
1694397739525 4.447297893889774 15
1694397739921 4.727908356583834 16
1694397740321 4.506255134917676 17
1694397740756 4.922070338982518 18
1694397741118 4.455501821978596 19
1694397741451 4.659429362288078 20
1694397741746 4.224224179133705 21
1694397742048 3.6777952377254235 22
1694397742333 4.462680858264436 23
1694397742603 4.809891451916731 24
1694397742901 4.517413917764535 25
1694397743198 4.566970881877976 26
1694397743516 4.094839538268119 27
1694397743804 5.020152857156917 28
1694397744104 5.64271713169021 29
1694397744463 4.5555688439110025 30
1694397744889 4.412199629309857 31
1694397745306 4.5353509859340315 32
1694397745688 4.638223087248193 33
1694397746086 5.444874482715691 34
1694397746478 4.927713453204519 35
1694397746833 5.039627576921951 36
1694397747195 4.143512534776552 37
1694397747623 5.10627577736125 38
1694397748042 4.36593297855382 39
1694397748400 4.490890318604338 40
1694397748794 4.942977693779372 41
1694397749140 4.623607195006629 42
1694397749492 5.825372003762358 43
1694397749870 4.799511075107599 44
1694397750300 5.264048109215612 45
1694397750657 4.908682237890765 46
1694397751038 4.521292901135682 47
1694397751468 4.941650738882929 48
1694397751912 4.809229449000934 49
1694397752284 4.833269577292096 50
1694397752620 4.269580096701897 51
1694397752982 4.326088168892077 52
1694397753379 4.789696260892076 53
1694397753717 4.602988724659295 54
1694397754107 4.862055548179185 55
1694397754479 4.848789102268318 56
1694397754848 4.441176440546951 57
1694397755240 3.9609670188663926 58
1694397755645 5.440159274502112 59
1694397756011 4.681989762475425 60
1694397756400 4.604219998311069 61
1694397756775 4.7486877630570605 62
1694397757161 3.669190428228528 63
1694397757520 4.504149998256809 64
1694397757877 3.844148615119544 65
1694397758285 4.356922940248298 66
1694397758608 5.180448271038682 67
1694397758957 4.530747894780521 68
1694397759345 4.373335076845219 69
1694397759727 4.267556197176274 70
1694397760105 4.6061796790496965 71
1694397760453 4.11229819364239 72
1694397760811 5.1795362997128755 73
1694397761142 4.156499419881376 74
1694397761537 4.5263808184323056 75
1694397761928 5.091193908040063 76
1694397762311 4.333847536160319 77
1694397762637 4.2553796790078415 78
1694397763015 4.315279228390345 79
1694397763396 4.550024004455955 80
1694397763780 4.225390530734288 81
1694397764129 5.578424328390172 82
1694397764522 4.163158647850547 83
1694397764911 5.086691169778375 84
1694397765290 4.7757608143339505 85
1694397765656 4.2313774246475475 86
1694397765989 4.236811025946926 87
1694397766337 4.600920691042768 88
1694397766670 4.231530377128603 89
1694397767024 5.100375753157812 90
1694397767404 4.845203415099929 91
1694397767718 4.5609406502775895 92
1694397768049 4.514687379987324 93
1694397768411 4.603794764978963 94
1694397768779 4.576105654117334 95
1694397769162 4.606426852420675 96
1694397769553 4.188272502117906 97
1694397769930 4.292245806307755 98
1694397770262 4.629711967838108 99
