1694397733979 -4.908538128545279 0
1694397734322 -6.0909548471821005 1
1694397734655 -6.099795610865563 2
1694397735029 -5.717111733367131 3
1694397735412 -6.092985460042398 4
1694397735782 -5.64228921102933 5
1694397736184 -6.103696042116051 6
1694397736651 -5.5311623820558955 7
1694397737029 -5.495967430048552 8
1694397737410 -5.158757264202493 9
1694397737754 -5.485829987492418 10
1694397738119 -5.491503946568426 11
1694397738526 -4.9028162700743545 12
1694397738896 -5.405388376749056 13
1694397739257 -5.121981090196329 14
1694397739637 -5.292880994674723 15
1694397740072 -5.6899419268916684 16
1694397740458 -5.376304887207913 17
1694397740861 -5.964679144428581 18
1694397741269 -5.304489468940134 19
1694397741556 -5.59304485095478 20
1694397741851 -4.9772339718097545 21
1694397742166 -4.204042613287813 22
1694397742416 -5.314647731795723 23
1694397742703 -5.805947167560124 24
1694397743015 -5.392094450708298 25
1694397743315 -5.462217047634337 26
1694397743624 -4.794156029442883 27
1694397743920 -6.10346490361452 28
1694397744237 -6.984386979141919 29
1694397744637 -5.446083280629093 30
1694397745038 -5.243217309580798 31
1694397745436 -5.417475218553666 32
1694397745846 -5.563038188853353 33
1694397746234 -6.704441656077687 34
1694397746597 -5.972664093286448 35
1694397746960 -6.13102143272726 36
1694397747367 -4.863027821256652 37
1694397747800 -6.225327954098353 38
1694397748178 -5.177750472373887 39
1694397748538 -5.354563829407914 40
1694397748921 -5.994262837446045 41
1694397749244 -5.542356850948484 42
1694397749609 -7.242841753360391 43
1694397750009 -5.7912590406348965 44
1694397750396 -6.448574188621098 45
1694397750780 -5.945735118432295 46
1694397751182 -5.397583172470897 47
1694397751583 -5.992385209851076 48
1694397752061 -5.805010440210926 49
1694397752378 -5.839026975653907 50
1694397752745 -5.041412130878669 51
1694397753091 -5.121370474577627 52
1694397753488 -5.777371178990192 53
1694397753839 -5.513181926469899 54
1694397754224 -5.879758829788864 55
1694397754607 -5.8609869446281975 56
1694397754989 -5.284219200857457 57
1694397755373 -4.6047277848879595 58
1694397755801 -6.697769684723141 59
1694397756142 -5.624967586278237 60
1694397756542 -5.514924166083111 61
1694397756916 -5.719344574340955 62
1694397757294 -4.19186689593364 63
1694397757650 -5.373326140382214 64
1694397758023 -4.439430939408644 65
1694397758395 -5.16500136040367 66
1694397758731 -6.330281273378276 67
1694397759109 -5.41096189169142 68
1694397759480 -5.188224365683947 69
1694397759884 -5.03854833376775 70
1694397760221 -5.517697094267816 71
1694397760575 -4.818859848080324 72
1694397760916 -6.328990843287738 73
1694397761289 -4.8814041307385185 74
1694397761680 -5.404782523362679 75
1694397762075 -6.203987263395835 76
1694397762403 -5.132349899832704 77
1694397762755 -5.02131868520548 78
1694397763144 -5.106075934414404 79
1694397763511 -5.438237389560467 80
1694397763879 -4.9788843473851125 81
1694397764278 -6.893413320611638 82
1694397764637 -4.890826870147087 83
1694397765040 -6.197615934848246 84
1694397765421 -5.757652664761941 85
1694397765783 -4.9873557409869775 86
1694397766101 -4.995044231204032 87
1694397766458 -5.510255680072133 88
1694397766795 -4.987572167181959 89
1694397767139 -6.216979480246636 90
1694397767507 -5.855913233990147 91
1694397767818 -5.453684331648818 92
1694397768169 -5.388236427664003 93
1694397768532 -5.514322465271122 94
1694397768933 -5.47514265684408 95
1694397769330 -5.5180468420575375 96
1694397769674 -4.92636271685509 97
1694397770057 -5.07348387795131 98
1694397770384 -5.550995042012951 99
