1694397733770 1.9180021043907094 0
1694397734110 11.059945102776993 1
1694397734434 4.726391057721328 2
1694397734779 26.181764769896414 3
1694397735145 17.91144486374131 4
1694397735590 2.092042138017522 5
1694397735908 27.641696269487024 6
1694397736331 11.922910326078739 7
1694397736788 0.0029581914823949146 8
1694397737165 0.16246603031638912 9
1694397737517 0.24660443483561423 10
1694397737868 1.0232908806704177 11
1694397738264 4.4550583096177965 12
1694397738634 3.51112713408269 13
1694397739023 10.22302886451095 14
1694397739393 4.615760092328558 15
1694397739801 0.6172839069235376 16
1694397740218 30.531169426447242 17
1694397740642 0.07071783908473149 18
1694397740986 2.419771907679938 19
1694397741387 0.693980359842683 20
1694397741654 1.7418523883585013 21
1694397741969 3.3726467561290674 22
1694397742265 0.7640222693533978 23
1694397742527 0.5190196946493136 24
1694397742825 4.63817580847539 25
1694397743114 0.4068322448697008 26
1694397743425 20.988438348802596 27
1694397743733 0.47899893164205476 28
1694397744029 0.46243339852417 29
1694397744349 0.8314183075299697 30
1694397744779 19.433166606566687 31
1694397745190 0.49653400322273966 32
1694397745576 11.021017678633461 33
1694397745984 22.7302984142301 34
1694397746375 3.706487542436306 35
1694397746727 1.3443778378427156 36
1694397747085 2.4166493729626493 37
1694397747508 0.07659582739093876 38
1694397747949 0.14637951803147847 39
1694397748297 3.123328881131706 40
1694397748669 0.489092140855897 41
1694397749052 4.515969254756739 42
1694397749375 1.034598115755336 43
1694397749748 1.1517022402267414 44
1694397750164 0.43144496921776876 45
1694397750537 4.417516327736464 46
1694397750917 0.6780609348495376 47
1694397751333 0.011057597737749395 48
1694397751759 0.11559458437912022 49
1694397752177 0.13269589527032866 50
1694397752508 21.646890555497272 51
1694397752867 18.997904163755745 52
1694397753234 1.9871253121422416 53
1694397753615 0.9875110928583724 54
1694397753978 0.17783929431949333 55
1694397754366 0.6840919028544994 56
1694397754736 5.200648573579751 57
1694397755122 8.099921610853615 58
1694397755528 1.4513496789896085 59
1694397755931 0.40275759748644263 60
1694397756276 0.8929217535023685 61
1694397756665 1.5169557964907803 62
1694397757045 0.3132097163124747 63
1694397757410 0.005342888936782514 64
1694397757774 0.047289699591463286 65
1694397758157 0.07430131729130764 66
1694397758515 1.0610495712901962 67
1694397758851 0.4575928180390186 68
1694397759235 1.0084236768360297 69
1694397759611 0.0522677215233762 70
1694397760009 21.34502910865006 71
1694397760355 0.16539624701480996 72
1694397760707 0.732048067106133 73
1694397761041 0.1921915637532466 74
1694397761439 1.5124617276312815 75
1694397761821 11.298631980135042 76
1694397762214 0.998861342454765 77
1694397762535 0.14270359766769783 78
1694397762905 0.04953670413753497 79
1694397763289 3.745054784628959 80
1694397763661 0.33801260058745075 81
1694397764001 2.447389851057901 82
1694397764410 3.3203333766881715 83
1694397764789 0.9650842622439438 84
1694397765183 6.595235640607229 85
1694397765546 0.0718882662354553 86
1694397765893 24.487332010968995 87
1694397766225 0.0004824217765778417 88
1694397766592 1.1306005091414086 89
1694397766916 10.033599128870483 90
1694397767270 0.8848754775002095 91
1694397767625 0.007975971828480515 92
1694397767948 0.1081273851565401 93
1694397768302 5.155918177937613 94
1694397768664 1.6121774027265274 95
1694397769065 0.16243942518873647 96
1694397769460 0.21106782381454534 97
1694397769804 0.021400847471876906 98
1694397770165 22.524561988248294 99
