1694494662355 -238.52820680279044 0
1694494662782 -238.44228359208066 1
1694494663189 -238.356392543712 2
1694494663602 -238.27053384574413 3
1694494664044 -238.18470748584937 4
1694494664419 -238.0989134517091 5
1694494664823 -238.0131517310094 6
1694494665222 -237.92742231144095 7
1694494665633 -237.84172518069926 8
1694494665998 -237.7560603264846 9
1694494666417 -237.67042773650186 10
1694494666828 -237.5848273984605 11
1694494667187 -237.49925930007495 12
1694494667612 -237.41372342906433 13
1694494668020 -237.32821977315217 14
1694494668458 -237.24274832006697 15
1694494668933 -237.15730905754188 16
1694494669393 -237.07190197331465 17
1694494669801 -236.98652705512785 18
1694494670235 -236.90118429072868 19
1694494670696 -236.815873667869 20
1694494671108 -236.73059517430545 21
1694494671586 -236.6453487977993 22
1694494671964 -236.56013452611643 23
1694494672389 -236.47495234702754 24
1694494672860 -236.389802248308 25
1694494673385 -236.30468421773776 26
1694494673846 -236.21959824310147 27
1694494674344 -236.13454431218858 28
1694494674836 -236.0495224127931 29
1694494675300 -235.96453253271375 30
1694494675679 -235.87957465975387 31
1694494676073 -235.7946487817215 32
1694494676457 -235.70975488642944 33
1694494676873 -235.62489296169508 34
1694494677272 -235.5400629953404 35
1694494677649 -235.45526497519216 36
1694494678026 -235.37049888908166 37
1694494678502 -235.28576472484505 38
1694494679035 -235.20106247032297 39
1694494679491 -235.11639211336077 40
1694494680000 -235.03175364180842 41
1694494680554 -234.94714704352063 42
1694494680985 -234.86257230635667 43
1694494681414 -234.77802941818052 44
1694494681792 -234.69351836686073 45
1694494682182 -234.6090391402706 46
1694494682584 -234.52459172628792 47
1694494682951 -234.44017611279534 48
1694494683297 -234.35579228767995 49
