1694494661982 169.46902564775834 0
1694494662467 169.40132607949047 1
1694494662900 169.340422773738 2
1694494663296 169.27954228916306 3
1694494663731 169.21868475891716 4
1694494664128 169.15785017425475 5
1694494664530 169.09703852643662 6
1694494664925 169.03624980672694 7
1694494665350 168.97548400639317 8
1694494665742 168.9147411167061 9
1694494666108 168.85402112893993 10
1694494666544 168.79332403437218 11
1694494666931 168.73264982428367 12
1694494667314 168.67199848995858 13
1694494667745 168.61137002268438 14
1694494668121 168.55076441375195 15
1694494668566 168.49018165445545 16
1694494669065 168.42962173609243 17
1694494669505 168.36908464996367 18
1694494669915 168.3085703873733 19
1694494670356 168.24807893962884 20
1694494670822 168.18761029804116 21
1694494671261 168.12716445392434 22
1694494671692 168.0667413985958 23
1694494672116 168.00634112337644 24
1694494672506 167.9459636195903 25
1694494673014 167.88560887856477 26
1694494673523 167.82527689163064 27
1694494673982 167.76496765012192 28
1694494674505 167.70468114537604 29
1694494674948 167.64441736873363 30
1694494675435 167.58417631153873 31
1694494675817 167.52395796513858 32
1694494676193 167.46376232088392 33
1694494676569 167.40358937012857 34
1694494676999 167.34343910422984 35
1694494677382 167.28331151454822 36
1694494677775 167.22320659244755 37
1694494678191 167.16312432929504 38
1694494678637 167.10306471646115 39
1694494679143 167.04302774531956 40
1694494679641 166.9830134072474 41
1694494680150 166.92302169362497 42
1694494680678 166.86305259583594 43
1694494681094 166.8031061052673 44
1694494681510 166.74318221330924 45
1694494681914 166.68328091135533 46
1694494682304 166.62340219080238 47
1694494682709 166.5635460430505 48
1694494683062 166.50371245950316 49
