1694491396145 13.405359542514736 0
1694491396483 6.45290616096557 1
1694491396869 5.443904027532989 2
1694491397254 5.081813135151866 3
1694491397622 4.8744919453122115 4
1694491398043 4.736404950594393 5
1694491398422 4.67879742108833 6
1694491398761 4.631085300560331 7
1694491399096 4.568129596487841 8
1694491399515 4.550258351391204 9
1694491399895 4.519961503827588 10
1694491400284 4.503107130590556 11
1694491400640 4.498904473546555 12
1694491400986 4.464080824192493 13
1694491401381 4.487905661840681 14
1694491401708 4.480508731046187 15
1694491402108 4.47980561025759 16
1694491402484 4.446100027494646 17
1694491402896 4.436596419514493 18
1694491403289 4.4581047122085495 19
1694491403605 4.45095154458943 20
1694491403927 4.443529096174571 21
1694491404330 4.4286925206301575 22
1694491404748 4.446618946872689 23
1694491405065 4.4144960466511325 24
1694491405473 4.445749502063444 25
1694491405814 4.413480549271624 26
1694491406163 4.425208716444698 27
1694491406490 4.434035985879895 28
1694491406863 4.447647075649734 29
1694491407273 4.442896616011668 30
1694491407643 4.409476517934339 31
1694491408031 4.456870347667244 32
1694491408390 4.3823375321614435 33
1694491408771 4.457497915108745 34
1694491409122 4.412286107883566 35
1694491409520 4.412747054200569 36
1694491409891 4.416924033086252 37
1694491410243 4.463180210897631 38
1694491410599 4.434140448606369 39
1694491411001 4.453276943663896 40
1694491411464 4.425334816882087 41
1694491411782 4.404604997604028 42
1694491412129 4.455226805196469 43
1694491412559 4.419750269203157 44
1694491412933 4.428246174928257 45
1694491413312 4.421677238791906 46
1694491413723 4.412581889976148 47
1694491414082 4.400570975058351 48
1694491414433 4.397755794781584 49
