1694491396254 -17.968446527446236 0
1694491396614 -8.13079616199106 1
1694491397005 -6.703068471928319 2
1694491397431 -6.190713565786191 3
1694491397761 -5.897356204425759 4
1694491398179 -5.701964520440434 5
1694491398549 -5.620450455894199 6
1694491398877 -5.552938293756648 7
1694491399241 -5.463856616946006 8
1694491399643 -5.4385689880749295 9
1694491400063 -5.395699258908917 10
1694491400401 -5.3718504933098785 11
1694491400757 -5.365903776613507 12
1694491401129 -5.316628669253042 13
1694491401511 -5.350340570640057 14
1694491401864 -5.339873989285219 15
1694491402287 -5.338879080566915 16
1694491402620 -5.29118602598769 17
1694491403044 -5.277738517980341 18
1694491403412 -5.308172531970789 19
1694491403730 -5.2980508730138025 20
1694491404069 -5.287548184487361 21
1694491404514 -5.266554581968004 22
1694491404860 -5.291920291595653 23
1694491405210 -5.246466716611213 24
1694491405624 -5.290690036090726 25
1694491405934 -5.24502979821444 26
1694491406277 -5.261625034707865 27
1694491406637 -5.274115530597503 28
1694491406989 -5.293375083290637 29
1694491407389 -5.286653231531295 30
1694491407814 -5.239364134859823 31
1694491408144 -5.306425918780529 32
1694491408575 -5.200962747801933 33
1694491408907 -5.307313920286101 34
1694491409248 -5.24333967587735 35
1694491409673 -5.24399191019739 36
1694491410014 -5.249902292562597 37
1694491410372 -5.315354310660025 38
1694491410731 -5.274263344286121 39
1694491411163 -5.301341288900007 40
1694491411587 -5.261803465535931 41
1694491411912 -5.232470983460204 42
1694491412249 -5.304100323008659 43
1694491412704 -5.253901387736988 44
1694491413058 -5.265923007368874 45
1694491413423 -5.256628029979464 46
1694491413891 -5.243758204510552 47
1694491414230 -5.226762882852718 48
1694491414545 -5.222779431578949 49
