1694491395994 15.613644324234103 0
1694491396378 8.638089451004694 1
1694491396747 7.070665698076747 2
1694491397135 4.4108018472666455 3
1694491397519 3.5939592039396175 4
1694491397913 5.212232199060731 5
1694491398309 6.7354774144644125 6
1694491398657 5.016287727817261 7
1694491398982 4.143340073233217 8
1694491399363 4.1381150036020395 9
1694491399755 2.9512056777680655 10
1694491400166 6.084266160031108 11
1694491400521 2.8003799314096898 12
1694491400878 5.140924607199895 13
1694491401245 2.8351820701740755 14
1694491401603 4.694623545475682 15
1694491401980 2.750353031367073 16
1694491402382 3.3542339646768555 17
1694491402758 4.093296898499862 18
1694491403152 3.490210045984806 19
1694491403506 3.386732165265065 20
1694491403833 6.251379596884047 21
1694491404205 2.9116115587122757 22
1694491404621 5.920093634569223 23
1694491404961 3.275458864097156 24
1694491405337 4.053859018190019 25
1694491405719 6.2502226073700395 26
1694491406045 4.641651018173848 27
1694491406381 3.6314241782130354 28
1694491406749 3.1653430073418316 29
1694491407108 3.6469636521728024 30
1694491407500 5.407982991537498 31
1694491407918 4.099474254738046 32
1694491408243 5.375679221324636 33
1694491408667 4.265992886804639 34
1694491409014 6.080259505717198 35
1694491409387 4.783213500580869 36
1694491409778 5.013177414593898 37
1694491410134 3.4133626747442305 38
1694491410478 7.088729040678677 39
1694491410856 4.068616845926046 40
1694491411335 5.463633052585109 41
1694491411689 3.5400137466598607 42
1694491412014 4.055953010732168 43
1694491412412 7.435674153538954 44
1694491412809 3.2154865572371687 45
1694491413186 5.148162888715949 46
1694491413544 4.174520073855673 47
1694491413995 3.21088168537769 48
1694491414323 6.55863143510523 49
