1694493200094 162.66653017641494 0
1694493200562 156.3704136837415 1
1694493200938 150.33263475007564 2
1694493201389 144.5434316713288 3
1694493201880 138.99239413919378 4
1694493202274 133.66955219730752 5
1694493202772 128.56535657996866 6
1694493203169 123.67066088494677 7
1694493203606 118.97670450365933 8
1694493203980 114.4750962765003 9
1694493204374 110.15779884246298 10
1694493204767 106.01711365351333 11
1694493205206 102.045666625429 12
1694493205626 98.23639439802439 13
1694493206058 94.58253117883497 14
1694493206533 91.07759614543988 15
1694493206946 87.71538138265755 16
1694493207360 84.48987893878555 17
1694493207791 81.39552485069648 18
1694493208261 78.42679276611108 19
1694493208693 75.57840183837833 20
1694493209196 72.84546371918476 21
1694493209608 70.22307290178634 22
1694493210109 67.70673585103401 23
1694493210575 65.29199448252218 24
1694493211061 62.97459873341029 25
1694493211489 60.75058818142605 26
1694493211922 58.61602515607418 27
1694493212395 56.567259016779815 28
1694493212831 54.600693126092416 29
1694493213248 52.712957574769945 30
1694493213641 50.900771907104755 31
1694493214048 49.16102042662894 32
1694493214561 47.49071600409672 33
1694493214989 45.887000772008875 34
1694493215458 44.3470891764251 35
1694493215919 42.868403042374624 36
1694493216406 41.448352798473316 37
1694493216851 40.08460390257868 38
1694493217254 38.77481240475827 39
1694493217724 37.51668140677616 40
1694493218118 36.30821801413347 41
1694493218552 35.14733114201298 42
1694493218991 34.03196444843485 43
1694493219523 32.960432313293914 44
1694493219953 31.930862329619817 45
1694493220346 30.94153700994151 46
1694493220762 29.99066834272597 47
1694493221217 29.076938806082996 48
1694493221584 28.198719075391917 49
