1694493200243 -226.90851099768025 0
1694493200690 -218.08716014353146 1
1694493201102 -209.627760382483 2
1694493201542 -201.51663480483984 3
1694493202000 -193.73919775574885 4
1694493202420 -186.28148054781647 5
1694493202905 -179.130103914117 6
1694493203320 -172.272253030906 7
1694493203741 -165.6956536014655 8
1694493204097 -159.3885489559428 9
1694493204514 -153.33967812395025 10
1694493204945 -147.53825483853188 11
1694493205336 -141.9739474318685 12
1694493205749 -136.63685958477996 13
1694493206221 -131.5175118936998 14
1694493206672 -126.60682422034525 15
1694493207082 -121.8960987907864 16
1694493207498 -117.37691799554231 17
1694493207928 -113.04148628779559 18
1694493208406 -108.88206081646409 19
1694493208904 -104.89124270302162 20
1694493209330 -101.06218298976222 21
1694493209767 -97.38800867867876 22
1694493210247 -93.8624239761386 23
1694493210752 -90.47918275776887 24
1694493211198 -87.2323303536532 25
1694493211612 -84.11631790292874 26
1694493212116 -81.12562842174876 27
1694493212567 -78.25514707759855 28
1694493212970 -75.49983470055754 29
1694493213368 -72.85496978462987 30
1694493213760 -70.31595615520659 31
1694493214206 -67.87842847823927 32
1694493214734 -65.53820155239713 33
1694493215143 -63.29127128215009 34
1694493215618 -61.13373488891088 35
1694493216071 -59.06198014822223 36
1694493216548 -57.07237886836187 37
1694493216990 -55.161660173489615 38
1694493217395 -53.32654000671697 39
1694493217865 -51.56380023425637 40
1694493218255 -49.87064865529479 41
1694493218680 -48.24415549671571 42
1694493219226 -46.68143966283082 43
1694493219641 -45.18013946824694 44
1694493220082 -43.73763152458705 45
1694493220468 -42.351509497789934 46
1694493220919 -41.01926824407649 47
1694493221348 -39.739061812396585 48
1694493221709 -38.50860739172678 49
