1694493199885 168.5159159266016 0
1694493200424 161.85951861704584 1
1694493200796 155.52141685692476 2
1694493201239 149.44737869994486 3
1694493201705 143.62482556416634 4
1694493202125 138.0431957996631 5
1694493202563 132.69237271836522 6
1694493203031 127.56266723784816 7
1694493203476 122.64479974473608 8
1694493203848 117.92988272897696 9
1694493204213 113.40940415617231 10
1694493204627 109.0752115465476 11
1694493205063 104.9194967304905 12
1694493205452 100.9347812518635 13
1694493205877 97.11390239152514 14
1694493206366 93.44999978466751 15
1694493206803 89.9365026067028 16
1694493207211 86.56711730350756 17
1694493207646 83.33573038269546 18
1694493208085 80.2367560438136 19
1694493208539 77.26456218147857 20
1694493209056 74.4137894673488 21
1694493209464 71.67950660911137 22
1694493209921 69.0567305254419 23
1694493210374 66.54091112806718 24
1694493210891 64.12752789026555 25
1694493211338 61.812291605560645 26
1694493211750 59.59116569636094 27
1694493212255 57.46019649548301 28
1694493212710 55.415644612632 29
1694493213104 53.45391956517581 30
1694493213498 51.57155053015915 31
1694493213894 49.76528404351138 32
1694493214374 48.03189176089011 33
1694493214860 46.368433142557805 34
1694493215276 44.77197704173579 35
1694493215757 43.23965129182761 36
1694493216208 41.76895157278176 37
1694493216682 40.35714814072831 38
1694493217105 39.00199715012541 39
1694493217545 37.70107131577949 40
1694493217995 36.4519789897239 41
1694493218387 35.25284131267101 42
1694493218838 34.101478063003384 43
1694493219372 32.995733419287156 44
1694493219814 31.9340570977286 45
1694493220219 30.91448197550871 46
1694493220615 29.93527313209289 47
1694493221060 28.994536925802727 48
1694493221469 28.09111666896907 49
