1694494090904 10.268675150448617 0
1694494091331 4.334759095927209 1
1694494091672 3.4874357026542078 2
1694494092101 3.126329641701003 3
1694494092469 2.873490224646509 4
1694494092808 2.6781651202107186 5
1694494093235 2.508767232560378 6
1694494093621 2.348149740330424 7
1694494093944 2.205557631986226 8
1694494094308 2.080657070686154 9
1694494094744 1.9606877942948622 10
1694494095169 1.8426275807923036 11
1694494095532 1.7403842154644553 12
1694494095874 1.6436745706950033 13
1694494096224 1.5512405208135984 14
1694494096607 1.4732610343345198 15
1694494096951 1.3919167531670817 16
1694494097282 1.317344653549006 17
1694494097653 1.2485153798477577 18
1694494098034 1.185096414826217 19
1694494098358 1.1279339157580468 20
1694494098736 1.0739927939445864 21
1694494099127 1.0224360805112402 22
1694494099536 0.9709577609190293 23
1694494099875 0.9203336262578521 24
1694494100271 0.8794334090535671 25
1694494100609 0.838053398487948 26
1694494100990 0.8032845465866875 27
1694494101325 0.7659037206730042 28
1694494101714 0.7341908512040682 29
1694494102074 0.7023956662306123 30
1694494102432 0.6749989356074685 31
1694494102830 0.6462801568176091 32
1694494103200 0.6222594590330965 33
1694494103612 0.5985978993437564 34
1694494103955 0.5750605154685803 35
1694494104276 0.5529762116063396 36
1694494104588 0.5335739748472422 37
1694494104985 0.5125489401132394 38
1694494105348 0.49655587140908136 39
1694494105808 0.4808138661399123 40
1694494106197 0.46636262340721 41
1694494106584 0.45329340888514597 42
1694494107037 0.43910530891501426 43
1694494107389 0.42316577575224645 44
1694494107785 0.40814997501417455 45
1694494108206 0.39801588583585007 46
1694494108654 0.3867231978506341 47
1694494109101 0.37862230301357275 48
1694494109500 0.370469321717968 49
