1694494091049 -13.530070221634745 0
1694494091469 -5.1336397475715865 1
1694494091845 -3.9346858197951615 2
1694494092251 -3.4237244400422195 3
1694494092590 -3.0659592531243636 4
1694494092964 -2.789576229811353 5
1694494093367 -2.5498799528433826 6
1694494093756 -2.322607845513924 7
1694494094057 -2.120841471864288 8
1694494094481 -1.94410845618092 9
1694494094880 -1.7743531581639198 10
1694494095327 -1.6072991645921761 11
1694494095666 -1.4626258492770075 12
1694494096008 -1.3257826919055233 13
1694494096397 -1.1949894575331004 14
1694494096728 -1.084649282409484 15
1694494097078 -0.9695479572458732 16
1694494097412 -0.8640291996505427 17
1694494097798 -0.76663648194055 18
1694494098167 -0.6768992956292152 19
1694494098512 -0.5960149445970024 20
1694494098902 -0.519688809404276 21
1694494099264 -0.4467365876611924 22
1694494099647 -0.3738952924008294 23
1694494100022 -0.30226266007393554 24
1694494100409 -0.244389271408757 25
1694494100759 -0.18583698004874005 26
1694494101124 -0.13663941052304862 27
1694494101464 -0.08374592450749452 28
1694494101844 -0.03887253884069364 29
1694494102188 0.0061173224223727285 30
1694494102581 0.04488341580493538 31
1694494102979 0.0855201938101311 32
1694494103319 0.11950923528510504 33
1694494103753 0.15299010003176083 34
1694494104098 0.18629525727251162 35
1694494104396 0.21754432116954792 36
1694494104739 0.24499828757086617 37
1694494105119 0.27474849649475286 38
1694494105485 0.29737852499659845 39
1694494105951 0.3196533013079689 40
1694494106381 0.34010166184324964 41
1694494106753 0.35859446660773797 42
1694494107173 0.3786704828276669 43
1694494107554 0.40122475908646693 44
1694494107963 0.4224719634201951 45
1694494108401 0.4368115958689761 46
1694494108789 0.45279063376940387 47
1694494109252 0.46425331703828077 48
1694494109650 0.4757897021128088 49
