1694494090786 9.085471340628622 0
1694494091155 5.3136275994571 1
1694494091556 2.3897327854089054 2
1694494091983 1.8779648957977626 3
1694494092365 2.062686534218576 4
1694494092696 1.4667375441077342 5
1694494093103 2.1271264673837695 6
1694494093501 1.7882279245059012 7
1694494093848 2.8000874261386146 8
1694494094176 1.1315558897027016 9
1694494094589 2.1212748551304967 10
1694494094993 0.9498734973427285 11
1694494095437 2.14294459407623 12
1694494095758 2.3167843344150434 13
1694494096109 1.1061261347621265 14
1694494096504 1.358461605732257 15
1694494096833 1.0504550899223046 16
1694494097183 0.8741628534059487 17
1694494097518 0.9701320750470444 18
1694494097898 1.4123125834733927 19
1694494098260 0.8733968557972566 20
1694494098623 1.421693483874628 21
1694494099011 0.6680699433342557 22
1694494099407 1.5458071817320143 23
1694494099748 0.7850907363253168 24
1694494100151 1.4411966096057205 25
1694494100511 1.0977277449840692 26
1694494100858 1.01308701932485 27
1694494101221 0.8458164872279317 28
1694494101581 0.7391307797176772 29
1694494101950 0.6270312159603904 30
1694494102291 0.6558727855726567 31
1694494102700 0.4661491415054934 32
1694494103092 0.500320329287332 33
1694494103476 0.5126628619565359 34
1694494103857 0.5625608879049908 35
1694494104183 0.4734890544451392 36
1694494104491 0.5487950416451148 37
1694494104870 0.36247278582775727 38
1694494105224 0.8694805551388188 39
1694494105636 0.6862110404246908 40
1694494106057 0.37169731695861025 41
1694494106486 0.39567158222688836 42
1694494106912 0.41919672462262314 43
1694494107283 0.3478076424027604 44
1694494107654 0.2537935386931859 45
1694494108071 0.397990359592497 46
1694494108531 0.3164118899443711 47
1694494108972 0.2970536085354809 48
1694494109387 0.16938064855385582 49
