1694491675871 163.89821332015336 0
1694491676290 158.9140496935806 1
1694491676651 154.09643774702707 2
1694491677077 149.43877761564656 3
1694491677446 144.93617446539312 4
1694491677836 140.58355127271145 5
1694491678195 136.37361227481662 6
1694491678569 132.30274149351308 7
1694491678982 128.36780260254412 8
1694491679361 124.56180456805176 9
1694491679719 120.88257039236099 10
1694491680077 117.32372883510381 11
1694491680434 113.88163711859963 12
1694491680789 110.55281819969099 13
1694491681200 107.33340863177396 14
1694491681573 104.21883531768954 15
1694491681899 101.20696823366522 16
1694491682283 98.29261271288172 17
1694491682644 95.47424182482743 18
1694491683060 92.74679818680416 19
1694491683443 90.10861924977829 20
1694491683771 87.55654998601818 21
1694491684174 85.08702483348343 22
1694491684565 82.69755365847716 23
1694491684919 80.38545875251967 24
1694491685286 78.14853891740101 25
1694491685619 75.98308561820542 26
1694491685995 73.88804477412721 27
1694491686337 71.86002406752216 28
1694491686692 69.89723591684144 29
1694491687049 67.99751596496009 30
1694491687413 66.15902785115264 31
1694491687761 64.37871987087527 32
1694491688120 62.65538609862524 33
1694491688450 60.986920800817124 34
1694491688823 59.371778190547175 35
1694491689157 57.807685441169355 36
1694491689497 56.29343162087065 37
1694491689822 54.827214653255986 38
1694491690271 53.40707532656876 39
1694491690639 52.03209351554352 40
1694491691003 50.70003051378105 41
1694491691413 49.41024496233053 42
1694491691775 48.16102000994666 43
1694491692170 46.950666644965025 44
1694491692510 45.7783234035857 45
1694491692842 44.64249161389925 46
1694491693221 43.542034360769236 47
1694491693602 42.475746578439555 48
1694491693986 41.44253013653449 49
