1694491676013 -240.69682137018452 0
1694491676438 -233.3467930731805 1
1694491676833 -226.24237460217182 2
1694491677195 -219.3738332924608 3
1694491677572 -212.73395084797156 4
1694491677969 -206.3152403020651 5
1694491678359 -200.10694276580116 6
1694491678735 -194.10372584160035 7
1694491679138 -188.30096446326036 8
1694491679505 -182.68834911838726 9
1694491679827 -177.26266943996418 10
1694491680195 -172.01452991040767 11
1694491680576 -166.93855861157104 12
1694491680920 -162.02962803009154 13
1694491681354 -157.28204083257677 14
1694491681704 -152.6890531807337 15
1694491682046 -148.24752397884916 16
1694491682411 -143.94979277454317 17
1694491682781 -139.79360783948005 18
1694491683198 -135.7715111709284 19
1694491683581 -131.88105104712346 20
1694491683906 -128.1175748232401 21
1694491684307 -124.47582444921099 22
1694491684703 -120.95212778372891 23
1694491685055 -117.54253607338777 24
1694491685413 -114.2438032632137 25
1694491685747 -111.05046046441947 26
1694491686120 -107.9609532489546 27
1694491686458 -104.97027904616827 28
1694491686830 -102.07580175180071 29
1694491687189 -99.2743296395554 30
1694491687547 -96.56315467167376 31
1694491687890 -93.93777657159349 32
1694491688245 -91.39641698947837 33
1694491688576 -88.93597064977996 34
1694491688953 -86.55415801708673 35
1694491689267 -84.24762740766315 36
1694491689625 -82.01459308898548 37
1694491690001 -79.85239758158687 38
1694491690403 -77.75815168219675 39
1694491690775 -75.7304985038338 40
1694491691133 -73.76613667908394 41
1694491691528 -71.86412041106128 42
1694491691918 -70.02191789981295 43
1694491692286 -68.23703839975803 44
1694491692649 -66.50821153059192 45
1694491692999 -64.83322723627158 46
1694491693361 -63.21040893491681 47
1694491693735 -61.63797954453946 48
1694491694112 -60.11431967822925 49
