1694491675766 155.2511379360473 0
1694491676146 156.22737343611334 1
1694491676545 160.77802348729676 2
1694491676960 146.32679684159072 3
1694491677329 139.75567030513926 4
1694491677684 136.57322587892222 5
1694491678080 143.76370393898407 6
1694491678463 130.6640809868965 7
1694491678839 128.68282224585434 8
1694491679250 126.67752428493604 9
1694491679612 123.34979744262414 10
1694491679938 121.49811211018948 11
1694491680318 113.06877903655642 12
1694491680691 111.81332782573207 13
1694491681043 110.31701599067149 14
1694491681455 105.62350300041341 15
1694491681803 95.10091596514269 16
1694491682159 96.85870522124776 17
1694491682525 89.42303362189497 18
1694491682912 93.73847213266949 19
1694491683330 90.37391673530252 20
1694491683674 90.44621487908205 21
1694491684043 89.90745312415217 22
1694491684421 91.28933763369427 23
1694491684808 78.96549596232869 24
1694491685176 84.48638273372453 25
1694491685518 80.13559017640176 26
1694491685856 70.38793474973023 27
1694491686216 72.07625365102867 28
1694491686563 69.08080019861636 29
1694491686937 65.98078338104027 30
1694491687301 71.09360828420883 31
1694491687647 60.62125031253826 32
1694491688004 72.93869341517863 33
1694491688348 63.437817092337475 34
1694491688689 61.25803365472879 35
1694491689048 65.19260447903339 36
1694491689368 67.03541359958245 37
1694491689723 63.52335479663694 38
1694491690132 62.94749752804286 39
1694491690505 47.02130032308177 40
1694491690890 59.07221594292449 41
1694491691251 51.152804753449615 42
1694491691657 45.37642075968873 43
1694491692043 47.7112815781215 44
1694491692382 45.44628225628521 45
1694491692744 41.539267466248475 46
1694491693117 40.72872439222094 47
1694491693480 43.53346138565906 48
1694491693858 39.5214313142887 49
