1694491878666 168.63402375852186 0
1694491879007 168.57323184044031 1
1694491879377 168.5124637209986 2
1694491879708 168.45171954478013 3
1694491880050 168.3909993020636 4
1694491880404 168.33030298313525 5
1694491880755 168.26963057828544 6
1694491881104 168.20898207780846 7
1694491881480 168.14835747200257 8
1694491881817 168.08775675117016 9
1694491882190 168.02717990561752 10
1694491882579 167.96662692565488 11
1694491882917 167.90609780159656 12
1694491883262 167.84559252376084 13
1694491883596 167.78511108247 14
1694491883918 167.72465346805032 15
1694491884264 167.66421967083207 16
1694491884616 167.60380968114947 17
1694491884940 167.54342348934074 18
1694491885363 167.4830610857481 19
1694491885734 167.42272246071775 20
1694491886124 167.36240760459984 21
1694491886486 167.30211650774854 22
1694491886886 167.24184916052198 23
1694491887295 167.18160555328228 24
1694491887663 167.12138567639545 25
1694491888016 167.0611895202316 26
1694491888384 167.0010170751647 27
1694491888752 166.9408683315728 28
1694491889161 166.88074327983776 29
1694491889547 166.82064191034559 30
1694491889909 166.76056421348613 31
1694491890235 166.7005101796532 32
1694491890576 166.64047979924464 33
1694491890987 166.58047306266224 34
1694491891377 166.52048996031164 35
1694491891733 166.46053048260256 36
1694491892098 166.40059461994863 37
1694491892491 166.34068236276738 38
1694491892926 166.2807937014804 39
1694491893341 166.2209286265132 40
1694491893696 166.1610871282951 41
1694491894058 166.1012691972595 42
1694491894472 166.04147482384377 43
1694491894879 165.98170399848917 44
1694491895289 165.92195671164083 45
1694491895701 165.8622329537479 46
1694491896136 165.80253271526348 47
1694491896515 165.74285598664457 48
1694491896905 165.6832027583521 49
