1694491878772 -247.6806090904907 0
1694491879136 -247.59096068574203 1
1694491879500 -247.50134737628503 2
1694491879821 -247.41176937533348 3
1694491880170 -247.32222666855148 4
1694491880522 -247.23271924161455 5
1694491880861 -247.14324708020396 6
1694491881230 -247.05381017000704 7
1694491881596 -246.9644084967168 8
1694491881929 -246.8750420460324 9
1694491882331 -246.7857108036588 10
1694491882699 -246.69641475530665 11
1694491883023 -246.60715388669277 12
1694491883372 -246.5179281835398 13
1694491883707 -246.4287376315761 14
1694491884039 -246.3395822165362 15
1694491884384 -246.25046192416028 16
1694491884724 -246.1613767401945 17
1694491885060 -246.0723266503908 18
1694491885508 -245.98331164050714 19
1694491885857 -245.89433169630732 20
1694491886278 -245.80538680356085 21
1694491886619 -245.7164769480433 22
1694491887022 -245.627602115536 23
1694491887414 -245.5387622918262 24
1694491887789 -245.44995746270698 25
1694491888134 -245.36118761397722 26
1694491888519 -245.2724527314417 27
1694491888906 -245.18375280091118 28
1694491889287 -245.09508780820204 29
1694491889689 -245.00645773913666 30
1694491890017 -244.91786257954325 31
1694491890344 -244.82930231525583 32
1694491890712 -244.74077693211422 33
1694491891136 -244.6522864159642 34
1694491891489 -244.56383075265722 35
1694491891854 -244.4754099280507 36
1694491892219 -244.38702392800786 37
1694491892610 -244.2986727383977 38
1694491893082 -244.21035634509508 39
1694491893455 -244.12207473398075 40
1694491893813 -244.03382789094107 41
1694491894207 -243.94561580186848 42
1694491894605 -243.85743845266103 43
1694491895007 -243.76929582922276 44
1694491895439 -243.68118791746338 45
1694491895827 -243.5931147032984 46
1694491896292 -243.50507617264924 47
1694491896653 -243.41707231144312 48
1694491897015 -243.32910310561292 49
