1694491878540 169.35337134490706 0
1694491878878 169.28623340373122 1
1694491879241 169.22583648898646 2
1694491879598 169.16546310740634 3
1694491879925 169.1051134024912 4
1694491880278 169.04478736464415 5
1694491880622 168.98448498427595 6
1694491880972 168.92420625180105 7
1694491881334 168.8639511576381 8
1694491881692 168.80371969220957 9
1694491882050 168.74351184594192 10
1694491882432 168.68332760926555 11
1694491882807 168.62316697261483 12
1694491883128 168.56302992642796 13
1694491883467 168.5029164611472 14
1694491883803 168.44282656721884 15
1694491884134 168.3827602350929 16
1694491884483 168.32271745522337 17
1694491884809 168.26269821806824 18
1694491885199 168.2027025140895 19
1694491885592 168.14273033375298 20
1694491885963 168.0827816675284 21
1694491886363 168.02285650588948 22
1694491886729 167.9629548393139 23
1694491887140 167.90307665828317 24
1694491887506 167.8432219532828 25
1694491887890 167.78339071480218 26
1694491888236 167.72358293333463 27
1694491888614 167.66379859937737 28
1694491889021 167.60403770343163 29
1694491889387 167.5443002360024 30
1694491889786 167.48458618759875 31
1694491890125 167.4248955487335 32
1694491890440 167.36522830992354 33
1694491890813 167.30558446168956 34
1694491891250 167.24596399455615 35
1694491891586 167.18636689905193 36
1694491891967 167.12679316570924 37
1694491892357 167.06724278506454 38
1694491892755 167.007715747658 39
1694491893201 166.94821204403374 40
1694491893577 166.88873166473985 41
1694491893917 166.82927460032826 42
1694491894341 166.7698408413548 43
1694491894739 166.7104303783792 44
1694491895144 166.65104320196505 45
1694491895572 166.59167930267984 46
1694491895949 166.532338671095 47
1694491896385 166.47302129778586 48
1694491896771 166.4137271733315 49
