1694494324141 168.02646685215834 0
1694494324693 167.3608810501455 1
1694494325039 166.69804541859168 2
1694494325496 166.03794863147624 3
1694494325891 165.38057926952214 4
1694494326365 164.72592596130625 5
1694494326779 164.07397738305517 6
1694494327212 163.42472225844512 7
1694494327694 162.77814935840212 8
1694494328091 162.1342475009035 9
1694494328518 161.49300555077988 10
1694494328937 160.85441241951847 11
1694494329345 160.21845706506645 12
1694494329758 159.5851284916359 13
1694494330262 158.9544157495094 14
1694494330736 158.32630793484577 15
1694494331156 157.70079418948788 16
1694494331606 157.07786370077005 17
1694494332082 156.457505701327 18
1694494332522 155.83970946890327 19
1694494332953 155.22446432616377 20
1694494333358 154.61175964050466 21
1694494333810 154.00158482386541 22
1694494334213 153.3939293325416 23
1694494334615 152.7887826669982 24
1694494334990 152.18613437168418 25
1694494335329 151.58597403484734 26
1694494335765 150.98829128835035 27
1694494336121 150.3930758074872 28
1694494336451 149.80031731080084 29
1694494336822 149.21000555990125 30
1694494337266 148.62213035928426 31
1694494337655 148.0366815561516 32
1694494338052 147.453649040231 33
1694494338485 146.87302274359766 34
1694494338929 146.2947926404962 35
1694494339366 145.71894874716324 36
1694494339774 145.14548112165113 37
1694494340110 144.57437986365198 38
1694494340481 144.00563511432267 39
1694494340930 143.43923705611067 40
1694494341330 142.87517591258023 41
1694494341860 142.31344194823978 42
1694494342252 141.7540254683699 43
1694494342650 141.1969168188515 44
1694494343055 140.6421063859957 45
1694494343495 140.08958459637358 46
1694494343908 139.53934191664703 47
1694494344324 138.99136885340025 48
1694494344759 138.44565595297198 49
