1694494324353 -246.78465928057588 0
1694494324806 -245.8031356297879 1
1694494325191 -244.82566759037417 2
1694494325624 -243.85223846011988 3
1694494326047 -242.882831399287 4
1694494326495 -241.91742963870658 5
1694494326896 -240.9560164794777 6
1694494327363 -239.9985752926722 7
1694494327851 -239.04508951904 8
1694494328238 -238.0955426687167 9
1694494328673 -237.1499183209311 10
1694494329077 -236.20820012371547 11
1694494329494 -235.2703717936155 12
1694494329931 -234.33641711540275 13
1694494330415 -233.40631994178756 14
1694494330881 -232.48006419313322 15
1694494331329 -231.55763385717194 16
1694494331748 -230.63901298872125 17
1694494332229 -229.72418570940204 18
1694494332688 -228.81313620735764 19
1694494333093 -227.90584873697438 20
1694494333499 -227.00230761860263 21
1694494333964 -226.10249723827977 22
1694494334346 -225.20640204745416 23
1694494334755 -224.31400656270958 24
1694494335110 -223.4252953654921 25
1694494335472 -222.54025310183684 26
1694494335881 -221.6588644820967 27
1694494336248 -220.78111428067177 28
1694494336559 -219.90698733574035 29
1694494336965 -219.03646854899065 30
1694494337413 -218.16954288535374 31
1694494337784 -217.30619537273782 32
1694494338201 -216.44641110176346 33
1694494338621 -215.59017522549988 34
1694494339073 -214.73747295920256 35
1694494339510 -213.88828958005163 36
1694494339889 -213.04261042689186 37
1694494340230 -212.2004208999732 38
1694494340618 -211.3617064606928 39
1694494341076 -210.52645263133786 40
1694494341511 -209.6946449948298 41
1694494341984 -208.86626919446917 42
1694494342371 -208.0413109336824 43
1694494342813 -207.21975597576832 44
1694494343196 -206.4015901436471 45
1694494343631 -205.58679931960944 46
1694494344042 -204.77536944506687 47
1694494344473 -203.96728652030356 48
1694494344915 -203.16253660422868 49
