1694494323973 169.35337134490703 0
1694494324542 168.68262012654688 1
1694494324915 168.02134167699126 2
1694494325371 167.36278220120982 3
1694494325760 166.70693052005834 4
1694494326188 166.05377536164426 5
1694494326653 165.40330550131807 6
1694494327055 164.7555097614716 7
1694494327521 164.11037701133984 8
1694494327961 163.46789616680388 9
1694494328342 162.8280561901945 10
1694494328791 162.19084609009684 11
1694494329202 161.55625492115544 12
1694494329602 160.92427178388067 13
1694494330094 160.29488582445543 14
1694494330547 159.66808623454313 15
1694494330977 159.0438622510962 16
1694494331475 158.4222031561654 17
1694494331917 157.8030982767102 18
1694494332352 157.18653698440963 19
1694494332802 156.57250869547406 20
1694494333215 155.96100287045803 21
1694494333641 155.35200901407325 22
1694494334072 154.74551667500313 23
1694494334461 154.14151544571754 24
1694494334858 153.5399949622886 25
1694494335212 152.94094490420719 26
1694494335572 152.34435499420024 27
1694494335972 151.75021499804873 28
1694494336347 151.15851472440673 29
1694494336656 150.56924402462067 30
1694494337100 149.98239279255 31
1694494337534 149.39795096438803 32
1694494337892 148.81590851848406 33
1694494338323 148.23625547516585 34
1694494338761 147.65898189656292 35
1694494339190 147.08407788643095 36
1694494339645 146.5115335899762 37
1694494339986 145.94133919368156 38
1694494340330 145.37348492513257 39
1694494340789 144.8079610528446 40
1694494341164 144.24475788609067 41
1694494341675 143.6838657747299 42
1694494342089 143.12527510903678 43
1694494342507 142.56897631953115 44
1694494342922 142.0149598768089 45
1694494343350 141.46321629137333 46
1694494343750 140.91373611346725 47
1694494344134 140.36650993290593 48
1694494344584 139.8215283789104 49
