1694491987540 162.22984692428292 0
1694491987949 155.86481861943415 1
1694491988299 149.7749633538399 2
1694491988675 143.94799872594763 3
1694491989084 138.37219940837588 4
1694491989531 133.0363718120626 5
1694491989924 127.92982976024287 6
1694491990296 123.04237128058551 7
1694491990647 118.36425646395145 8
1694491990969 113.88618634061828 9
1694491991306 109.59928272708584 10
1694491991685 105.49506899874058 11
1694491992062 101.56545174572089 12
1694491992445 97.80270327129449 13
1694491992810 94.19944489393679 14
1694491993158 90.74863101608973 15
1694491993582 87.44353392428941 16
1694491993981 84.2777292869798 17
1694491994431 81.24508231788421 18
1694491994846 78.33973457428813 19
1694491995252 75.5560913610017 20
1694491995639 72.88880971211732 21
1694491996054 70.33278692396554 22
1694491996455 67.88314961389824 23
1694491996873 65.53524328069871 24
1694491997361 63.28462234353436 25
1694491997789 61.127040637432415 26
1694491998187 59.05844234427411 27
1694491998605 57.07495333927188 28
1694491999015 55.17287293381757 29
1694491999487 53.34866599647093 30
1694491999889 51.598955434698176 31
1694492000290 49.920515020772164 32
1694492000746 48.310262546010115 33
1694492001143 46.76525328825459 34
1694492001586 45.28267377819881 35
1694492001995 43.85983585082117 36
1694492002439 42.49417096882655 37
1694492002863 41.1832248055962 38
1694492003247 39.92465207572335 39
1694492003759 38.71621160176121 40
1694492004207 37.55576160633416 41
1694492004622 36.44125521926244 42
1694492005071 35.370736189827404 43
1694492005473 34.34233479475923 44
1694492005901 33.354263932962624 45
1694492006305 32.40481539840986 46
1694492006713 31.49235632302498 47
1694492007138 30.61532578175962 48
1694492007534 29.772231552419797 49
