1694491987662 -228.5535727169151 0
1694491988064 -219.5471228217595 1
1694491988443 -210.9300399603145 2
1694491988787 -202.68494466011333 3
1694491989239 -194.79524570293862 4
1694491989676 -187.2451042748517 5
1694491990044 -180.01939954512036 6
1694491990422 -173.10369582732937 7
1694491990757 -166.48421124975042 8
1694491991076 -160.14778786541606 9
1694491991432 -154.08186313555598 10
1694491991793 -148.2744427231137 11
1694491992200 -142.71407453598403 12
1694491992573 -137.38982396239606 13
1694491992930 -132.29125024352504 14
1694491993314 -127.4083839309493 15
1694491993704 -122.73170537898619 16
1694491994132 -118.25212422424728 17
1694491994564 -113.9609598069503 18
1694491994994 -109.84992249062476 19
1694491995388 -105.91109583884761 20
1694491995749 -102.13691960955336 21
1694491996192 -98.52017352928404 22
1694491996605 -95.0539618114794 23
1694491997048 -91.73169838456401 24
1694491997523 -88.54709279716741 25
1694491997907 -85.49413676931934 26
1694491998319 -82.56709135989954 27
1694491998732 -79.7604747219914 28
1694491999192 -77.06905041909687 29
1694491999614 -74.48781627641567 30
1694491999997 -72.01199374258243 31
1694492000429 -69.63701773838882 32
1694492000864 -67.35852697010004 33
1694492001300 -65.17235468600721 34
1694492001697 -63.07451985584159 35
1694492002112 -61.06121875361525 36
1694492002594 -59.12881692534869 37
1694492003001 -57.2738415240003 38
1694492003376 -55.492973994727244 39
1694492003900 -53.78304309438433 40
1694492004362 -52.14101822990957 41
1694492004776 -50.56400310095157 42
1694492005206 -49.04922963276879 43
1694492005603 -47.594052186074045 44
1694492006047 -46.195942031111294 45
1694492006450 -44.85248207383753 46
1694492006861 -43.56136182264027 47
1694492007266 -42.32037258455465 48
1694492007667 -41.12740288045144 49
