1694491987382 169.0065245384712 0
1694491987797 162.32689219591467 1
1694491988172 155.9435111683097 2
1694491988540 149.83639325220045 3
1694491988895 143.99320741100053 4
1694491989349 138.40218153433926 5
1694491989776 133.05207704137504 6
1694491990155 127.9321644952474 7
1694491990534 123.03220033728978 8
1694491990849 118.3424046894428 9
1694491991174 113.85344017569045 10
1694491991539 109.55639171560802 11
1694491991929 105.44274724527476 12
1694491992304 101.50437932286782 13
1694491992684 97.73352757822046 14
1694491993049 94.12278196750698 15
1694491993446 90.66506679600573 16
1694491993825 87.35362547359996 17
1694491994298 84.18200596930588 18
1694491994676 81.14404693267015 19
1694491995115 78.23386445136254 20
1694491995514 75.4458394157017 21
1694491995884 72.77460546220257 22
1694491996301 70.21503746951787 23
1694491996725 67.76224058137512 24
1694491997201 65.4115397322801 25
1694491997659 63.158469652873706 26
1694491998017 60.998765332894834 27
1694491998465 58.92835292071686 28
1694491998840 56.94334103939476 29
1694491999349 55.040012500083506 30
1694491999759 53.214816394570406 31
1694492000114 51.464360549504605 32
1694492000598 49.785404325709166 33
1694492000979 48.17485174672632 34
1694492001436 46.62974494147588 35
1694492001828 45.14725788660376 36
1694492002252 43.724690434760596 37
1694492002750 42.359462615684635 38
1694492003133 41.04910919756697 39
1694492003526 39.79127449675356 40
1694492004025 38.58370742438835 41
1694492004483 37.42425675912601 42
1694492004919 36.31086663554354 43
1694492005329 35.24157223835658 44
1694492005739 34.21449569300187 45
1694492006167 33.22784214358154 46
1694492006556 32.27989600957874 47
1694492006960 31.36901741314969 48
1694492007379 30.4936387691739 49
