1694512538504 119.51468895139215 0
1694512538829 85.45894069991279 1
1694512539076 61.62830471764232 2
1694512539361 44.91813216322919 3
1694512539633 33.1832989340891 4
1694512539908 24.92413141105135 5
1694512540206 19.086831822205685 6
1694512540473 14.943186125360294 7
1694512540757 11.99498974109085 8
1694512541028 9.884074841815456 9
1694512541348 8.362230291650599 10
1694512541650 7.257054442985784 11
1694512541928 6.444401413948223 12
1694512542209 5.843340727367024 13
1694512542496 5.389655835280847 14
1694512542776 5.044269226497348 15
1694512543070 4.776275805482938 16
1694512543336 4.564682629712768 17
1694512543652 4.393782867460829 18
1694512543928 4.253080924492856 19
1694512544226 4.135129992213737 20
1694512544516 4.035201087820659 21
1694512544834 3.9481296614295442 22
1694512545139 3.8708699664540736 23
1694512545426 3.8020150603714713 24
1694512545723 3.7396159888909843 25
1694512546044 3.6828241652517972 26
1694512546332 3.630206679093741 27
1694512546669 3.5812538632448394 28
1694512546956 3.535424971640572 29
1694512547247 3.4925854447330957 30
1694512547505 3.451958182243604 31
1694512547790 3.4134744141280877 32
1694512548066 3.3766236014721516 33
1694512548357 3.3416413986980475 34
1694512548628 3.307941127705531 35
1694512548931 3.275544099948714 36
1694512549217 3.244435400844279 37
1694512549475 3.214365252611933 38
1694512549738 3.1854077976890087 39
1694512549994 3.15717491239973 40
1694512550277 3.1299707756659756 41
1694512550543 3.1033262789702043 42
1694512550829 3.077411241097472 43
1694512551103 3.052079274040934 44
1694512551402 3.027309114809206 45
1694512551660 3.00346766277106 46
1694512551966 2.9799310207263106 47
1694512552265 2.9569519422287067 48
1694512552574 2.9343355223079244 49
