1694512538626 -175.2454870095027 0
1694512538929 -125.02427998702412 1
1694512539199 -89.88180435250494 2
1694512539472 -65.23970783947156 3
1694512539730 -47.93462663488212 4
1694512540020 -35.75502749805233 5
1694512540294 -27.146899761762967 6
1694512540569 -21.03636338968266 7
1694512540868 -16.688727863839034 8
1694512541128 -13.575811554365819 9
1694512541478 -11.331583365765086 10
1694512541768 -9.701806663101443 11
1694512542061 -8.503406448624677 12
1694512542337 -7.617036460481595 13
1694512542608 -6.947998073182586 14
1694512542906 -6.438664604588061 15
1694512543167 -6.043461040771422 16
1694512543475 -5.7314295855695585 17
1694512543766 -5.479407745474644 18
1694512544057 -5.271917915737822 19
1694512544342 -5.097978463732779 20
1694512544674 -4.950615670291991 21
1694512544987 -4.822213495768025 22
1694512545275 -4.708280449657723 23
1694512545558 -4.606741747076508 24
1694512545863 -4.514723311196279 25
1694512546174 -4.430973751177617 26
1694512546508 -4.353379987979906 27
1694512546803 -4.281190427470861 28
1694512547088 -4.213607644209928 29
1694512547360 -4.150433206412281 30
1694512547621 -4.090521142663903 31
1694512547884 -4.033770039406307 32
1694512548184 -3.9794270169692663 33
1694512548462 -3.927839589359471 34
1694512548736 -3.8781425962489093 35
1694512549042 -3.8303674651352537 36
1694512549320 -3.784492201834998 37
1694512549588 -3.740148464959163 38
1694512549831 -3.6974455906076917 39
1694512550116 -3.6558112219694054 40
1694512550371 -3.6156939245109845 41
1694512550641 -3.5764019149892166 42
1694512550935 -3.5381856211526728 43
1694512551203 -3.5008291680676136 44
1694512551504 -3.4643011997032023 45
1694512551797 -3.429142773886727 46
1694512552070 -3.3944338441631814 47
1694512552405 -3.3605471402243303 48
1694512552708 -3.3271952403171063 49
