1694508552831 -239.3592414588806 0
1694508553296 -231.2551220309765 1
1694508553646 -223.45146578051148 2
1694508554096 -215.93555978848087 3
1694508554505 -208.6947976103553 4
1694508554907 -201.72102306775176 5
1694508555407 -195.00010784302796 6
1694508555733 -188.52713659521996 7
1694508556121 -182.2922132640743 8
1694508556556 -176.28574779284378 9
1694508556892 -170.49764113112965 10
1694508557340 -164.9196350908531 11
1694508557699 -159.54515553053588 12
1694508558055 -154.36696691732982 13
1694508558466 -149.37542965031946 14
1694508558851 -144.56572157008694 15
1694508559201 -139.93103405521134 16
1694508559637 -135.46393772344814 17
1694508560099 -131.15732947988798 18
1694508560555 -127.00647435557062 19
1694508561107 -123.00544329546058 20
1694508561521 -119.147789134814 21
1694508561923 -115.42897585312697 22
1694508562378 -111.84314406738416 23
1694508562890 -108.38595621824825 24
1694508563267 -105.05249480808233 25
1694508563663 -101.83759709937945 26
1694508564179 -98.73631884803073 27
1694508564696 -95.7458246479417 28
1694508565116 -92.86179490823012 29
1694508565544 -90.08004146776905 30
1694508565932 -87.3960692987923 31
1694508566436 -84.80677760992437 32
1694508566975 -82.3087253064498 33
1694508567436 -79.89854041150765 34
1694508567783 -77.57235054175541 35
1694508568143 -75.32793309257534 36
1694508568523 -73.16205184791417 37
1694508568877 -71.07197223927423 38
1694508569298 -69.0542051433883 39
1694508569857 -67.10658436211693 40
1694508570273 -65.22684131384801 41
1694508570711 -63.41181914955335 42
1694508571121 -61.659436955758316 43
1694508571540 -59.96737140094457 44
1694508571911 -58.33345326696967 45
1694508572262 -56.755739724073 46
1694508572707 -55.23158620142881 47
1694508573116 -53.759787771046994 48
1694508573505 -52.33760331619063 49
