1694508552541 171.29430255628753 0
1694508552984 161.96297808126954 1
1694508553402 155.12841123917536 2
1694508553783 145.54945172516062 3
1694508554210 148.10930484706506 4
1694508554625 139.2762625283741 5
1694508555047 131.15926245460568 6
1694508555502 129.28677883543008 7
1694508555832 122.89133396080392 8
1694508556233 123.3343655021071 9
1694508556642 115.66367197172 10
1694508557008 109.38006707746565 11
1694508557449 109.36312522378246 12
1694508557792 105.80196674291678 13
1694508558148 100.04175990621262 14
1694508558574 98.10310979933986 15
1694508558947 93.91415454843043 16
1694508559369 93.80929215495627 17
1694508559796 85.74446313594616 18
1694508560247 88.9702291210139 19
1694508560700 88.94567441125845 20
1694508561249 73.35795172993014 21
1694508561642 83.0456857448717 22
1694508562075 73.48466488404897 23
1694508562612 77.36625194526799 24
1694508562988 75.20569651899123 25
1694508563399 69.77643155641063 26
1694508563770 64.21265599490883 27
1694508564330 58.571832943218375 28
1694508564826 69.97686751320009 29
1694508565244 55.47834817796025 30
1694508565650 69.32117982982744 31
1694508566159 62.42510391998477 32
1694508566562 54.2104331467307 33
1694508567133 52.5671865008966 34
1694508567540 57.891195823067775 35
1694508567878 54.88150678469639 36
1694508568239 57.625749663445006 37
1694508568623 47.0981938250115 38
1694508569014 51.72874198407854 39
1694508569488 44.68260603010916 40
1694508569966 42.00544430979658 41
1694508570426 42.0326471246273 42
1694508570826 44.210782610340196 43
1694508571255 40.14793178781609 44
1694508571650 41.603257202475504 45
1694508572007 38.58810857424579 46
1694508572381 38.58779715942733 47
1694508572833 34.29844032878415 48
1694508573235 37.595824513286566 49
