1694508622440 162.0140191022444 0
1694508622832 155.61586543569103 1
1694508623201 149.49424157407776 2
1694508623588 143.6368330514097 3
1694508623949 138.0318826196795 4
1694508624328 132.66816480633483 5
1694508624688 127.53496163975944 6
1694508625074 122.62203948895946 7
1694508625460 117.91962696613483 8
1694508625824 113.4183938431823 9
1694508626205 109.10943093543831 10
1694508626547 104.9842309081243 11
1694508626916 101.03466996301381 12
1694508627270 97.25299036480077 13
1694508627619 93.63178376851862 14
1694508627998 90.16397531114382 15
1694508628357 86.84280843221784 16
1694508628739 83.6618303899451 17
1694508629087 80.61487844077077 18
1694508629452 77.69606665191938 19
1694508629801 74.89977331778209 20
1694508630188 72.22062895238385 21
1694508630656 69.65350483144161 22
1694508631051 67.19350205874719 23
1694508676416 64.83594113277218 24
1694508689733 62.57635199050468 25
1694508690101 60.41046450658676 26
1694508690511 58.33419942683263 27
1694508690908 56.34365971617201 28
1694508691334 54.43512230198213 29
1694508691752 52.60503019465008 30
1694508694399 50.849984968042634 31
1694508694827 49.16673958335997 32
1694508695209 47.5521915406098 33
1694508695577 46.00337634266531 34
1694508695968 44.517461257562445 35
1694508696305 43.091739365352524 36
1694508696657 41.72362387645669 37
1694508696981 40.410642709069165 38
1694508697370 39.15043331372995 39
1694508697686 37.94073773373411 40
1694508698028 36.77939789056658 41
1694508698400 35.664351084048725 42
1694508698740 34.59362569735751 43
1694508699088 33.56533709753099 44
1694508699450 32.57768372250514 45
1694508699790 31.62894334613943 46
1694508700149 30.717469513080964 47
1694508700533 29.841688135692173 48
1694508700868 29.000094245624087 49
