1694508622580 -237.9182446908701 0
1694508622973 -228.4830387022409 1
1694508623348 -219.45562468104197 2
1694508623712 -210.81784277532904 3
1694508624084 -202.55235484935383 4
1694508624451 -194.64260696406294 5
1694508624806 -187.07279358003822 6
1694508625222 -179.8278234035298 7
1694508625600 -172.89328679990038 8
1694508625971 -166.25542470229058 9
1694508626320 -159.90109894664982 10
1694508626679 -153.8177639674552 11
1694508627048 -147.99343979147196 12
1694508627384 -142.41668626980206 13
1694508627755 -137.07657849122313 14
1694508628117 -131.9626833224521 15
1694508628496 -127.06503702347538 16
1694508628877 -122.37412388848068 17
1694508629205 -117.88085586520707 18
1694508629585 -113.57655310770741 19
1694508629940 -109.45292541959208 20
1694508630365 -105.50205454680402 21
1694508630789 -101.71637728086293 22
1694508631199 -98.08866933531834 23
1694508677004 -94.61202995986858 24
1694508689874 -91.2798672582421 25
1694508690246 -88.08588417750002 26
1694508690661 -85.02406513790967 27
1694508691077 -82.08866327396122 28
1694508691496 -79.27418825845449 29
1694508691886 -76.57539468287844 30
1694508694561 -73.9872709685379 31
1694508694990 -71.50502878406006 32
1694508695333 -69.12409294603536 33
1694508695715 -66.84009178061824 34
1694508696111 -64.64884792493424 35
1694508696433 -62.546369548114434 36
1694508696773 -60.52884197270688 37
1694508697145 -58.59261967810145 38
1694508697477 -56.73421866844945 39
1694508697829 -54.950309188366035 40
1694508698188 -53.23770877047224 41
1694508698526 -51.593375599567544 42
1694508698871 -50.01440217892315 43
1694508699222 -48.49800928485426 44
1694508699570 -47.04154019636586 45
1694508699919 -45.64245518727412 46
1694508700280 -44.298326268784926 47
1694508700662 -43.00683217106346 48
1694508701002 -41.76575355285613 49
