1694508622298 169.35337134490706 0
1694508622683 162.70867850110014 1
1694508623058 156.35021404853023 2
1694508623436 150.26524430249714 3
1694508623800 144.44161194277987 4
1694508624169 138.86770967117693 5
1694508624547 133.53245507991656 6
1694508624899 128.42526667508116 7
1694508625315 123.53604100177013 8
1694508625687 118.85513082019047 9
1694508626057 114.37332428421264 10
1694508626415 110.08182507616927 11
1694508626774 105.9722334538111 12
1694508627135 102.03652816737231 13
1694508627474 98.26704920663987 14
1694508627843 94.65648133977565 15
1694508628211 91.19783840740722 16
1694508628589 87.88444833718857 17
1694508628968 84.70993884564024 18
1694508629302 81.6682237956111 19
1694508629680 78.75349017916666 20
1694508630045 75.96018569710319 21
1694508630494 73.28300690761677 22
1694508630894 70.71688791792576 23
1694508631309 68.25698959385377 24
1694508689603 65.89868926353537 25
1694508689969 63.63757089250619 26
1694508690360 61.46941570848926 27
1694508690771 59.39019325519042 28
1694508691172 57.396052855369966 29
1694508691595 55.4833154643687 30
1694508691985 53.648465896134795 31
1694508694664 51.88814540462624 32
1694508695086 50.19914460425365 33
1694508695426 48.57839671378162 34
1694508695821 47.0229711088255 35
1694508696186 45.53006716876602 36
1694508696521 44.097008404557535 37
1694508696854 42.72123685452977 38
1694508697242 41.40030773587699 39
1694508697556 40.1318843400963 40
1694508697908 38.91373316117743 41
1694508698275 37.743719245862565 42
1694508698622 36.619801755786845 43
1694508698964 35.54002973177959 44
1694508699313 34.50253805105416 45
1694508699654 33.50554356844133 46
1694508700013 32.54734143322839 47
1694508700361 31.62630157355478 48
1694508700745 30.740865340685634 49
