1694509327293 34.39957689407317 0
1694509327688 10.55714863042508 1
1694509328066 5.750799805215073 2
1694509328452 4.440708796601437 3
1694509328878 3.89472180949645 4
1694509448827 3.5725544746348024 5
1694509540156 3.34304348532212 6
1694509681549 3.1593889121269894 7
1694509873643 3.0043100678706005 8
1694510013940 2.868736461187917 9
1694510087421 2.7492530788167726 10
1694510087811 2.639528826373046 11
1694510088160 2.542738147697705 12
1694510088540 2.4499920058727143 13
1694510088935 2.36237435380684 14
1694510089297 2.280765886912557 15
1694510089680 2.2055221216780296 16
1694510090022 2.1295086104937218 17
1694510090393 2.061740857741184 18
1694510090809 1.9934246136293117 19
1694510091157 1.9312775926795374 20
1694510091543 1.8714920910042543 21
1694510091947 1.8165716466509498 22
1694510102003 1.7612094584305926 23
1694510102396 1.7077345375887143 24
1694510102808 1.6579716806536449 25
1694510103171 1.6087966728511012 26
1694510103560 1.559608054173215 27
1694510103935 1.5144512428323973 28
1694510104410 1.4701039504801092 29
1694510104780 1.4267035661257115 30
1694510105152 1.384762517696719 31
1694510105523 1.344318980579663 32
1694510105921 1.3080399495796515 33
1694510106331 1.2727800066031982 34
1694510106683 1.2363851865392204 35
1694510107056 1.2037882132819813 36
1694510107466 1.1721029690799754 37
1694510107851 1.137809193490143 38
1694510108226 1.1073394190658985 39
1694510108645 1.079329909314054 40
1694510109074 1.0498131594639877 41
1694510109440 1.023621271798719 42
1694510109831 0.9968898440746149 43
1694510110226 0.971165836598785 44
1694510110644 0.9476376827710367 45
1694510111008 0.9212088008456134 46
1694510111386 0.8964272523645973 47
1694510111753 0.8752938996050634 48
1694510112112 0.8535837928665564 49
