1694509327445 -49.72824299515647 0
1694509327828 -14.568377562005942 1
1694509328221 -7.480568549833286 2
1694509328623 -5.54860830406141 3
1694509377677 -4.7434541988425405 4
1694509469744 -4.26836164470187 5
1694509590467 -3.9299072133649995 6
1694509740498 -3.659076155038247 7
1694509880137 -3.430385048776369 8
1694510033680 -3.23045785534877 9
1694510087562 -3.0542585354132132 10
1694510087931 -2.8924507737198923 11
1694510088302 -2.749715847571578 12
1694510088692 -2.6129453043219018 13
1694510089083 -2.4837376237056747 14
1694510089428 -2.363391546432014 15
1694510089817 -2.252431344263212 16
1694510090184 -2.140336015935584 17
1694510090560 -2.040400512674825 18
1694510090926 -1.93965616217031 19
1694510091296 -1.8480094192503875 20
1694510091698 -1.7598451529889143 21
1694510092084 -1.6788552717721945 22
1694510102155 -1.5972139613155614 23
1694510102537 -1.5183557594554986 24
1694510102952 -1.4449716505023926 25
1694510103328 -1.3724544287709257 26
1694510103701 -1.299917135403291 27
1694510104100 -1.2333254530219269 28
1694510104554 -1.1679275491595766 29
1694510104914 -1.1039260281410899 30
1694510105306 -1.0420765553196927 31
1694510105667 -0.9824354270356075 32
1694510106058 -0.9289355974922253 33
1694510106471 -0.8769385929705487 34
1694510106829 -0.823268012031265 35
1694510107213 -0.7751980260139446 36
1694510107604 -0.7284725452852217 37
1694510107977 -0.6779003249727646 38
1694510108382 -0.6329672687970944 39
1694510108816 -0.5916623067842746 40
1694510109218 -0.5481346534229508 41
1694510109573 -0.5095100957408325 42
1694510109975 -0.4700898910862381 43
1694510110384 -0.43215530526091217 44
1694510110798 -0.39745889291035574 45
1694510111141 -0.35848484539426084 46
1694510111516 -0.3219400815731155 47
1694510111887 -0.29077522575558046 48
1694510112249 -0.2587598444771113 49
