1694509327181 46.172441801558925 0
1694509327600 12.037462540708344 1
1694509327967 0.11496511843202958 2
1694509328355 4.998520987990902 3
1694509328781 0.3584632387116574 4
1694509398972 1.399663467053415 5
1694509519683 0.10509385318202656 6
1694509660366 0.6894951309202048 7
1694509805353 0.763008184721513 8
1694509946108 2.3630148166249985 9
1694510087318 1.118868629731574 10
1694510087715 1.8292089065955277 11
1694510088060 4.329728803473023 12
1694510088439 0.2670486531429558 13
1694510088833 0.22925637418879513 14
1694510089206 0.13473545915968482 15
1694510089578 0.011113263307473606 16
1694510089937 2.4987563012128478 17
1694510090305 0.00046934237483902455 18
1694510090713 0.4374662712408616 19
1694510091062 0.7697231656063662 20
1694510091450 0.08809201715331189 21
1694510091856 0.8133544105962168 22
1694510092227 12.206952012377243 23
1694510102304 1.1376718114217745 24
1694510102699 0.19727053112898818 25
1694510103077 0.12514211975614195 26
1694510103452 0.003090591504781608 27
1694510103839 1.2140377839350662 28
1694510104316 7.735632434223324e-05 29
1694510104695 7.601211519211929 30
1694510105065 0.6750768285874029 31
1694510105433 0.15969946336439117 32
1694510105826 0.20948433213577836 33
1694510106224 0.017274678709406334 34
1694510106593 0.041145742737592333 35
1694510106955 0.06002298164747231 36
1694510107373 0.5032688029699348 37
1694510107735 0.04382402207758537 38
1694510108110 2.1401204072672066 39
1694510108551 0.2297705905548341 40
1694510108969 0.17288476693020308 41
1694510109351 4.19617677771767 42
1694510109733 0.02796982734605037 43
1694510110130 0.12160813509566186 44
1694510110543 0.5870791671054422 45
1694510110919 7.228474253933106 46
1694510111298 0.04212970009524737 47
1694510111665 0.16118920478897253 48
1694510112016 3.1790336551819576 49
