1694510457823 163.4161143369351 0
1694510458173 157.97885735094206 1
1694510458515 152.7329685124649 2
1694510458818 147.67112284190318 3
1694510459126 142.78736642481095 4
1694510459460 138.07564058297805 5
1694510459722 133.5289280514084 6
1694510460022 129.1414345688725 7
1694510460342 124.90788970970178 8
1694510460662 120.822398873242 9
1694510460986 116.88054011386656 10
1694510461316 113.07573335962685 11
1694510461623 109.40453002369561 12
1694510461942 105.8616521293661 13
1694510462242 102.44266596028875 14
1694510462560 99.142714115747 15
1694510462906 95.95788898831881 16
1694510463211 92.88381329115894 17
1694510463525 89.91686080723272 18
1694510463824 87.05326637887713 19
1694510464124 84.28905847958 20
1694510464433 81.62140875322315 21
1694510464788 79.04628724318238 22
1694510465112 76.5602802224445 23
1694510465435 74.16032329928628 24
1694510465775 71.84350972762748 25
1694510466088 69.60701620106829 26
1694510466392 67.4478337469875 27
1694510466710 65.36333090311439 28
1694510467019 63.35074953177971 29
1694510467357 61.40773129803417 30
1694510467678 59.53165973591492 31
1694510467983 57.72004077210203 32
1694510468300 55.9709881746398 33
1694510468606 54.282062951537334 34
1694510468937 52.65116990527322 35
1694510469250 51.07599536504728 36
1694510469555 49.55501536268618 37
1694510469891 48.08602470912245 38
1694510470211 46.66708793926258 39
1694510470529 45.296942419806115 40
1694510470838 43.973206408385934 41
1694510471169 42.69450991991479 42
1694510471507 41.459638845332805 43
1694510471822 40.26667114546022 44
1694510472139 39.11458437382995 45
1694510472460 38.00096680131442 46
1694510472801 36.925311310119746 47
1694510473118 35.886115657101286 48
1694510473447 34.88234932678342 49
