1694510457978 -230.23212896248103 0
1694510458321 -222.53846598628868 1
1694510458648 -215.11558697987346 2
1694510458937 -207.95312717208353 3
1694510459276 -201.04266183492567 4
1694510459561 -194.37561800075272 5
1694510459846 -187.9420663114282 6
1694510460152 -181.73380794662577 7
1694510460485 -175.74338530797561 8
1694510460812 -169.9624575958927 9
1694510461121 -164.38476780258097 10
1694510461446 -159.00100519359066 11
1694510461752 -153.806290053863 12
1694510462057 -148.79315410038646 13
1694510462370 -143.9553236699125 14
1694510462707 -139.28592559015047 15
1694510463025 -134.7794306365988 16
1694510463329 -130.4296449931799 17
1694510463645 -126.23143759990988 18
1694510463945 -122.17948079723791 19
1694510464242 -118.26815491580423 20
1694510464588 -114.49345786065429 21
1694510464924 -110.84968728441788 22
1694510465255 -107.33201279831631 23
1694510465584 -103.9360983194301 24
1694510465904 -100.65783083181091 25
1694510466209 -97.49321538580406 26
1694510466510 -94.43799431595212 27
1694510466833 -91.48844413007929 28
1694510467170 -88.64066209161746 29
1694510467488 -85.89131118075473 30
1694510467820 -83.23668912493736 31
1694510468107 -80.67326683594845 32
1694510468438 -78.19837531487929 33
1694510468727 -75.80856341302973 34
1694510469060 -73.50086644735465 35
1694510469358 -71.2720105973559 36
1694510469705 -69.11983946366847 37
1694510470024 -67.0412327263355 38
1694510470340 -65.03345172206225 39
1694510470651 -63.09470983765364 40
1694510470965 -61.221636932041115 41
1694510471319 -59.41229449035021 42
1694510471638 -57.66496456068951 43
1694510471944 -55.97692747729484 44
1694510472281 -54.3467364888816 45
1694510472607 -52.77097902342217 46
1694510472931 -51.248937514429386 47
1694510473254 -49.7784863032314 48
1694510473549 -48.3581672209792 49
