1694510457728 166.36251377459354 0
1694510458073 160.7173976147214 1
1694510458413 145.74270856045877 2
1694510458734 146.28552973453137 3
1694510459040 146.910325124435 4
1694510459366 143.398923289332 5
1694510459639 131.0967899739174 6
1694510459934 129.07439567926366 7
1694510460244 120.75355965683075 8
1694510460575 117.05341465925491 9
1694510460899 120.68805260209606 10
1694510461230 108.78451384906562 11
1694510461534 113.22572199395648 12
1694510461849 109.37516035331596 13
1694510462141 104.15743649365146 14
1694510462460 99.44823463100528 15
1694510462806 96.54601994465915 16
1694510463119 88.52624819038422 17
1694510463431 85.88727495094425 18
1694510463732 85.73972512202715 19
1694510464041 79.66566399292364 20
1694510464341 86.33226332553286 21
1694510464684 86.03172941578498 22
1694510465024 76.0938599146647 23
1694510465351 72.1422589806242 24
1694510465682 73.32726406156469 25
1694510465995 77.93602060950599 26
1694510466303 75.32847790247078 27
1694510466609 66.53585256196064 28
1694510466931 64.13464211944921 29
1694510467265 54.150899702352326 30
1694510467587 58.733644555659154 31
1694510467905 59.82688257553262 32
1694510468205 54.5095936364996 33
1694510468523 44.620662443477144 34
1694510468826 50.38683503186393 35
1694510469156 51.28826166574386 36
1694510469453 44.33375378416139 37
1694510469801 46.57296603385534 38
1694510470118 45.34198223060697 39
1694510470434 40.93049969517277 40
1694510470744 43.588021966354674 41
1694510471066 49.14645827586553 42
1694510471418 46.9132643106312 43
1694510471734 44.027097674597684 44
1694510472036 34.37750864445776 45
1694510472373 43.80116197660349 46
1694510472703 38.96151554140975 47
1694510473027 33.83471069441724 48
1694510473359 27.739176172005124 49
