1694491241146 5.065062601407248 0
1694491241589 4.842872270858766 1
1694491242066 4.92186246750315 2
1694491242510 4.561461009984233 3
1694491242890 4.586346358156264 4
1694491243249 4.563311592121096 5
1694491243714 4.625499685093959 6
1694491244115 4.749464124902422 7
1694491244521 4.678760799395174 8
1694491244901 4.60283858172483 9
1694491245258 4.6969427913175394 10
1694491245696 4.512821440689552 11
1694491246130 4.833052659935125 12
1694491246595 4.511807929428229 13
1694491247014 4.77720176722813 14
1694491247409 4.76051084927873 15
1694491247838 4.626914443320858 16
1694491248210 4.553269690823571 17
1694491248566 4.915861934886836 18
1694491248943 4.758633625001416 19
1694491249301 4.61948361328926 20
1694491249710 4.512648540816544 21
1694491250062 4.560628103202844 22
1694491250502 4.592863424112401 23
1694491250879 4.840962346602458 24
1694491251317 4.536852963739312 25
1694491251788 4.69645330879095 26
1694491252206 4.441333639191178 27
1694491252579 4.612567115117859 28
1694491252956 4.87155358930273 29
1694491253324 4.638590468602346 30
1694491253759 4.619576864754337 31
1694491254163 4.847308517309159 32
1694491254539 4.598210352411731 33
1694491254921 4.6239850334542 34
1694491255350 4.622727039242243 35
1694491255729 4.5820583410507565 36
1694491256112 4.590046422396629 37
1694491256493 4.557455800353819 38
1694491256927 4.530869216797477 39
1694491257301 4.5061960570033746 40
1694491257731 4.7673727316119745 41
1694491258117 4.523067949140637 42
1694491258523 4.817842768449509 43
1694491258911 4.433158618348165 44
1694491259323 4.657318543493077 45
1694491259734 4.651892636319558 46
1694491260151 4.581772595919462 47
1694491260514 4.603588557581304 48
1694491260979 4.79097270740983 49
