1694491241324 -6.096548222580426 0
1694491241777 -5.7852422191975075 1
1694491242220 -5.895913652842223 2
1694491242638 -5.390963068014176 3
1694491243018 -5.4258293840374865 4
1694491243398 -5.393555878095228 5
1694491243870 -5.480686252462097 6
1694491244246 -5.654370112705307 7
1694491244648 -5.555309232624657 8
1694491245022 -5.448936277093338 9
1694491245416 -5.580783623093946 10
1694491245865 -5.322815233290604 11
1694491246293 -5.771484177504746 12
1694491246738 -5.321395224870943 13
1694491247136 -5.693232715566401 14
1694491247548 -5.669847436167458 15
1694491247972 -5.4826684392128975 16
1694491248327 -5.379486390230562 17
1694491248703 -5.887506438080257 18
1694491249079 -5.667217298367214 19
1694491249439 -5.472257266083786 20
1694491249836 -5.322572987067203 21
1694491250222 -5.389796100573852 22
1694491250636 -5.434960302343336 23
1694491251052 -5.782566266173233 24
1694491251511 -5.356485273644555 25
1694491251924 -5.580097819851733 26
1694491252326 -5.222655241088629 27
1694491252693 -5.462566712053694 28
1694491253078 -5.825426985989574 29
1694491253482 -5.499027462383731 30
1694491253893 -5.472387918668131 31
1694491254304 -5.791457746889843 32
1694491254682 -5.44245176641889 33
1694491255057 -5.478564107239454 34
1694491255476 -5.476801559114897 35
1694491255857 -5.419821537232192 36
1694491256232 -5.431013462966956 37
1694491256663 -5.3853514565652105 38
1694491257045 -5.348101576923284 39
1694491257425 -5.3135325533867075 40
1694491257855 -5.6794614691434795 41
1694491258259 -5.3371713917546675 42
1694491258668 -5.750173931831199 43
1694491259045 -5.2112013985207355 44
1694491259456 -5.525266957733946 45
1694491259859 -5.517664838088391 46
1694491260269 -5.41942118599013 47
1694491260700 -5.449987051831987 48
1694491261146 -5.712526878099074 49
