1694491241016 2.1691445899634796 0
1694491241471 0.015340306306283327 1
1694491241930 0.4031041273173234 2
1694491242363 1.3413458021564142 3
1694491242776 4.554660675518154 4
1694491243137 2.433442339573209 5
1694491243564 4.062848367866126 6
1694491243998 0.0026939678350453794 7
1694491244386 0.14707782418685664 8
1694491244790 11.630231602426552 9
1694491245142 0.19091335010927507 10
1694491245571 0.1976634592257247 11
1694491246013 0.9431651702269731 12
1694491246461 0.2133530012162309 13
1694491246901 0.5862370339556237 14
1694491247265 1.8068571472061614 15
1694491247708 2.427922646385112 16
1694491248105 13.69194714674432 17
1694491248454 0.021601123290348665 18
1694491248838 33.569159093823075 19
1694491249200 10.008392950164325 20
1694491249589 1.572346682441118 21
1694491249958 2.636422437409712 22
1694491250369 2.9776641274882647 23
1694491250779 1.1332721048284957 24
1694491251189 6.35283053640559 25
1694491251669 4.2043839188366405 26
1694491252070 1.5278331874858375 27
1694491252461 2.9144717293660753 28
1694491252836 3.4123389301361926 29
1694491253219 5.7234979316471115 30
1694491253638 34.7976045624232 31
1694491254040 0.5937874958686233 32
1694491254429 23.863128722229746 33
1694491254817 5.643908393329214 34
1694491255205 3.1143724753780817 35
1694491255624 2.998920199865354 36
1694491255996 0.003611399921713666 37
1694491256376 0.21712672588719326 38
1694491256800 5.869492051414956 39
1694491257192 5.550251524212933 40
1694491257572 1.1775739103657528 41
1694491258010 7.3948603629810705 42
1694491258393 23.621158835546385 43
1694491258810 14.425354642070872 44
1694491259178 0.0336771719781565 45
1694491259597 4.966192437657975 46
1694491260009 0.905242259986927 47
1694491260395 0.12255121067346621 48
1694491260848 22.763965479030286 49
