1694492156494 0.37884344922305707 0
1694492156940 0.36439775414183034 1
1694492157375 0.31736546161369417 2
1694492157909 0.3072944137761032 3
1694492158429 0.3156279301251635 4
1694492158830 0.3043411882885926 5
1694492159295 0.3055922170772229 6
1694492159694 0.3090715749849692 7
1694492160258 0.32180567044023 8
1694492160760 0.3120219471756347 9
1694492161198 0.34711815123351347 10
1694492161636 0.2925847161120649 11
1694492162027 0.314661847245446 12
1694492162449 0.3221912468523626 13
1694492162864 0.31607304338553005 14
1694492163343 0.33823916960621764 15
1694492163808 0.30498210517626695 16
1694492164245 0.29948233278671865 17
1694492164701 0.32183046667315823 18
1694492165153 0.3214052939985337 19
1694492165612 0.31624725326581077 20
1694492166056 0.34216842078505355 21
1694492166527 0.2974990555253133 22
1694492166970 0.30891184692549933 23
1694492167426 0.4428697357402066 24
1694492167820 0.31628956349212206 25
1694492168282 0.2764794667216871 26
1694492168739 0.30336677523390654 27
1694492169257 0.3031992735682649 28
1694492169696 0.3297467070081271 29
1694492170161 0.3189106051086757 30
1694492170599 0.3077588594016148 31
1694492171033 0.3012844925283271 32
1694492171485 0.3097533090999649 33
1694492171965 0.3054108978672805 34
1694492172435 0.3007181767267077 35
1694492172906 0.29108788490863446 36
1694492173303 0.31504029061292516 37
1694492173854 1.0974226415646473 38
1694492174352 0.33530553333178104 39
1694492174850 0.28676832090684484 40
1694492175259 0.46379073371752655 41
1694492175721 0.28731721781722475 42
1694492176261 0.34418008610133793 43
1694492176705 0.32267106587382866 44
1694492177162 0.31021717017371625 45
1694492177627 0.2964205601045313 46
1694492178136 0.32050466696092605 47
1694492178655 0.3117381044628092 48
1694492179059 0.3022727051902653 49
