1694492156629 0.4413285195777623 0
1694492157066 0.46263124468310113 1
1694492157535 0.5319886548435047 2
1694492158112 0.546840191055544 3
1694492158561 0.5345509514622491 4
1694492158978 0.5511952428810721 5
1694492159426 0.5493503802951457 6
1694492159915 0.5442194534248886 7
1694492160425 0.525440783833482 8
1694492160897 0.539868609288779 9
1694492161357 0.4881130666802762 10
1694492161772 0.5685322345299272 11
1694492162166 0.5359756110511352 12
1694492162589 0.5248721834117939 13
1694492163053 0.5338945534576524 14
1694492163522 0.5012066910270512 15
1694492163973 0.5502500978951974 16
1694492164383 0.5583604822483006 17
1694492164866 0.5254042174148537 18
1694492165319 0.5260312095089619 19
1694492165760 0.5336376502647366 20
1694492166223 0.495412317183362 21
1694492166692 0.5612851743499838 22
1694492167156 0.5444550006189395 23
1694492167554 0.34691046814297655 24
1694492167982 0.5335752563740179 25
1694492168422 0.5922822651506073 26
1694492168929 0.5526321867820967 27
1694492169420 0.552879197529436 28
1694492169829 0.5137303248970202 29
1694492170318 0.5297100682516647 30
1694492170740 0.5461552840689976 31
1694492171211 0.5557028798722623 32
1694492171664 0.5432141162386179 33
1694492172129 0.5496177674484811 34
1694492172566 0.5565380123997643 35
1694492173039 0.5707395761273011 36
1694492173470 0.5354175295618047 37
1694492174000 -0.6183432314038018 38
1694492174545 0.5055328551030596 39
1694492174972 0.577109535065769 40
1694492175397 0.3160587669036651 41
1694492175884 0.5763000897654741 42
1694492176406 0.49244576188811406 43
1694492176841 0.5241646056415911 44
1694492177308 0.5425300712767362 45
1694492177801 0.5628756060562533 46
1694492178296 0.5273593429145691 47
1694492178777 0.5402871854286238 48
1694492179224 0.5542455860165831 49
