1694492156328 0.21530835808145188 0
1694492156777 1.544217447452203 1
1694492157198 0.08824996818001868 2
1694492157735 0.19043393736674677 3
1694492158281 0.42385749214080076 4
1694492158721 0.16424786436427305 5
1694492159183 0.46952390636489816 6
1694492159567 0.856524580653509 7
1694492160130 0.08502367593850003 8
1694492160586 0.4883423562426347 9
1694492161031 0.14495007754164982 10
1694492161497 1.0093545213709627 11
1694492161912 0.7760529174448824 12
1694492162325 0.16301745875119586 13
1694492162733 0.00014973447210457345 14
1694492163208 1.2675342874617868 15
1694492163673 0.11273325815857752 16
1694492164118 0.0017087502246710944 17
1694492164560 1.3979680464363107 18
1694492164995 0.03011610435037703 19
1694492165466 0.04002633636213076 20
1694492165923 0.6282145470197571 21
1694492166379 0.08110282038240199 22
1694492166855 0.04071939264833959 23
1694492167289 0.7174494031725788 24
1694492167676 0.02506697005444353 25
1694492168156 0.037279512058656684 26
1694492168586 0.000496756769262042 27
1694492169110 0.07083416456803511 28
1694492169587 0.00018331611076655561 29
1694492170016 0.6103226276484842 30
1694492170462 0.09968489197137137 31
1694492170880 0.21709845067457895 32
1694492171366 0.5389607414146826 33
1694492171838 0.6666023964631984 34
1694492172260 0.1808464277259399 35
1694492172756 0.06756277821661179 36
1694492173183 0.07872962766664718 37
1694492173661 2.1583274565264317 38
1694492174195 0.9893663179401035 39
1694492174708 1.0752982801829578 40
1694492175132 0.3322093311679652 41
1694492175580 0.002032818958932904 42
1694492176100 0.022057838979368524 43
1694492176557 0.2593235769844875 44
1694492177018 0.6356973657807368 45
1694492177455 0.02125007411020939 46
1694492177999 0.19838766219477968 47
1694492178484 0.00026282317242631474 48
1694492178916 0.004591328002878176 49
