1694511779929 34.314723914723814 0
1694511780306 10.504906192685205 1
1694511780642 5.680993477844071 2
1694511781008 4.346251585954519 3
1694511781372 3.803319412963558 4
1694511781739 3.496148129635201 5
1694511782117 3.2866317122532833 6
1694511782468 3.1304441262365317 7
1694511782819 2.998023922419727 8
1694511783155 2.8844845091170583 9
1694511783525 2.780401794370943 10
1694511783903 2.686929900068854 11
1694511784226 2.598512590579606 12
1694511784604 2.5156180086449536 13
1694511784964 2.4355066478383676 14
1694511785325 2.3591362742298427 15
1694511785671 2.287152343467499 16
1694511786024 2.217259368451203 17
1694511786366 2.149561501382892 18
1694511786714 2.0865660874914935 19
1694511787044 2.0253756787204935 20
1694511787378 1.9644937961265287 21
1694511787720 1.9073860726143548 22
1694511788044 1.852088929148388 23
1694511788387 1.798741390930275 24
1694511788752 1.7491348616164435 25
1694511789126 1.6990855460759717 26
1694511789482 1.6508878542705827 27
1694511789814 1.6044767059323937 28
1694511790170 1.561148793577003 29
1694511790531 1.5185987438879573 30
1694511790866 1.476717526817883 31
1694511791210 1.437940488478149 32
1694511791553 1.3988055941997841 33
1694511791915 1.361574485448528 34
1694511792282 1.3261249258553154 35
1694511792619 1.2918444435085092 36
1694511792946 1.2584130615263514 37
1694511793321 1.224664465979781 38
1694511793628 1.1928390795006776 39
1694511793985 1.1621558027315062 40
1694511794367 1.1333687884299197 41
1694511794724 1.1040736633357082 42
1694511795057 1.076600229558104 43
1694511795402 1.0496231325429843 44
1694511795740 1.024205882859239 45
1694511796107 0.9998134755356672 46
1694511796465 0.9743625652242538 47
1694511796832 0.9511575691437112 48
1694511797224 0.9294263125547925 49
