1694511779828 46.59491576455742 0
1694511780224 5.694202104287516 1
1694511780557 1.3068453949164966 2
1694511780908 0.9432218328079326 3
1694511781286 0.9076264765858862 4
1694511781649 0.08924780824951323 5
1694511782013 0.07299750999373997 6
1694511782375 0.7647164128391724 7
1694511782720 1.9867337545811805 8
1694511783062 2.4727812707866734 9
1694511783433 0.3828489279654301 10
1694511783808 0.5567800341115862 11
1694511784130 0.6914165250310619 12
1694511784513 0.16841601658561178 13
1694511784875 7.53408497912512 14
1694511785231 4.048365031547433 15
1694511785588 0.9792941551549756 16
1694511785934 14.560309082163146 17
1694511786274 0.3138164668927858 18
1694511786624 0.0900616955310143 19
1694511786961 1.8684601420094038 20
1694511787300 1.9328701879835555 21
1694511787634 0.0037045529138905057 22
1694511787953 0.5486792017740528 23
1694511788298 0.30039835492131345 24
1694511788668 0.44399156816071356 25
1694511789025 9.662845165520254 26
1694511789396 1.1709997462993065 27
1694511789725 5.191438011915347 28
1694511790071 0.03733033955589767 29
1694511790436 0.2689703116568164 30
1694511790771 0.1492945312404367 31
1694511791125 3.0768990782031422 32
1694511791467 1.09189537959864 33
1694511791814 10.565538828809261 34
1694511792202 0.850170248818655 35
1694511792531 8.78576276944363 36
1694511792850 0.10096994002637122 37
1694511793239 0.3991590577966993 38
1694511793545 0.12331932351077621 39
1694511793898 0.14261431697299867 40
1694511794281 0.004950521097300219 41
1694511794639 6.044753679389267 42
1694511794973 0.01377597541731081 43
1694511795315 1.191213545084362 44
1694511795655 2.9127728241989757 45
1694511796007 0.5991556742791294 46
1694511796373 0.1575768070785115 47
1694511796740 0.03102089141665396 48
1694511797126 2.1118229410223637 49
