1694513258241 168.7920922769342 0
1694513258592 168.12363231896842 1
1694513258928 167.45796960112202 2
1694513259203 166.79509225581228 3
1694513259553 166.13498846613194 4
1694513259922 165.47764646563203 5
1694513260248 164.82305453810554 6
1694513260555 164.1712010173722 7
1694513260900 163.52207428706407 8
1694513261244 162.87566278041214 9
1694513261601 162.23195498003358 10
1694513261918 161.59093941772048 11
1694513262249 160.95260467422867 12
1694513262576 160.31693937906823 13
1694513262917 159.68393221029459 14
1694513263205 159.05357189430012 15
1694513263578 158.4258472056075 16
1694513263897 157.80074696666318 17
1694513264293 157.17826004763216 18
1694513264633 156.55837536619336 19
1694513264974 155.94108188733622 20
1694513265345 155.32636862315795 21
1694513265661 154.71422463266146 22
1694513266003 154.10463902155476 23
1694513266341 153.49760094205044 24
1694513266710 152.89309959266677 25
1694513267031 152.29112421802907 26
1694513267351 151.69166410867228 27
1694513267703 151.09470860084414 28
1694513268018 150.50024707630942 29
1694513268353 149.90826896215495 30
1694513268679 149.31876373059532 31
1694513269023 148.73172089877966 32
1694513269377 148.14713002859904 33
1694513269752 147.56498072649472 34
1694513270107 146.98526264326753 35
1694513270426 146.40796547388757 36
1694513270791 145.83307895730516 37
1694513271128 145.26059287626228 38
1694513271476 144.69049705710512 39
1694513271798 144.12278136959708 40
1694513272101 143.557435726733 41
1694513272506 142.99445008455382 42
1694513272870 142.43381444196214 43
1694513273268 141.8755188405388 44
1694513273657 141.31955336435976 45
1694513274016 140.76590813981443 46
1694513274392 140.21457333542403 47
1694513274753 139.66553916166146 48
1694513275143 139.11879587077127 49
