1694513258374 -235.49090183025723 0
1694513258702 -234.55433723078906 1
1694513259032 -233.62169178315756 2
1694513259330 -232.69294885995268 3
1694513259683 -231.7680919047646 4
1694513260053 -230.84710443187942 5
1694513260346 -229.92997002597633 6
1694513260691 -229.01667234182577 7
1694513261012 -228.10719510398908 8
1694513261376 -227.20152210651977 9
1694513261724 -226.2996372126651 10
1694513262024 -225.40152435457017 11
1694513262369 -224.5071675329823 12
1694513262718 -223.61655081695724 13
1694513263016 -222.7296583435664 14
1694513263353 -221.84647431760533 15
1694513263688 -220.96698301130368 16
1694513264050 -220.09116876403604 17
1694513264419 -219.21901598203453 18
1694513264740 -218.35050913810193 19
1694513265145 -217.4856327713267 20
1694513265436 -216.62437148679902 21
1694513265769 -215.7667099553277 22
1694513266122 -214.91263291315886 23
1694513266500 -214.0621251616953 24
1694513266811 -213.21517156721768 25
1694513267136 -212.37175706060614 26
1694513267486 -211.53186663706396 27
1694513267812 -210.6954853558414 28
1694513268126 -209.86259833996183 29
1694513268454 -209.03319077594824 30
1694513268815 -208.20724791355127 31
1694513269141 -207.38475506547815 32
1694513269518 -206.5656976071232 33
1694513269882 -205.75006097629915 34
1694513270212 -204.9378306729697 35
1694513270571 -204.12899225898332 36
1694513270927 -203.3235313578081 37
1694513271259 -202.52143365426778 38
1694513271600 -201.7226848942788 39
1694513271893 -200.92727088458884 40
1694513272225 -200.13517749251585 41
1694513272652 -199.34639064568896 42
1694513273009 -198.56089633178968 43
1694513273422 -197.77868059829518 44
1694513273800 -196.9997295522216 45
1694513274152 -196.2240293598694 46
1694513274499 -195.45156624656923 47
1694513274904 -194.68232649642908 48
1694513275283 -193.91629645208243 49
