1694513258106 168.68472058792412 0
1694513258463 168.00910268672416 1
1694513258781 167.3363278858582 2
1694513259110 166.66638408701132 3
1694513259426 165.999259243613 4
1694513259791 165.33494136061515 5
1694513260146 164.673418494271 6
1694513260449 164.0146787519152 7
1694513260797 163.3587102917446 8
1694513261120 162.70550132260027 9
1694513261476 162.05504010375014 10
1694513261817 161.40731494467283 11
1694513262130 160.76231420484228 12
1694513262476 160.12002629351318 13
1694513262803 159.48043966950763 14
1694513263107 158.8435428410026 15
1694513263443 158.20932436531814 16
1694513263778 157.57777284870656 17
1694513264145 156.94887694614283 18
1694513264518 156.3226253611153 19
1694513264847 155.6990068454179 20
1694513265237 155.078010198943 21
1694513265562 154.45962426947474 22
1694513265869 153.84383795248408 23
1694513266215 153.2306401909243 24
1694513266606 152.62001997502693 25
1694513266916 152.01196634209956 26
1694513267248 151.4064683763235 27
1694513267579 150.80351520855302 28
1694513267914 150.20309601611518 29
1694513268229 149.60520002261043 30
1694513268557 149.00981649771438 31
1694513268913 148.41693475697997 32
1694513269252 147.82654416164095 33
1694513269617 147.23863411841583 34
1694513269988 146.65319407931295 35
1694513270315 146.0702135414363 36
1694513270657 145.48968204679198 37
1694513271020 144.91158918209587 38
1694513271363 144.33592457858177 39
1694513271697 143.76267791181056 40
1694513271998 143.1918389014801 41
1694513272348 142.62339731123603 42
1694513272761 142.05734294848335 43
1694513273136 141.49366566419866 44
1694513273527 140.93235535274343 45
1694513273895 140.3734019516781 46
1694513274271 139.81679544157652 47
1694513274615 139.26252584584182 48
1694513275006 138.71058323052273 49
