1694352689778 35.41954672029597 0
1694352690157 15.81630895679235 1
1694352690521 3.77860098071725 2
1694352690893 30.45307846675009 3
1694352691245 36.957288036584636 4
1694352691706 0.03181682122677631 5
1694352692103 20.885379725133692 6
1694352692518 0.43370756413444767 7
1694352692882 0.02154731670602854 8
1694352693338 0.312301469576717 9
1694352693891 0.09396124879453174 10
1694352694429 3.8596118772667687 11
1694352695033 1.3351235577415543 12
1694352695589 1.9537620212032591 13
1694352696155 2.52845727670138 14
1694352696631 1.038146496233644 15
1694352697211 0.39594522549234407 16
1694352697720 0.03942560457203493 17
1694352698222 0.1324626518386779 18
1694352698713 4.529626294309761 19
1694352699242 36.3673106175237 20
1694352699754 3.8352673733690748 21
1694352700297 5.918671491470299 22
1694352700808 1.133156167954489 23
1694352701332 19.60630154149649 24
1694352701818 1.1393891899850663 25
1694352702291 0.24879223288306593 26
1694352702754 30.19377229450749 27
1694352703246 0.07149051504704057 28
1694352703848 5.887430993717112 29
1694352704389 21.09798611678531 30
1694352705088 4.581507673977787 31
1694352705575 31.424162866519566 32
1694352706081 0.1303322989170936 33
1694352706566 0.37376716588270326 34
1694352707073 1.2146540932580947 35
1694352707580 0.5022583115052215 36
1694352708116 0.19992388300899844 37
1694352708695 1.9406489583817093 38
1694352709257 0.005806214713053483 39
1694352709753 0.7847840194366619 40
1694352710253 0.08143147726823635 41
1694352710801 0.5255828058876756 42
1694352711330 5.9271314370012735 43
1694352711900 2.851156081067358 44
1694352712383 7.743638031468468 45
1694352712957 0.11409087331112437 46
1694352713571 0.664817627532738 47
1694352714156 6.276070827810144 48
1694352714719 0.2615724619392359 49
1694352715246 2.5601025142223586 50
1694352715791 24.8853224467678 51
1694352716320 0.0011141556406578333 52
1694352716855 3.0788206034481007 53
1694352717357 18.512507335142484 54
1694352717866 1.1427185417394965 55
1694352718412 1.0369837801906754 56
1694352718976 0.8669259128220602 57
1694352719494 0.7565320287576938 58
1694352720053 6.063926944413728 59
1694352720588 0.4212487620416979 60
1694352721111 0.10791498357153308 61
1694352721621 23.877247954631496 62
1694352722151 0.42703477903014886 63
1694352722710 0.12051615392032168 64
1694352723186 4.8625428959184624 65
1694352723570 2.4997202293464778 66
1694352723941 19.696255314819933 67
1694352724338 3.4548888087957965 68
1694352724756 5.390823424725474 69
1694352725184 0.044495630743967805 70
1694352725555 7.9483198516708224 71
1694352725933 0.6661120725939628 72
1694352726318 3.676406748058507 73
1694352726677 1.3724925697050327 74
1694352727043 0.02944633802710053 75
1694352727404 2.616625726651489 76
1694352727757 2.879519059378559 77
1694352728112 1.0893526063925718 78
1694352728435 0.342953994524286 79
1694352728753 36.19536972764294 80
1694352729102 0.17776576108880496 81
1694352729451 0.07914998466349409 82
1694352729854 3.6573001719733575 83
1694352730267 0.846673320361936 84
1694352730681 3.7394573826927084 85
1694352731041 1.644889998812109 86
1694352731455 0.24928498023609497 87
1694352731844 0.6547947380373293 88
1694352732214 5.500847219217812 89
1694352732602 0.12773396126386488 90
1694352732963 0.08613727065618428 91
1694352733322 4.763188921489001 92
1694352733690 12.699417392340704 93
1694352734087 0.08566219539555303 94
1694352734497 0.03814132313698614 95
1694352734926 6.433462967001286 96
1694352735291 0.003578735735297276 97
1694352735660 5.022716379799417 98
1694352736045 2.6447545572234286 99
