1694510176654 0.397420110093036 0
1694510176967 0.33742725323277495 1
1694510177259 0.3156763930180467 2
1694510177586 0.3036004570401309 3
1694510177885 0.35292317506362864 4
1694510178202 0.3097115520830749 5
1694510178553 0.32003872895631197 6
1694510178853 0.32911705105550054 7
1694510179154 0.36296514622044357 8
1694510179466 0.31580149045511313 9
1694510179792 0.30717325353848657 10
1694510180095 0.29829328425713414 11
1694510180437 0.3273951714496624 12
1694510180763 0.3166302339699005 13
1694510181098 0.30325354317493514 14
1694510181416 0.29943636678476326 15
1694510181725 0.35608350246149345 16
1694510182058 0.3059242999155291 17
1694510182369 0.3160855436031009 18
1694510182708 0.3217480675021606 19
1694510183002 0.373935508236069 20
1694510183293 0.32487296368806284 21
1694510183588 0.35464563478381295 22
1694510183892 0.32814900680033576 23
1694510184245 0.34956187769269076 24
1694510184566 0.3325589572909585 25
1694510184883 0.30730241566851507 26
1694510185181 0.31019399340222487 27
1694510185495 0.2987189133056228 28
1694510185794 0.3227408725713217 29
1694510186097 0.3026378127503501 30
1694510186411 0.32936857544179016 31
1694510186725 0.3319656417761111 32
1694510187018 0.31578273174922417 33
1694510187331 0.3152600578915726 34
1694510187618 0.31386565462099936 35
1694510187943 0.30092558649004447 36
1694510188239 0.3246148555908628 37
1694510188545 0.3529402017401246 38
1694510188850 0.31490091640045054 39
1694510189153 0.31067727346102914 40
1694510189480 0.3006339325524252 41
1694510189790 0.31132447702557275 42
1694510190118 0.33058261279507334 43
1694510190453 0.2939520757546421 44
1694510190777 0.3173767387851283 45
1694510191090 0.322916931525912 46
1694510191396 0.2900462222363599 47
1694510191710 0.6733369803330539 48
1694510192031 0.3201305279800646 49
