1694510176769 0.4431833922220678 0
1694510177081 0.52723806937471 1
1694510177394 0.5577127230055535 2
1694510177700 0.5746320522901044 3
1694510178001 0.505527072852093 4
1694510178345 0.5660699309348867 5
1694510178661 0.551600749712194 6
1694510178946 0.538881311547874 7
1694510179275 0.4914574871091054 8
1694510179588 0.557537451727679 9
1694510179884 0.5696262854052088 10
1694510180237 0.5820678157828674 11
1694510180564 0.5412937993329041 12
1694510180877 0.5563763173489635 13
1694510181225 0.5751181057048755 14
1694510181523 0.5804662679012171 15
1694510181862 0.5010992073856606 16
1694510182160 0.5713761669586217 17
1694510182503 0.5571394710863516 18
1694510182791 0.5492058329315088 19
1694510183088 0.4760871532772154 20
1694510183396 0.5448276093597704 21
1694510183699 0.5031137722815642 22
1694510184038 0.5402376171415029 23
1694510184352 0.5102365129440409 24
1694510184684 0.5340589321421898 25
1694510184975 0.5694453191750928 26
1694510185285 0.5653939929741274 27
1694510185605 0.581471476249632 28
1694510185904 0.5478148355039615 29
1694510186237 0.5759807921105605 30
1694510186532 0.5385289062417751 31
1694510186820 0.5348902135090083 32
1694510187121 0.5575637341394496 33
1694510187431 0.5582960410283073 34
1694510187728 0.5602497088958274 35
1694510188030 0.5783797548046941 36
1694510188355 0.5451892389589602 37
1694510188664 0.5055032171487519 38
1694510188966 0.5587992263018258 39
1694510189265 0.5647168798736173 40
1694510189602 0.5787883847458217 41
1694510189907 0.5638100971411919 42
1694510190231 0.5368279451086995 43
1694510190583 0.5881501878889202 44
1694510190888 0.5553304058101445 45
1694510191215 0.5475681631605793 46
1694510191508 0.5936225936663184 47
1694510191831 0.0566023113608487 48
1694510192129 0.5514721321115615 49
