1694510176560 0.33258372970617445 0
1694510176890 0.40736829370922617 1
1694510177188 0.273723871888152 2
1694510177509 1.1059978012579579 3
1694510177816 0.06933132088201716 4
1694510178118 0.028990669298846947 5
1694510178459 0.0826691143178283 6
1694510178768 0.0004900429398115781 7
1694510179075 0.6883355037698614 8
1694510179390 0.08433677885231235 9
1694510179707 0.48790347891963387 10
1694510180013 0.0019426841331266417 11
1694510180354 0.19494910525121145 12
1694510180684 0.26445064290592696 13
1694510181007 0.39489477602180023 14
1694510181333 0.12955181759193954 15
1694510181644 6.686971596582589e-05 16
1694510181973 1.5376861668756925 17
1694510182291 0.0207595981955718 18
1694510182626 0.2745006389077031 19
1694510182918 0.44567393054007187 20
1694510183205 0.3790531394451749 21
1694510183515 0.14304674730469202 22
1694510183799 0.40725645842285196 23
1694510184154 0.06472043751316717 24
1694510184483 0.1597765931666984 25
1694510184800 0.06977440273258805 26
1694510185097 0.03139583836793115 27
1694510185398 0.25189311633771483 28
1694510185721 0.33370337851076504 29
1694510186023 0.07381438968276859 30
1694510186339 0.18046604638996291 31
1694510186645 0.15183906005098108 32
1694510186935 0.8637094208221295 33
1694510187246 2.850222509814659 34
1694510187542 0.3845664910913162 35
1694510187849 0.24731680733248848 36
1694510188153 0.32305282671025903 37
1694510188469 0.01068497873887056 38
1694510188770 0.14664608920967867 39
1694510189075 0.09105687585675591 40
1694510189395 0.09017926825619614 41
1694510189712 0.6471560426578729 42
1694510190032 1.027819504988296 43
1694510190355 0.5424711611637216 44
1694510190699 0.026402745354834577 45
1694510190998 0.6225485213689995 46
1694510191323 0.062466687013245974 47
1694510191627 0.4876614810120032 48
1694510191948 0.07663577316980073 49
