1694511526913 169.2416337718408 0
1694511527244 168.57800024992767 1
1694511527577 167.9171324486795 2
1694511527903 167.25901865199697 3
1694511528201 166.60364719378637 4
1694511528526 165.95100645774545 5
1694511528832 165.30108487715015 6
1694511529127 164.6538709346419 7
1694511529448 164.00935316201625 8
1694511529761 163.36752014001223 9
1694511530097 162.72836049810246 10
1694511530418 162.09186291428458 11
1694511530729 161.45801611487306 12
1694511531036 160.82680887429228 13
1694511531375 160.19823001487046 14
1694511531703 159.57226840663418 15
1694511532079 158.94891296710418 16
1694511532418 158.3281526610918 17
1694511532762 157.70997650049628 18
1694511533132 157.09437354410315 19
1694511533480 156.48133289738317 20
1694511533842 155.87084371229244 21
1694511534205 155.2628951870731 22
1694511534553 154.65747656605507 23
1694511534911 154.05457713945864 24
1694511535256 153.4541862431978 25
1694511535614 152.8562932586844 26
1694511535968 152.2608876126333 27
1694511536350 151.66795877686832 28
1694511536705 151.07749626812895 29
1694511537046 150.48948964787775 30
1694511537399 149.903928522109 31
1694511537769 149.32080254115778 32
1694511538095 148.74010139951008 33
1694511538466 148.16181483561343 34
1694511538857 147.58593263168902 35
1694511539234 147.01244461354366 36
1694511539568 146.4413406503834 37
1694511539940 145.8726106546276 38
1694511540327 145.3062445817235 39
1694511540694 144.7422324299624 40
1694511541088 144.18056424029558 41
1694511541447 143.62123009615206 42
1694511541831 143.0642201232562 43
1694511542194 142.50952448944693 44
1694511542564 141.95713340449703 45
1694511542912 141.40703711993356 46
1694511543287 140.85922592885927 47
1694511543623 140.31369016577415 48
1694511543969 139.7704202063984 49
