1694511527004 -236.12074456818692 0
1694511527378 -235.19094218251274 1
1694511527710 -234.2650147874584 2
1694511528010 -233.34294596785375 3
1694511528318 -232.42471937859062 4
1694511528631 -231.51031874432246 5
1694511528930 -230.59972785916563 6
1694511529232 -229.6929305864014 7
1694511529558 -228.7899108581798 8
1694511529906 -227.89065267522457 9
1694511530204 -226.9951401065389 10
1694511530514 -226.10335728911338 11
1694511530832 -225.2152884276343 12
1694511531181 -224.3309177941936 13
1694511531488 -223.45022972800024 14
1694511531846 -222.57320863509239 15
1694511532189 -221.69983898805123 16
1694511532537 -220.8301053257157 17
1694511532884 -219.9639922528986 18
1694511533271 -219.10148444010412 19
1694511533602 -218.24256662324606 20
1694511533969 -217.38722360336777 21
1694511534339 -216.53544024636307 22
1694511534691 -215.68720148269827 23
1694511535031 -214.84249230713564 24
1694511535397 -214.00129777845805 25
1694511535730 -213.16360301919423 26
1694511536088 -212.32939321534616 27
1694511536504 -211.4986536161168 28
1694511536825 -210.6713695336396 29
1694511537161 -209.8475263427085 30
1694511537517 -209.0271094805098 31
1694511537881 -208.21010444635485 32
1694511538216 -207.39649680141366 33
1694511538599 -206.58627216845008 34
1694511538988 -205.779416231558 35
1694511539350 -204.9759147358983 36
1694511539723 -204.17575348743765 37
1694511540094 -203.37891835268775 38
1694511540453 -202.58539525844586 39
1694511540829 -201.7951701915371 40
1694511541227 -201.0082291985566 41
1694511541565 -200.22455838561393 42
1694511541961 -199.44414391807797 43
1694511542333 -198.6669720203232 44
1694511542698 -197.89302897547682 45
1694511543067 -197.1223011251671 46
1694511543399 -196.35477486927286 47
1694511543742 -195.59043666567393 48
1694511544099 -194.82927303000272 49
