1694511526818 169.13214655269246 0
1694511527090 168.45172478267494 1
1694511527468 167.78380402088763 2
1694511527797 167.1186821388091 3
1694511528104 166.45634724512328 4
1694511528409 165.79678749934834 5
1694511528728 165.13999111161849 6
1694511529020 164.4859463424671 7
1694511529331 163.83464150261048 8
1694511529659 163.18606495273252 9
1694511529994 162.54020510327067 10
1694511530311 161.89705041420214 11
1694511530613 161.25658939483185 12
1694511530927 160.6188106035806 13
1694511531271 159.98370264777463 14
1694511531590 159.35125418343569 15
1694511531931 158.72145391507237 16
1694511532288 158.09429059547202 17
1694511532633 157.4697530254938 18
1694511532989 156.84783005386245 19
1694511533363 156.22851057696317 20
1694511533707 155.61178353863698 21
1694511534066 154.99763792997754 22
1694511534431 154.38606278912812 23
1694511534788 153.77704720108022 24
1694511535128 153.1705802974724 25
1694511535484 152.56665125639037 26
1694511535831 151.96524930216788 27
1694511536195 151.36636370518815 28
1694511536587 150.76998378168668 29
1694511536922 150.1760988935545 30
1694511537266 149.5846984481424 31
1694511537627 148.99577189806604 32
1694511537972 148.40930874101178 33
1694511538321 147.8252985195435 34
1694511538713 147.24373082091017 35
1694511539095 146.66459527685421 36
1694511539445 146.08788156342064 37
1694511539818 145.51357940076727 38
1694511540189 144.94167855297547 39
1694511540546 144.37216882786188 40
1694511540928 143.80504007679085 41
1694511541317 143.24028219448763 42
1694511541671 142.67788511885274 43
1694511542069 142.11783883077652 44
1694511542423 141.56013335395514 45
1694511542808 141.00475875470661 46
1694511543167 140.4517051417887 47
1694511543504 139.90096266621632 48
1694511543843 139.35252152108075 49
