1694493833807 9.756113171266545 0
1694493834223 4.23401121226277 1
1694493834676 3.5256307422635866 2
1694493835098 3.169476011363649 3
1694493835484 2.9232443982379737 4
1694493835905 2.724774497345954 5
1694493836249 2.5372669620959067 6
1694493836707 2.376089650916636 7
1694493837085 2.237399826184794 8
1694493837553 2.0993795749859583 9
1694493837930 1.9796713289158574 10
1694493838371 1.864476950806681 11
1694493838749 1.7584985862051827 12
1694493839136 1.6656291659555211 13
1694493839490 1.5613348860200325 14
1694493839843 1.4813813273017526 15
1694493840258 1.3933002986349117 16
1694493840606 1.325193604877358 17
1694493841005 1.2508920425879386 18
1694493841468 1.1829978673908919 19
1694493841856 1.121105283923725 20
1694493842278 1.0654588677127232 21
1694493842683 1.00898116092134 22
1694493843096 0.9582834436339429 23
1694493843500 0.9079712605534014 24
1694493843939 0.8684263359279347 25
1694493844339 0.8283986631069148 26
1694493844727 0.7854924845307881 27
1694493845121 0.7491551587758281 28
1694493845521 0.7147853139754208 29
1694493845962 0.679347999265039 30
1694493846367 0.6546498907821101 31
1694493846818 0.6289450933139791 32
1694493847270 0.6032779187819175 33
1694493847719 0.5778980228589716 34
1694493848123 0.554855225792122 35
1694493848545 0.5285545118557508 36
1694493849011 0.5107891906580742 37
1694493849487 0.49331529044815353 38
1694493849907 0.4761907346495563 39
1694493850325 0.4580112594135295 40
1694493850812 0.4403043975448605 41
1694493851203 0.4209290301485283 42
1694493851830 0.4051570341421171 43
1694493852339 0.39647732628031873 44
1694493852875 0.38233210200510337 45
1694493853468 0.370089855450647 46
1694493853984 0.35903999925581703 47
1694493854494 0.3494697145289843 48
1694493854923 0.3400375944670548 49
