1694493833949 -13.387109503242925 0
1694493834368 -5.2437962618339276 1
1694493834828 -4.199164325639006 2
1694493835251 -3.6739513618691104 3
1694493835646 -3.3108394217951993 4
1694493836043 -3.018160549881234 5
1694493836438 -2.7416476194787065 6
1694493836881 -2.503963248185852 7
1694493837252 -2.29944064165447 8
1694493837708 -2.09590543938652 9
1694493838088 -1.9193745182688735 10
1694493838524 -1.7495000915457632 11
1694493838906 -1.5932163021175167 12
1694493839279 -1.4562639630887242 13
1694493839627 -1.3024636535132919 14
1694493839985 -1.1845580302122327 15
1694493840395 -1.0546670190746892 16
1694493840793 -0.9542316875248655 17
1694493841190 -0.8446609297697947 18
1694493841638 -0.7445389943181722 19
1694493842027 -0.6532674643400986 20
1694493842426 -0.5712070095835267 21
1694493842839 -0.4879206702560186 22
1694493843269 -0.4131579448372089 23
1694493843663 -0.338963757600963 24
1694493844121 -0.28064779191908706 25
1694493844490 -0.22161992888321436 26
1694493844881 -0.1583472014451528 27
1694493845297 -0.10476140600447215 28
1694493845686 -0.05407700822511252 29
1694493846142 -0.001818437799677719 30
1694493846578 0.034603279028432965 31
1694493846971 0.07250953630944312 32
1694493847467 0.11036031193586804 33
1694493847875 0.147787444587398 34
1694493848273 0.1817681127942975 35
1694493848701 0.2205531540062493 36
1694493849174 0.24675125328455805 37
1694493849674 0.2725196009200981 38
1694493850043 0.2977727786091826 39
1694493850492 0.3245816210591166 40
1694493850944 0.3506935117466521 41
1694493851440 0.37926590809990257 42
1694493852007 0.40252449783185096 43
1694493852542 0.4153242578665781 44
1694493853046 0.43618388577606393 45
1694493853618 0.4542372374185394 46
1694493854164 0.47053219918039313 47
1694493854662 0.48464527186877415 48
1694493855088 0.49855459639141064 49
