1694493833640 12.217419470171341 0
1694493834090 5.988878002467126 1
1694493834506 3.023738791154778 2
1694493834965 2.674124217648074 3
1694493835361 3.695575028269363 4
1694493835755 2.249304009371711 5
1694493836138 2.9323118945926314 6
1694493836555 3.4774736873347956 7
1694493836976 2.9594111354561687 8
1694493837403 1.3789423657451696 9
1694493837814 2.4581214475287037 10
1694493838232 2.5413742616939627 11
1694493838629 1.798450035513363 12
1694493839029 1.312999085105257 13
1694493839384 1.2634447097364205 14
1694493839726 1.0863012717968508 15
1694493840112 1.7335449639124654 16
1694493840490 0.7002285269818552 17
1694493840894 0.700388781647265 18
1694493841336 1.7124331487604953 19
1694493841753 1.6453413704383608 20
1694493842154 1.157683894703869 21
1694493842563 1.3611403898131873 22
1694493842961 0.8436273769187592 23
1694493843380 0.9138802688480017 24
1694493843767 0.752765794137672 25
1694493844227 0.6817566961229777 26
1694493844608 0.7759287434377601 27
1694493845002 0.8820344898221293 28
1694493845411 1.1583945198578194 29
1694493845815 0.7920143403129715 30
1694493846253 0.6136012480478608 31
1694493846711 0.7535072326860016 32
1694493847132 0.46344848922211235 33
1694493847591 0.3814187146678959 34
1694493847981 0.5688227808746359 35
1694493848398 0.511258149962231 36
1694493848851 0.4408263435946472 37
1694493849354 0.4372820027037489 38
1694493849783 0.43763884545042636 39
1694493850183 0.4965522755357312 40
1694493850653 0.5686276918232499 41
1694493851042 0.4371640787774786 42
1694493851641 0.28043447761811635 43
1694493852176 0.5246414543870308 44
1694493852717 0.3741425395393776 45
1694493853257 0.22863923097999897 46
1694493853792 0.3947383742294405 47
1694493854306 0.3388732795775455 48
1694493854787 0.33679755321199 49
