1694508954514 168.37877075596572 0
1694508954846 167.7085527841796 1
1694508955147 167.04127006058812 2
1694508955453 166.37690931743802 3
1694508955811 165.71545734791343 4
1694508956122 165.05690100585375 5
1694508956443 164.40122720547265 6
1694508956780 163.74842292107846 7
1694508957097 163.09847518679584 8
1694508957429 162.45137109628897 9
1694508957720 161.8070978024855 10
1694508958049 161.16564251730244 11
1694508958377 160.52699251137275 12
1694508958712 159.89113511377371 13
1694508959081 159.25805771175595 14
1694508959390 158.62774775047444 15
1694508959697 158.00019273272014 16
1694508960068 157.37538021865325 17
1694508960382 156.75329782553757 18
1694508960666 156.133933227476 19
1694508961042 155.51727415514756 20
1694508961367 154.9033083955453 21
1694508961708 154.29202379171576 22
1694508962055 153.68340824249933 23
1694508962392 153.07744970227188 24
1694508962711 152.47413618068785 25
1694508963008 151.87345574242434 26
1694508963345 151.2753965069262 27
1694508963694 150.67994664815276 28
1694508964039 150.08709439432525 29
1694508964369 149.4968280276758 30
1694508964681 148.9091358841974 31
1694508964984 148.32400635339502 32
1694508965359 147.7414278780379 33
1694508965697 147.1613889539132 34
1694508966009 146.58387812958028 35
1694508966341 146.0088840061268 36
1694508966692 145.4363952369254 37
1694508967024 144.86640052739187 38
1694508967345 144.2988886347441 39
1694508967710 143.73384836776256 40
1694508968053 143.17126858655155 41
1694508968391 142.61113820230167 42
1694508968696 142.0534461770537 43
1694508969012 141.49818152346276 44
1694508969324 140.94533330456466 45
1694508969654 140.39489063354236 46
1694508969979 139.84684267349428 47
1694508970331 139.30117863720298 48
1694508970606 138.75788778690566 49
