1694508954644 -237.25423699471452 0
1694508954958 -236.30588542538587 1
1694508955252 -235.3616872022057 2
1694508955602 -234.42162355143896 3
1694508955922 -233.48567578557638 4
1694508956246 -232.55382530293534 5
1694508956569 -231.62605358726202 6
1694508956891 -230.7023422073361 7
1694508957234 -229.78267281657676 8
1694508957522 -228.86702715265085 9
1694508957814 -227.95538703708252 10
1694508958162 -227.04773437486534 11
1694508958495 -226.14405115407513 12
1694508958876 -225.24431944548598 13
1694508959197 -224.34852140218666 14
1694508959488 -223.45663925919996 15
1694508959815 -222.56865533310307 16
1694508960172 -221.68455202164995 17
1694508960497 -220.80431180339562 18
1694508960817 -219.92791723732194 19
1694508961148 -219.05535096246524 20
1694508961500 -218.18659569754578 21
1694508961830 -217.32163424059877 22
1694508962165 -216.4604494686073 23
1694508962495 -215.6030243371365 24
1694508962814 -214.74934187997022 25
1694508963147 -213.8993852087486 26
1694508963479 -213.05313751260783 27
1694508963823 -212.21058205782137 28
1694508964131 -211.3717021874428 29
1694508964480 -210.5364813209505 30
1694508964787 -209.70490295389396 31
1694508965100 -208.87695065754153 32
1694508965471 -208.0526080785301 33
1694508965800 -207.2318589385161 34
1694508966114 -206.41468703382841 35
1694508966472 -205.60107623512266 36
1694508966802 -204.7910104870373 37
1694508967132 -203.98447380785134 38
1694508967497 -203.1814502891431 39
1694508967833 -202.38192409545158 40
1694508968173 -201.58587946393834 41
1694508968495 -200.79330070405166 42
1694508968807 -200.00417219719213 43
1694508969109 -199.21847839637934 44
1694508969425 -198.4362038259208 45
1694508969787 -197.657333081082 46
1694508970099 -196.88185082775797 47
1694508970429 -196.10974180214652 48
1694508970726 -195.3409908104232 49
