1694508954356 169.17813275916612 0
1694508954719 168.50294821459897 1
1694508955029 167.8307240599999 2
1694508955353 167.1614469138793 3
1694508955693 166.49510345616793 4
1694508956011 165.83168042793287 5
1694508956331 165.17116463109446 6
1694508956662 164.51354292814483 7
1694508956977 163.8588022418676 8
1694508957317 163.20692955505913 9
1694508957618 162.5579119102505 10
1694508957917 161.91173640943146 11
1694508958266 161.26839021377526 12
1694508958576 160.6278605433648 13
1694508958968 159.99013467692015 14
1694508959286 159.35519995152734 15
1694508959578 158.72304376236812 16
1694508959920 158.0936535624517 17
1694508960276 157.4670168623467 18
1694508960582 156.84312122991525 19
1694508960906 156.22195429004785 20
1694508961244 155.60350372439964 21
1694508961591 154.98775727112783 22
1694508961924 154.37470272463023 23
1694508962262 153.76432793528537 24
1694508962606 153.15662080919333 25
1694508962908 152.55156930791824 26
1694508963241 151.94916144823173 27
1694508963577 151.34938530185738 28
1694508963903 150.75222899521685 29
1694508964250 150.15768070917682 30
1694508964575 149.5657286787972 31
1694508964874 148.97636119308058 32
1694508965213 148.3895665947227 33
1694508965557 147.80533327986416 34
1694508965884 147.22364969784343 35
1694508966228 146.64450435095057 36
1694508966575 146.0678857941828 37
1694508966901 145.49378263500046 38
1694508967225 144.92218353308445 39
1694508967590 144.35307720009502 40
1694508967936 143.78645239943125 41
1694508968260 143.22229794599187 42
1694508968590 142.66060270593718 43
1694508968897 142.10135559645207 44
1694508969194 141.54454558551018 45
1694508969512 140.9901616916389 46
1694508969880 140.43819298368592 47
1694508970195 139.8886285805865 48
1694508970515 139.34145765113186 49
