1694494398510 168.63402375852186 0
1694494399137 168.57323048929365 1
1694494399497 168.5124599390913 2
1694494399828 168.4517122400154 3
1694494400235 168.39098738339297 4
1694494400611 168.33028536055733 5
1694494401039 168.26960616284495 6
1694494401512 168.2089497815958 7
1694494401983 168.148316208153 8
1694494402380 168.08770543386314 9
1694494402693 168.02711745007588 10
1694494403049 167.96655224814432 11
1694494403377 167.90600981942495 12
1694494403729 167.8454901552774 13
1694494404081 167.78499324706453 14
1694494404417 167.7245190861527 15
1694494404768 167.66406766391148 16
1694494405125 167.6036389717137 17
1694494405463 167.5432330009355 18
1694494405823 167.4828497429563 19
1694494406214 167.4224891891588 20
1694494406609 167.362151330929 21
1694494407027 167.3018361596562 22
1694494407496 167.24154366673295 23
1694494407888 167.18127384355515 24
1694494408253 167.12102668152184 25
1694494408622 167.0608021720355 26
1694494409058 167.0006003065018 27
1694494409499 166.94042107632967 28
1694494409921 166.88026447293146 29
1694494410328 166.82013048772254 30
1694494410780 166.76001911212177 31
1694494411234 166.6999303375512 32
1694494411623 166.6398641554362 33
1694494412032 166.5798205572053 34
1694494412552 166.51979953429046 35
1694494412992 166.4598010781267 36
1694494413373 166.3998251801525 37
1694494413707 166.33987183180955 38
1694494414087 166.27994102454272 39
1694494414469 166.22003274980023 40
1694494414872 166.16014699903357 41
1694494415246 166.10028376369732 42
1694494415661 166.04044303524964 43
1694494416057 165.98062480515162 44
1694494416470 165.92082906486775 45
1694494416927 165.86105580586585 46
1694494417333 165.80130501961685 47
1694494417698 165.741576697595 48
1694494418042 165.68187083127785 49
