1694494398767 -247.6806090904907 0
1694494399264 -247.59095869323798 1
1694494399604 -247.50134179919573 2
1694494399948 -247.4117586031696 3
1694494400360 -247.32220909236966 4
1694494400756 -247.2326932540154 5
1694494401182 -247.14321107533098 6
1694494401672 -247.05376254354556 7
1694494402128 -246.96434764589313 8
1694494402486 -246.87496636961265 9
1694494402809 -246.78561870194767 10
1694494403177 -246.6963046301469 11
1694494403514 -246.60702414146382 12
1694494403849 -246.51777722315674 13
1694494404186 -246.42856386248877 14
1694494404543 -246.33938404672796 15
1694494404901 -246.25023776314723 16
1694494405255 -246.16112499902437 17
1694494405589 -246.0720457416419 18
1694494405940 -245.98299997828727 19
1694494406353 -245.8939876962528 20
1694494406763 -245.80500888283564 21
1694494407166 -245.71606352533766 22
1694494407644 -245.6271516110658 23
1694494408024 -245.5382731273317 24
1694494408366 -245.44942806145187 25
1694494408750 -245.36061640074757 26
1694494409192 -245.27183813254507 27
1694494409663 -245.18309324417527 28
1694494410058 -245.0943817229741 29
1694494410472 -245.00570355628219 30
1694494410967 -244.91705873144497 31
1694494411379 -244.82844723581283 32
1694494411757 -244.7398690567409 33
1694494412231 -244.6513241815891 34
1694494412703 -244.5628125977223 35
1694494413117 -244.47433429250998 36
1694494413478 -244.38588925332658 37
1694494413827 -244.29747746755146 38
1694494414215 -244.2090989225685 39
1694494414589 -244.1207536057666 40
1694494414985 -244.0324415045395 41
1694494415372 -243.9441626062855 42
1694494415794 -243.85591689840805 43
1694494416185 -243.76770436831512 44
1694494416652 -243.6795250034196 45
1694494417073 -243.5913787911392 46
1694494417436 -243.50326571889636 47
1694494417813 -243.4151857741183 48
1694494418183 -243.32713894423728 49
