1694494398334 169.35337134490703 0
1694494398987 169.28623340373122 1
1694494399366 169.22583514661844 2
1694494399699 169.16545935006408 3
1694494400052 169.1051061451612 4
1694494400464 169.04477552334862 5
1694494400882 168.9844674760716 6
1694494401346 168.92418199477845 7
1694494401793 168.8639190709209 8
1694494402228 168.80367869595383 9
1694494402572 168.74346086133545 10
1694494402921 168.68326555852724 11
1694494403262 168.6230927789938 12
1694494403606 168.56294251420317 13
1694494403953 168.50281475562656 14
1694494404288 168.44270949473832 15
1694494404648 168.38262672301633 16
1694494404999 168.32256643194142 17
1694494405344 168.26252861299784 18
1694494405676 168.20251325767305 19
1694494406054 168.14252035745776 20
1694494406477 168.0825499038459 21
1694494406861 168.0226018883347 22
1694494407301 167.9626763024245 23
1694494407761 167.90277313761916 24
1694494408124 167.84289238542544 25
1694494408465 167.7830340373536 26
1694494408868 167.72319808491693 27
1694494409312 167.66338451963213 28
1694494409773 167.60359333301903 29
1694494410177 167.5438245166008 30
1694494410578 167.4840780619037 31
1694494411077 167.42435396045732 32
1694494411498 167.36465220379444 33
1694494411864 167.30497278345115 34
1694494412399 167.2453156909666 35
1694494412817 167.18568091788333 36
1694494413229 167.12606845574703 37
1694494413566 167.06647829610668 38
1694494413946 167.00691043051438 39
1694494414310 166.94736485052547 40
1694494414750 166.88784154769863 41
1694494415083 166.82834051359558 42
1694494415479 166.7688617397814 43
1694494415905 166.70940521782433 44
1694494416294 166.64997093929586 45
1694494416763 166.59055889577064 46
1694494417196 166.53116907882657 47
1694494417576 166.47180148004472 48
1694494417910 166.41245609100943 49
