1694512467245 163.35904296316494 0
1694512467516 157.86750254487458 1
1694512467818 152.56954170726826 2
1694512468064 147.45877378959813 3
1694512468352 142.5298465324032 4
1694512468620 137.7734296229197 5
1694512468907 133.18409617912388 6
1694512469183 128.75747072108706 7
1694512469485 124.4871017354346 8
1694512469793 120.36689417907988 9
1694512470084 116.39194679150809 10
1694512470383 112.55639504408396 11
1694512470686 108.85580697878235 12
1694512471029 105.28506458658995 13
1694512471327 101.83987267270003 14
1694512471634 98.51588169648929 15
1694512471929 95.30839919851306 16
1694512472234 92.213157839208 17
1694512472541 89.22677694024794 18
1694512472820 86.34488616935849 19
1694512473127 83.56391002504724 20
1694512473406 80.88047631126636 21
1694512473685 78.2904820980333 22
1694512473977 75.79119598634477 23
1694512474277 73.37896734487799 24
1694512474594 71.05092212142834 25
1694512474889 68.80427324637371 26
1694512475198 66.63582503847347 27
1694512475459 64.54302295813262 28
1694512475729 62.52296002089393 29
1694512476047 60.573377021935215 30
1694512476330 58.69138902524018 31
1694512476634 56.87464713503987 32
1694512476924 55.121103226707284 33
1694512477208 53.428212846915464 34
1694512477483 51.79415596106744 35
1694512477746 50.216603466194556 36
1694512478058 48.6936177412296 37
1694512478381 47.223356118347986 38
1694512478677 45.804032818283986 39
1694512478975 44.43357431709013 40
1694512479312 43.11033854848346 41
1694512479600 41.832448025296166 42
1694512479874 40.59853780554153 43
1694512480179 39.407286526656044 44
1694512480447 38.257016867660596 45
1694512480715 37.14614801247684 46
1694512480973 36.073169969032605 47
1694512481219 35.03699304336647 48
1694512481505 34.036279953678005 49
