1694512467370 -230.15137355281271 0
1694512467646 -222.38090007559705 1
1694512467900 -214.8843397234539 2
1694512468177 -207.65265543680272 3
1694512468451 -200.67827382329506 4
1694512468715 -193.94799258588083 5
1694512469011 -187.45413274204918 6
1694512469312 -181.19050303249108 7
1694512469618 -175.1479746318229 8
1694512469905 -169.31792311646953 9
1694512470194 -163.69341325297478 10
1694512470514 -158.26614679335253 11
1694512470828 -153.0298525623653 12
1694512471141 -147.9772886296503 13
1694512471458 -143.10237733852412 14
1694512471754 -138.3989641335293 15
1694512472074 -133.86040923258642 16
1694512472370 -129.48067439389632 17
1694512472634 -125.25497599223422 18
1694512472941 -121.17713005216906 19
1694512473222 -117.24207727569008 20
1694512473494 -113.44504603990941 21
1694512473790 -109.78023074090173 22
1694512474108 -106.24376647703765 23
1694512474406 -102.83048764236541 24
1694512474734 -99.53632748243604 25
1694512475017 -96.35734232226429 26
1694512475310 -93.28901030560759 27
1694512475571 -90.3277167850888 28
1694512475876 -87.46934840745854 29
1694512476182 -84.71070842102 30
1694512476466 -82.04771467084203 31
1694512476756 -79.47704349345624 32
1694512477041 -76.99579681348125 33
1694512477325 -74.60037425550594 34
1694512477587 -72.28820048920656 35
1694512477849 -70.05597985772455 36
1694512478211 -67.90097064708443 37
1694512478513 -65.82056550117704 38
1694512478800 -63.81223756062171 39
1694512479119 -61.87305281025855 40
1694512479433 -60.000687743106376 41
1694512479688 -58.19248573404177 42
1694512480013 -56.44651540412591 43
1694512480310 -54.76090703885766 44
1694512480562 -53.133287246221656 45
1694512480822 -51.561419187649186 46
1694512481074 -50.043166239815314 47
1694512481343 -48.5769864969194 48
1694512481615 -47.16098771890301 49
