1694512467128 158.5183423350515 0
1694512467444 157.81882026819017 1
1694512467728 155.40450021962334 2
1694512467984 151.54750401498393 3
1694512468271 142.775179421296 4
1694512468544 139.53063025162683 5
1694512468815 131.3502083493118 6
1694512469099 128.06019709403438 7
1694512469391 120.42048833712141 8
1694512469702 119.15112914082684 9
1694512469992 119.4743221178691 10
1694512470296 115.28404903718076 11
1694512470606 102.48746254735981 12
1694512470920 96.68436579730067 13
1694512471231 99.63626074422541 14
1694512471537 100.24809290526889 15
1694512471851 92.68903750103958 16
1694512472147 87.76656370120486 17
1694512472449 94.42535008006809 18
1694512472719 91.28460272000711 19
1694512473036 94.26018793486071 20
1694512473312 77.65359243097181 21
1694512473592 78.84972529921197 22
1694512473885 83.83169984333412 23
1694512474190 73.94825796491091 24
1694512474493 67.80950867828128 25
1694512474816 61.03505411974576 26
1694512475118 70.76964965747152 27
1694512475387 64.53935531866044 28
1694512475651 58.99326780715857 29
1694512475955 55.29477524604245 30
1694512476255 51.9485745005023 31
1694512476548 54.391691255840335 32
1694512476835 53.19411848279816 33
1694512477125 56.95353632007443 34
1694512477407 56.07307506494894 35
1694512477667 55.6025542381481 36
1694512477953 47.265556400990135 37
1694512478293 46.45026928980789 38
1694512478592 39.39641528374143 39
1694512478890 48.38680111075249 40
1694512479212 41.332296036035345 41
1694512479516 48.95764182059387 42
1694512479783 46.36332770579344 43
1694512480094 41.049310959992056 44
1694512480376 40.96540896612037 45
1694512480634 37.85151498133783 46
1694512480904 35.60280924376471 47
1694512481143 36.834260235151106 48
1694512481422 30.178925156613367 49
