1694507846701 4.584804648032221 0
1694507847125 4.616926018526971 1
1694507847553 4.612327920187606 2
1694507847982 4.817264465986763 3
1694507848392 5.635951875753225 4
1694507848771 4.6672150508656705 5
1694507849184 4.659224768388441 6
1694507849622 4.147351133563617 7
1694507850028 4.365069934133655 8
1694507850457 3.981684100462409 9
1694507850856 5.53240315943214 10
1694507851283 5.5356814896023545 11
1694507851710 4.611368835335225 12
1694507852104 4.9550102205439455 13
1694507852520 5.231538258887741 14
1694507852966 4.716177054779869 15
1694507853379 4.850051688289354 16
1694507853807 4.643623785047351 17
1694507854175 6.703993838128569 18
1694507854538 4.229586635690632 19
1694507854879 7.383962483840567 20
1694507855226 4.5243197262873505 21
1694507855585 4.656400214158603 22
1694507855912 4.66819717669267 23
1694507856231 4.485395275614858 24
1694507856560 5.013608788391176 25
1694507856932 5.241730935761634 26
1694507857300 5.044611282857153 27
1694507857677 4.233147803684809 28
1694507857998 5.014460141702617 29
1694507858365 4.494721183392984 30
1694507858700 5.824370785247634 31
1694507859037 4.971287229431796 32
1694507859409 5.487039613556321 33
1694507859748 5.7853128637425435 34
1694507860092 4.978824450223405 35
1694507860473 4.19081976032379 36
1694507860791 4.701972515934223 37
1694507861137 4.123391918993148 38
1694507861501 4.766686507234248 39
1694507861838 4.635770196460859 40
1694507862167 4.9429367600668295 41
1694507862538 4.2436419190360875 42
1694507862917 4.747988493707774 43
1694507863267 4.824461487680873 44
1694507863621 4.494051871065828 45
1694507863962 5.090730828455782 46
1694507864310 4.757737455125706 47
1694507864647 4.716872645883054 48
1694507864996 4.458172321724804 49
