1694507846586 7.058651496499601 0
1694507847014 4.080495283515025 1
1694507847440 28.058721535027715 2
1694507847859 27.037303547676636 3
1694507848286 14.206178105455319 4
1694507848670 0.14982687060065966 5
1694507849065 3.3624229586490677 6
1694507849513 24.39327666386554 7
1694507849920 0.25818194420073287 8
1694507850339 0.017422991133319708 9
1694507850751 6.733955034618367 10
1694507851176 0.3589646984422249 11
1694507851593 0.2648243007892028 12
1694507851995 0.8809927711263481 13
1694507852408 1.5760448227598474 14
1694507852858 0.1901529831571175 15
1694507853272 2.7878517585101728 16
1694507853702 2.030113488000443 17
1694507854074 8.682597402451794 18
1694507854444 25.744997797718042 19
1694507854784 1.4390519907878163 20
1694507855131 3.634960976617628 21
1694507855495 4.354795367255057 22
1694507855817 0.23372458925364623 23
1694507856137 0.04319183082891179 24
1694507856479 0.1330110710350441 25
1694507856830 3.14939098380447 26
1694507857214 26.280988914578064 27
1694507857590 0.39476627512031687 28
1694507857906 4.095783909322473 29
1694507858279 1.2224903151666737 30
1694507858617 5.319617305038265 31
1694507858950 3.809031017983628 32
1694507859327 3.8283639404188627 33
1694507859656 2.373846847031909 34
1694507860006 11.471888003924482 35
1694507860365 31.831385073656126 36
1694507860701 5.927545921098623 37
1694507861050 3.113934850199762 38
1694507861413 2.663365947520577 39
1694507861736 4.589639183582933 40
1694507862077 1.1899584572876971 41
1694507862439 0.11194695635553077 42
1694507862801 0.09155003402156554 43
1694507863174 0.09884494527129778 44
1694507863526 23.80609568982689 45
1694507863873 0.10412272812553028 46
1694507864215 1.3466807009629 47
1694507864553 0.05020854834512435 48
1694507864915 21.890427018039947 49
