1694510613298 163.37675208147587 0
1694510613629 157.93931206285595 1
1694510613924 152.6936859503036 2
1694510614227 147.63281760651702 3
1694510614491 142.75016946023086 4
1694510614747 138.03777328344816 5
1694510615084 133.49158963782156 6
1694510615378 129.10549554629833 7
1694510615658 124.87270131285266 8
1694510615976 120.78769757817417 9
1694510616267 116.84549631527798 10
1694510616542 113.04161940961872 11
1694510616827 109.37081401436501 12
1694510617109 105.82804747961848 13
1694510617389 102.40889905653279 14
1694510617669 99.10905896098484 15
1694510617962 95.92493551061006 16
1694510618276 92.85180772260897 17
1694510618551 89.88541709989036 18
1694510618827 87.02232619379092 19
1694510619071 84.25872628922136 20
1694510619371 81.59097365639607 21
1694510619637 79.01618142336072 22
1694510619909 76.53082126704506 23
1694510620182 74.1318170003698 24
1694510620507 71.81569875946941 25
1694510620786 69.57946723689392 26
1694510621082 67.42089865112438 27
1694510621375 65.33681618738925 28
1694510621689 63.32482790312918 29
1694510621970 61.38217399199269 30
1694510622245 59.50640832061249 31
1694510622548 57.695560894318035 32
1694510622827 55.946810721654494 33
1694510623108 54.25809463927315 34
1694510623375 52.62735407514966 35
1694510623664 51.05274249671302 36
1694510623942 49.5321947236421 37
1694510624222 48.06396908417395 38
1694510624539 46.64564710892368 39
1694510624841 45.27543873342984 40
1694510625141 43.952238806271744 41
1694510625399 42.67421213263276 42
1694510625689 41.439654659347504 43
1694510625950 40.2473731930034 44
1694510626241 39.095281660392814 45
1694510626509 37.98231346739451 46
1694510626824 36.90708715171032 47
1694510627131 35.868128310486846 48
1694510627405 34.86416069682479 49
