1694510613429 -230.17643177394163 0
1694510613754 -222.48250980845586 1
1694510614046 -215.0600025565348 2
1694510614324 -207.8989256561272 3
1694510614589 -200.99002851081502 4
1694510614885 -194.3220361595501 5
1694510615188 -187.88923283842098 6
1694510615474 -181.68295459757647 7
1694510615782 -175.69359408664343 8
1694510616094 -169.91335561859478 9
1694510616386 -164.33518118630724 10
1694510616667 -158.95273430353978 11
1694510616941 -153.75858224579727 12
1694510617219 -148.74560386499067 13
1694510617504 -143.90754384675589 14
1694510617778 -139.23830389067615 15
1694510618100 -134.73280180297223 16
1694510618388 -130.38435744130967 17
1694510618651 -126.18694507589686 18
1694510618916 -122.13570075206302 19
1694510619201 -118.22523517694502 20
1694510619475 -114.45039251019567 21
1694510619751 -110.80708785755127 22
1694510620003 -107.29032867798543 23
1694510620335 -103.89576219827066 24
1694510620610 -100.61847859655681 25
1694510620900 -97.45423388350486 26
1694510621204 -94.39988143102943 27
1694510621499 -91.45092607874857 28
1694510621804 -88.60398325242613 29
1694510622071 -85.85514785432578 30
1694510622365 -83.20095863077289 31
1694510622672 -80.63862805947466 32
1694510622937 -78.16416446639982 33
1694510623211 -75.77464849652978 34
1694510623495 -73.46716729152277 35
1694510623762 -71.23910802669307 36
1694510624042 -69.0875484930267 37
1694510624341 -67.01002424280783 38
1694510624666 -65.00311316661377 39
1694510624972 -63.064282341555696 40
1694510625229 -61.19196798968635 41
1694510625511 -59.38357332912632 42
1694510625800 -57.636687142090295 43
1694510626076 -55.94962107211372 44
1694510626331 -54.319423346962076 45
1694510626637 -52.74458474687209 46
1694510626954 -51.223150516833336 47
1694510627229 -49.75303439190111 48
1694510627539 -48.33243049577734 49
