1694510613208 167.7675789346422 0
1694510613523 154.59830594759063 1
1694510613837 152.94231432447913 2
1694510614138 144.24998451933806 3
1694510614411 142.0601629974215 4
1694510614663 136.81558746271764 5
1694510614984 141.59504667988463 6
1694510615289 133.61079672412058 7
1694510615566 128.23580471495683 8
1694510615875 121.10671500320106 9
1694510616174 118.83960622082327 10
1694510616467 112.79693273062318 11
1694510616751 110.97160477253951 12
1694510617032 112.55540822431527 13
1694510617299 98.53243361034788 14
1694510617588 96.65124498651087 15
1694510617859 90.87169813513867 16
1694510618189 83.8218982017777 17
1694510618468 86.86743934975155 18
1694510618741 89.9993259208784 19
1694510618997 83.31983623481104 20
1694510619287 81.91478118745074 21
1694510619557 79.40530877323118 22
1694510619828 72.25068306608983 23
1694510620099 76.38126505262278 24
1694510620421 77.40767139212939 25
1694510620705 67.2083711199983 26
1694510620989 60.29598597997107 27
1694510621287 69.99690516028949 28
1694510621594 62.99481204526756 29
1694510621895 68.01901843422678 30
1694510622145 63.61607025381145 31
1694510622459 49.54547064429171 32
1694510622754 54.76559418506362 33
1694510623022 53.335651398571 34
1694510623291 57.01898162747496 35
1694510623586 49.861055039028116 36
1694510623859 51.94093163027095 37
1694510624132 37.84679319990633 38
1694510624443 41.799893561910096 39
1694510624761 52.43354799293431 40
1694510625058 45.14845894782971 41
1694510625321 43.55209237460828 42
1694510625597 36.676033960804716 43
1694510625874 36.89063861609158 44
1694510626155 37.070953871216915 45
1694510626424 40.186812227713716 46
1694510626732 35.49867530111415 47
1694510627045 35.038699858504465 48
1694510627320 33.89684452068955 49
