1694493251926 168.4945957832499 0
1694493252328 167.8260742533482 1
1694493252741 167.16811584460842 2
1694493253145 166.51278559669947 3
1694493253556 165.86015070980636 4
1694493253962 165.21019996816062 5
1694493254329 164.56292220458832 6
1694493254707 163.91830629866504 7
1694493255097 163.27634117651945 8
1694493255507 162.63701581063745 9
1694493255889 162.00031921966766 10
1694493256274 161.36624046822692 11
1694493256606 160.7347686667074 12
1694493256970 160.1058929710842 13
1694493257325 159.4796025827234 14
1694493257714 158.85588674819184 15
1694493258105 158.2347347590666 16
1694493258460 157.61613595174612 17
1694493258825 157.00007970726182 18
1694493259213 156.38655545109035 19
1694493259617 155.77555265296684 20
1694493260034 155.16706082669896 21
1694493260432 154.5610695299818 22
1694493260837 153.95756836421307 23
1694493261214 153.3565469743098 24
1694493261562 152.75799504852512 25
1694493261942 152.16190231826653 26
1694493262332 151.56825855791413 27
1694493262690 150.97705358464034 28
1694493263017 150.38827725822986 29
1694493263440 149.80191948090078 30
1694493263857 149.2179701971261 31
1694493264257 148.63641939345626 32
1694493264652 148.05725709834223 33
1694493265079 147.48047338195968 34
1694493265500 146.90605835603327 35
1694493265838 146.33400217366244 36
1694493266262 145.7642950291472 37
1694493266645 145.1969271578154 38
1694493267054 144.6318888358499 39
1694493267400 144.06917038011733 40
1694493267807 143.50876214799686 41
1694493268143 142.95065453721003 42
1694493268526 142.3948379856513 43
1694493268946 141.8413029712193 44
1694493269318 141.29004001164867 45
1694493269695 140.7407737502645 46
1694493270075 140.19402923147442 47
1694493270418 139.6492601893983 48
1694493270797 139.10672843557336 49
