1694493252052 -247.47499795080435 0
1694493252462 -246.48914505148596 1
1694493252864 -245.51886933728062 2
1694493253281 -244.55246930973468 3
1694493253680 -243.59004406737265 4
1694493254077 -242.63157707056584 5
1694493254450 -241.67705185134676 6
1694493254829 -240.72645201068846 7
1694493255227 -239.7797612182146 8
1694493255640 -238.83696321191073 9
1694493256007 -237.8980417978375 10
1694493256385 -236.96298084984386 11
1694493256720 -236.03176430928258 12
1694493257086 -235.10437618472636 13
1694493257446 -234.18080055168502 14
1694493257860 -233.26102155232488 15
1694493258226 -232.3450233951877 16
1694493258588 -231.4327903549123 17
1694493258945 -230.52430677195673 18
1694493259360 -229.61955705232134 19
1694493259754 -228.71852566727335 20
1694493260165 -227.82119715307294 21
1694493260584 -226.9275561106997 22
1694493260967 -226.03758720558065 23
1694493261330 -225.15127516731968 24
1694493261686 -224.26860478942749 25
1694493262075 -223.38956092905332 26
1694493262453 -222.51412850671724 27
1694493262794 -221.64229250604407 28
1694493263179 -220.77403797349803 29
1694493263577 -219.9093500181187 30
1694493263978 -219.04821381125814 31
1694493264398 -218.19061458631901 32
1694493264803 -217.33653763849355 33
1694493265234 -216.48596832450454 34
1694493265611 -215.6388920623461 35
1694493265973 -214.7952943310266 36
1694493266406 -213.95516067031218 37
1694493266794 -213.1184766804715 38
1694493267163 -212.2852280220213 39
1694493267561 -211.45540041547366 40
1694493267920 -210.62897964108348 41
1694493268266 -209.80595153859775 42
1694493268655 -208.98630200700546 43
1694493269065 -208.1700170042887 44
1694493269439 -207.35708254717488 45
1694493269825 -206.54709257368373 46
1694493270189 -205.74082135439346 47
1694493270532 -204.93746332392197 48
1694493270912 -204.1374045695551 49
