1694493251772 169.81771259646231 0
1694493252174 169.14402583000057 1
1694493252569 168.4798572432143 2
1694493252997 167.82620388039194 3
1694493253403 167.17514808207187 4
1694493253828 166.52675702439055 5
1694493254192 165.88101963630578 6
1694493254568 165.23792489476006 7
1694493254958 164.5974618228494 8
1694493255353 163.95961948962938 9
1694493255755 163.32438700992174 10
1694493256145 162.69175354412178 11
1694493256484 162.06170829800658 12
1694493256838 161.43424052254414 13
1694493257181 160.80933951370312 14
1694493257567 160.18699461226373 15
1694493257968 159.56719520362887 16
1694493258329 158.94993071763673 17
1694493258685 158.3351906283736 18
1694493259056 157.72296445398774 19
1694493259475 157.11324175650427 20
1694493259874 156.50601214164016 21
1694493260259 155.90126525862073 22
1694493260706 155.2989907999966 23
1694493261094 154.69917850146115 24
1694493261429 154.10181814166944 25
1694493261792 153.50689954205723 26
1694493262193 152.91441256666093 27
1694493262556 152.3243471219387 28
1694493262888 151.73669315659174 29
1694493263296 151.15144066138674 30
1694493263712 150.5685796689788 31
1694493264118 149.98810025373547 32
1694493264511 149.40999253156093 33
1694493264956 148.8342466597218 34
1694493265372 148.2608528366725 35
1694493265708 147.68980130188265 36
1694493266116 147.1210823356642 37
1694493266513 146.5546862589996 38
1694493266918 145.99060343337104 39
1694493267277 145.42882426058983 40
1694493267685 144.86933918262702 41
1694493268028 144.31213868144425 42
1694493268383 143.7572132788257 43
1694493268798 143.20455353621077 44
1694493269197 142.6541500545269 45
1694493269549 142.10599347402396 46
1694493269942 141.56009157481515 47
1694493270284 141.01639986270484 48
1694493270630 140.4749436996056 49
