1694510441953 164.02810564184824 0
1694510442266 158.59966097468083 1
1694510442584 153.3626576654472 2
1694510442861 148.31051067049174 3
1694510443138 143.43590964176212 4
1694510443413 138.73163661649485 5
1694510443704 134.19287422787383 6
1694510444002 129.8130805518821 7
1694510444293 125.58712066725688 8
1694510444605 121.50884225847456 9
1694510444877 117.5734432962397 10
1694510445164 113.77645686277897 11
1694510445434 110.11220738569304 12
1694510445738 106.57618632997104 13
1694510446049 103.16329978505648 14
1694510446303 99.86910681446768 15
1694510446564 96.69026198572398 16
1694510446856 93.62213579068202 17
1694510447179 90.66043281233715 18
1694510447484 87.8021935052442 19
1694510447757 85.04293125548482 20
1694510448017 82.37956703278252 21
1694510448329 79.80849665722654 22
1694510448618 77.3267034487686 23
1694510448883 74.93049987293082 24
1694510449160 72.61759769088687 25
1694510449461 70.38433746520698 26
1694510449748 68.22796409434486 27
1694510450039 66.1467879740628 28
1694510450343 64.13717495958124 29
1694510450609 62.196502666459544 30
1694510450913 60.3230478156063 31
1694510451271 58.51356566321145 32
1694510451612 56.766544361257054 33
1694510451894 55.07947262567588 34
1694510452205 53.45024106556852 35
1694510452526 51.87616945640214 36
1694510452807 50.35621544423985 37
1694510453098 48.887984159655296 38
1694510453403 47.46975972847583 39
1694510453719 46.09996527243719 40
1694510454034 44.776885896161644 41
1694510454349 43.49790075638845 42
1694510454660 42.26280970472296 43
1694510454952 41.069220607374206 44
1694510455258 39.91642311470214 45
1694510455594 38.80227139546046 46
1694510455906 37.726331484311345 47
1694510456238 36.686319908669105 48
1694510456543 35.68141208652395 49
