1694510442076 -228.81618454675845 0
1694510442399 -221.21050967445578 1
1694510442700 -213.87305909379285 2
1694510442952 -206.7946066443986 3
1694510443244 -199.9649099578051 4
1694510443534 -193.37385610454803 5
1694510443817 -187.01469557754203 6
1694510444120 -180.87826263039688 7
1694510444433 -174.95736283745035 8
1694510444700 -169.24337632423504 9
1694510444990 -163.7295750727296 10
1694510445267 -158.40970058232327 11
1694510445567 -153.27580093289328 12
1694510445874 -148.32155931482936 13
1694510446135 -143.53983876167115 14
1694510446417 -138.92441717462626 15
1694510446700 -134.4706073415528 16
1694510446977 -130.17192296003537 17
1694510447303 -126.02234581543206 18
1694510447589 -122.01772935347077 19
1694510447856 -118.15178747770345 20
1694510448137 -114.42020622627902 21
1694510448445 -110.81793586170117 22
1694510448718 -107.34074977965726 23
1694510448980 -103.98348145639352 24
1694510449285 -100.74292489063139 25
1694510449574 -97.61395292477555 26
1694510449864 -94.59270544642065 27
1694510450135 -91.67681518809273 28
1694510450448 -88.86119042917439 29
1694510450702 -86.14215700428888 30
1694510451071 -83.5173004648626 31
1694510451421 -80.98207467144378 32
1694510451716 -78.53436140690287 33
1694510452016 -76.17064216616181 34
1694510452341 -73.8879615278535 35
1694510452632 -71.68256428811546 36
1694510452925 -69.55299002768727 37
1694510453214 -67.4958833474933 38
1694510453551 -65.50884017382937 39
1694510453832 -63.58965117711277 40
1694510454160 -61.735913655007444 41
1694510454459 -59.943955601450014 42
1694510454778 -58.213496592910516 43
1694510455078 -56.541185063152064 44
1694510455410 -54.92602575685954 45
1694510455717 -53.365012196894305 46
1694510456042 -51.85753636393082 47
1694510456365 -50.40039893456589 48
1694510456653 -48.99244460501426 49
