1694510441859 156.77939724160126 0
1694510442165 163.5262639630577 1
1694510442494 156.97234600589894 2
1694510442782 149.06148888625125 3
1694510443051 144.66406058365126 4
1694510443326 136.24081716923988 5
1694510443617 139.66184267758732 6
1694510443913 134.43668295323593 7
1694510444211 126.42738361894978 8
1694510444526 114.32258155288044 9
1694510444784 112.8334033892804 10
1694510445079 114.1931544947966 11
1694510445358 109.81287550954282 12
1694510445652 110.89812688454106 13
1694510445963 110.39106077890462 14
1694510446226 100.86086926824616 15
1694510446492 96.32208605889281 16
1694510446775 90.82017550787835 17
1694510447076 97.30371805111719 18
1694510447395 79.6215889773426 19
1694510447671 87.74393548896674 20
1694510447940 79.33462499322977 21
1694510448225 72.42862654291203 22
1694510448528 84.02701761769374 23
1694510448802 77.54037247714619 24
1694510449063 73.6913568353335 25
1694510449373 72.34631600355182 26
1694510449669 77.99246117577091 27
1694510449949 60.06754174144973 28
1694510450236 61.49290347587155 29
1694510450531 60.58360637845175 30
1694510450810 55.681754472984814 31
1694510451165 58.58312941379794 32
1694510451517 54.77104404690412 33
1694510451804 54.33623253872157 34
1694510452103 43.59121725721353 35
1694510452437 53.22488662064319 36
1694510452720 45.25153567053095 37
1694510453012 53.91577080510429 38
1694510453308 48.12727270163162 39
1694510453636 38.6229605750631 40
1694510453932 40.51905023609078 41
1694510454256 54.189852179980036 42
1694510454555 39.07371495167561 43
1694510454869 46.498569320585965 44
1694510455170 37.40596725149596 45
1694510455511 38.98814045450512 46
1694510455812 33.71780229966715 47
1694510456144 37.845418521061575 48
1694510456453 31.792905530139162 49
