1694491650558 120.64733420717478 0
1694491650961 87.6193108064909 1
1694491651280 64.64267866390142 2
1694491651675 48.567640507966345 3
1694491651995 37.232595940222154 4
1694491652329 29.172140160859787 5
1694491652680 23.38438206472427 6
1694491653005 19.185270103355233 7
1694491653362 16.0999039985206 8
1694491653798 13.810472918695842 9
1694491654107 12.088197168494982 10
1694491654451 10.774749059776372 11
1694491654859 9.759587324320998 12
1694491655219 8.965882815017187 13
1694491655584 8.33511239897712 14
1694491655971 7.832323821549193 15
1694491656366 7.424234136304529 16
1694491656709 7.086823950636014 17
1694491657078 6.807608914488563 18
1694491657478 6.573650150110424 19
1694491657829 6.377421581554454 20
1694491658211 6.210702654006109 21
1694491658559 6.06702989677263 22
1694491658940 5.94284549849341 23
1694491659353 5.833893770805811 24
1694491659728 5.738313959976316 25
1694491660101 5.654952693724517 26
1694491660454 5.581025646574264 27
1694491660790 5.516551393314043 28
1694491661154 5.458535875523372 29
1694491661522 5.405180286776807 30
1694491661874 5.3576687462188906 31
1694491662242 5.313455899819605 32
1694491662607 5.272878861372714 33
1694491662988 5.236235198582349 34
1694491663382 5.20204842397635 35
1694491663751 5.170112429729244 36
1694491664082 5.1409672419176005 37
1694491664468 5.114453202030542 38
1694491664842 5.090060411989973 39
1694491665229 5.066121970090769 40
1694491665561 5.0428352554306795 41
1694491665932 5.0217479472019715 42
1694491666276 5.001664736468157 43
1694491666698 4.982531668889429 44
1694491667069 4.96378379734777 45
1694491667457 4.94675982114308 46
1694491667884 4.931490787849572 47
1694491668339 4.916399192152867 48
1694491668747 4.901081139179015 49
