1694491650707 -169.71474288547336 0
1694491651094 -122.98042786794487 1
1694491651424 -90.46872858861673 2
1694491651794 -67.72271415159462 3
1694491652133 -51.683742120476545 4
1694491652454 -40.278279704285474 5
1694491652791 -32.0886612451788 6
1694491653128 -26.14696080444249 7
1694491653535 -21.78119934973912 8
1694491653910 -18.541677807761673 9
1694491654254 -16.10467525146366 10
1694491654590 -14.246159622860787 11
1694491655032 -12.809716158989135 12
1694491655347 -11.68663240315441 13
1694491655722 -10.794098721397857 14
1694491656109 -10.082658031179463 15
1694491656485 -9.505215304006356 16
1694491656851 -9.027783345216212 17
1694491657206 -8.632696927278307 18
1694491657603 -8.301647670623932 19
1694491657966 -8.023986254829262 20
1694491658334 -7.78808067898219 21
1694491658691 -7.584785198216386 22
1694491659090 -7.409065545876453 23
1694491659492 -7.254899966493014 24
1694491659849 -7.11965551258092 25
1694491660241 -7.001700174169994 26
1694491660576 -6.897094159213492 27
1694491660926 -6.805863750846982 28
1694491661285 -6.723772387054436 29
1694491661622 -6.648274775157502 30
1694491661985 -6.581046431624363 31
1694491662359 -6.5184857065582955 32
1694491662751 -6.46106961252658 33
1694491663127 -6.409219204784483 34
1694491663497 -6.3608452686730965 35
1694491663881 -6.315656163729223 36
1694491664214 -6.274416021323179 37
1694491664599 -6.236898926296431 38
1694491664979 -6.202383378088095 39
1694491665341 -6.168510727848813 40
1694491665697 -6.135560264981409 41
1694491666055 -6.105721939699984 42
1694491666409 -6.077304402095293 43
1694491666816 -6.050231307328823 44
1694491667199 -6.02370326101171 45
1694491667593 -5.999614508949591 46
1694491668039 -5.978008983142161 47
1694491668482 -5.956654529717849 48
1694491668892 -5.934979641564524 49
