1694491650411 122.61413286637463 0
1694491650829 86.64954147146042 1
1694491651192 66.07384576301503 2
1694491651559 52.410416334228294 3
1694491651889 33.20312432805191 4
1694491652227 35.144335753056 5
1694491652562 20.738710331789477 6
1694491652897 16.622079625678214 7
1694491653249 18.57124929440257 8
1694491653673 11.352849282365925 9
1694491654007 12.955043818739773 10
1694491654359 10.185140399872509 11
1694491654720 8.904052900961917 12
1694491655129 7.167611335521576 13
1694491655455 9.440406731145302 14
1694491655835 2.9130943716777677 15
1694491656225 5.645536418675427 16
1694491656592 6.377252345830716 17
1694491656956 7.248631252721425 18
1694491657357 9.532376186378633 19
1694491657716 6.138041925860791 20
1694491658079 6.034172912755792 21
1694491658426 5.984121958613259 22
1694491658815 5.654335785605532 23
1694491659229 7.781480128462362 24
1694491659616 8.623005334433188 25
1694491659956 4.432426785581135 26
1694491660352 7.431148065599558 27
1694491660677 4.614117881805207 28
1694491661033 4.263884827190174 29
1694491661388 5.819161824004394 30
1694491661740 4.295975319662552 31
1694491662098 4.852929204748366 32
1694491662478 5.19836235399801 33
1694491662866 3.585749869803119 34
1694491663253 5.038743945038803 35
1694491663625 5.365512072854894 36
1694491663970 6.4534429722138515 37
1694491664329 2.8934756211986805 38
1694491664711 4.514250974934541 39
1694491665110 3.6840983320085057 40
1694491665450 5.951837790175043 41
1694491665812 6.991197904189892 42
1694491666161 5.694383368216132 43
1694491666528 3.820186552632895 44
1694491666936 6.636077732520004 45
1694491667343 6.07897029648542 46
1694491667747 3.29593986754006 47
1694491668178 6.492692103858381 48
1694491668611 5.055527268066746 49
