1694508937761 168.9823765140335 0
1694508938070 168.31303626769986 1
1694508938352 167.64663048707052 2
1694508938631 166.9831458662217 3
1694508938907 166.32256916060356 4
1694508939204 165.66488718675436 5
1694508939463 165.01008682201606 6
1694508939754 164.35815500425159 7
1694508940071 163.70907873156276 8
1694508940367 163.06284506201035 9
1694508940637 162.41944111333464 10
1694508940910 161.7788540626779 11
1694508941235 161.14107114630804 12
1694508941521 160.50607965934313 13
1694508941800 159.8738669554778 14
1694508942092 159.2444204467106 15
1694508942406 158.6177276030727 16
1694508942714 157.9937759523577 17
1694508943007 157.37255307985305 18
1694508943280 156.7540466280724 19
1694508943591 156.1382442964894 20
1694508943871 155.5251338412727 21
1694508944147 154.91470307502206 22
1694508944477 154.30693986650584 23
1694508944792 153.70183214039977 24
1694508945108 153.09936787702665 25
1694508945430 152.49953511209773 26
1694508945764 151.90232193645488 27
1694508946097 151.307716495814 28
1694508946455 150.71570699050997 29
1694508946784 150.1262816752426 30
1694508947145 149.53942885882344 31
1694508947471 148.95513690392445 32
1694508947788 148.37339422682714 33
1694508948141 147.79418929717346 34
1694508948462 147.21751063771748 35
1694508948820 146.64334682407844 36
1694508949167 146.0716864844948 37
1694508949471 145.50251829957952 38
1694508949780 144.93583100207655 39
1694508950120 144.37161337661837 40
1694508950456 143.80985425948458 41
1694508950753 143.25054253836186 42
1694508951083 142.69366715210484 43
1694508951428 142.13921709049816 44
1694508951720 141.5871813940197 45
1694508952014 141.0375491536047 46
1694508952384 140.49030951041146 47
1694508952750 139.94545165558748 48
1694508953113 139.40296483003712 49
