1694508937867 -235.75750490525115 0
1694508938172 -234.81970695304014 1
1694508938452 -233.88602041642585 2
1694508938722 -232.9564266527701 3
1694508939008 -232.03090710542432 4
1694508939306 -231.10944330332916 5
1694508939565 -230.192016860616 6
1694508939872 -229.27860947621076 7
1694508940171 -228.36920293343886 8
1694508940457 -227.4637790996328 9
1694508940731 -226.56231992574084 10
1694508941036 -225.6648074459379 11
1694508941354 -224.77122377723865 12
1694508941617 -223.88155111911146 13
1694508941906 -222.99577175309503 14
1694508942210 -222.11386804241624 15
1694508942512 -221.23582243161042 16
1694508942826 -220.36161744614242 17
1694508943107 -219.49123569203056 18
1694508943384 -218.6246598554715 19
1694508943694 -217.7618727024673 20
1694508943960 -216.90285707845416 21
1694508944283 -216.04759590793265 22
1694508944588 -215.19607219409988 23
1694508944897 -214.34826901848373 24
1694508945221 -213.50416954057778 25
1694508945542 -212.66375699747928 26
1694508945884 -211.8270147035277 27
1694508946216 -210.99392604994532 28
1694508946562 -210.16447450447998 29
1694508946896 -209.3386436110489 30
1694508947266 -208.51641698938414 31
1694508947574 -207.69777833468035 32
1694508947914 -206.8827114172434 33
1694508948242 -206.0712000821413 34
1694508948590 -205.2632282488563 35
1694508948939 -204.4587799109388 36
1694508949279 -203.6578391356629 37
1694508949567 -202.8603900636835 38
1694508949889 -202.066416908695 39
1694508950251 -201.27590395709174 40
1694508950565 -200.48883556762968 41
1694508950856 -199.7051961710901 42
1694508951221 -198.92497026994465 43
1694508951522 -198.14814243802186 44
1694508951819 -197.3746973201754 45
1694508952128 -196.60461963195365 46
1694508952498 -195.83789415927154 47
1694508952878 -195.07450575808258 48
1694508953244 -194.31443935405377 49
