1694491356281 12.861478290550377 0
1694491356655 6.18121203171562 1
1694491356954 5.23924889578374 2
1694491357281 4.937008179114395 3
1694491357582 4.746259708533109 4
1694491357956 4.6413442014694475 5
1694491358299 4.551717284248283 6
1694491358631 4.512778506458038 7
1694491359004 4.432504586511458 8
1694491359355 4.429640902582878 9
1694491359707 4.407338046664323 10
1694491360037 4.354539577228263 11
1694491360401 4.319927221460763 12
1694491360762 4.328814543256275 13
1694491361109 4.394538376963062 14
1694491361462 4.36599898611647 15
1694491361841 4.310829987353951 16
1694491362234 4.316309546422762 17
1694491362631 4.313154881386255 18
1694491362986 4.343089119602854 19
1694491363374 4.328447781644707 20
1694491363772 4.321341492076589 21
1694491364162 4.320573433548745 22
1694491364558 4.314840169061762 23
1694491364935 4.318101009476909 24
1694491365312 4.331377605236744 25
1694491365712 4.3028488299842085 26
1694491366063 4.277926305493063 27
1694491366410 4.321974074456232 28
1694491366811 4.27915209334581 29
1694491367176 4.296972225001902 30
1694491367502 4.316169594960561 31
1694491367895 4.3250248163616885 32
1694491368269 4.30601223581106 33
1694491368577 4.3015094647759 34
1694491368943 4.303291020613021 35
1694491369344 4.269249148518088 36
1694491369713 4.307507992096596 37
1694491370089 4.31159228488356 38
1694491370411 4.298401605132736 39
1694491370856 4.271124589855415 40
1694491371238 4.292188445058865 41
1694491371582 4.2946502026288655 42
1694491371937 4.298377090793816 43
1694491372349 4.290124991982053 44
1694491372732 4.286821558931801 45
1694491373080 4.293384066414945 46
1694491373487 4.305705752289857 47
1694491373949 4.285300464365458 48
1694491374287 4.292632326593984 49
