1694491356418 -17.966518047853675 0
1694491356780 -8.115287287253802 1
1694491357085 -6.726196514446508 2
1694491357390 -6.280489273178829 3
1694491357725 -5.9991970120443865 4
1694491358106 -5.844480593506039 5
1694491358436 -5.7123098970552535 6
1694491358777 -5.6548878017847075 7
1694491359121 -5.536509749352166 8
1694491359472 -5.532286742347234 9
1694491359844 -5.499397247862862 10
1694491360175 -5.421536592902705 11
1694491360522 -5.3704945699320366 12
1694491360912 -5.383600493327756 13
1694491361256 -5.480521877480757 14
1694491361628 -5.438435512341506 15
1694491361988 -5.357079093812221 16
1694491362416 -5.3651596700589845 17
1694491362778 -5.360507560091672 18
1694491363126 -5.404650873679583 19
1694491363549 -5.383059638647763 20
1694491363918 -5.372580161382229 21
1694491364322 -5.37144752362465 22
1694491364707 -5.3629928139941585 23
1694491365085 -5.367801498282844 24
1694491365462 -5.387380180251152 25
1694491365872 -5.345309469677553 26
1694491366199 -5.308556811866305 27
1694491366566 -5.373513015666101 28
1694491366946 -5.310364452240665 29
1694491367292 -5.336643379206529 30
1694491367616 -5.3649532869454974 31
1694491368023 -5.378011872648326 32
1694491368380 -5.349974469481794 33
1694491368696 -5.3433343394614 34
1694491369066 -5.345961557746475 35
1694491369455 -5.295760813564085 36
1694491369848 -5.352180225923155 37
1694491370200 -5.358203235961868 38
1694491370569 -5.338751252301384 39
1694491370994 -5.298526482577283 40
1694491371378 -5.3295888519914705 41
1694491371698 -5.333219147695126 42
1694491372087 -5.338715101585187 43
1694491372471 -5.326545926509802 44
1694491372867 -5.321674431868821 45
1694491373198 -5.331352006546196 46
1694491373634 -5.34952250547696 47
1694491374090 -5.319431309663638 48
1694491374413 -5.330243433599956 49
