1694491356131 15.835279125344515 0
1694491356533 6.724257776925215 1
1694491356867 5.136781494437583 2
1694491357184 5.96292112560337 3
1694491357475 5.2887464686970835 4
1694491357839 2.8596360226551942 5
1694491358210 6.074038301339116 6
1694491358529 3.4015439030732892 7
1694491358889 5.987467647528441 8
1694491359244 4.0749916115396445 9
1694491359574 3.788878186473978 10
1694491359938 3.967094780524129 11
1694491360301 6.0260898049981355 12
1694491360621 6.584119744360262 13
1694491360998 2.572049478022787 14
1694491361350 6.049417591053548 15
1694491361727 4.190838295169197 16
1694491362102 7.607182530441309 17
1694491362512 3.5135244284495304 18
1694491362873 2.8868544201817796 19
1694491363249 4.329386598728699 20
1694491363655 5.21435950692803 21
1694491364025 3.593665361405217 22
1694491364433 5.846459072797545 23
1694491364830 1.898542093167288 24
1694491365202 5.074982285361721 25
1694491365585 3.5350498162575006 26
1694491365969 4.811014717320244 27
1694491366307 3.745621349541058 28
1694491366683 6.527952317025563 29
1694491367055 6.725543237246783 30
1694491367391 4.7714612934304546 31
1694491367735 3.321674691181059 32
1694491368156 3.2133899983563254 33
1694491368472 4.112697770370454 34
1694491368816 4.559051397961437 35
1694491369187 4.413225899845832 36
1694491369572 6.953137995955053 37
1694491369958 4.717251450523721 38
1694491370298 4.669580440912821 39
1694491370731 6.670823476745552 40
1694491371117 3.803361505819698 41
1694491371484 2.0907101495123537 42
1694491371816 2.6471437383132144 43
1694491372241 3.3516443847335124 44
1694491372594 2.6931270396536138 45
1694491372962 4.370033056140073 46
1694491373328 3.076935496488328 47
1694491373771 3.0062686715800977 48
1694491374187 3.899703367020539 49
