1694396265556 4.853395594815165 0
1694396266200 4.898377196887978 1
1694396266786 4.725748900673154 2
1694396267332 4.452441778685747 3
1694396268005 4.624456597308253 4
1694396268619 4.47554738094552 5
1694396269245 4.414065173187494 6
1694396269973 4.905578598448334 7
1694396270668 4.624266428311063 8
1694396271398 5.45298192854164 9
1694396272057 4.881925634638646 10
1694396272686 4.7421782452793275 11
1694396273433 4.657465819402705 12
1694396274112 5.032613230753835 13
1694396274777 4.134177384241399 14
1694396275287 4.68019038894009 15
1694396275766 4.8716984514880455 16
1694396276247 5.06750257896605 17
1694396276963 4.286318207356398 18
1694396277707 4.420467660522174 19
1694396278387 8.845414652954688 20
1694396279152 4.472055784450715 21
1694396279917 4.4923767580850935 22
1694396280627 4.501952151777073 23
1694396281412 4.877148705376815 24
1694396282207 4.524938512854582 25
1694396282944 5.855935770432217 26
1694396283631 25.622184130144163 27
1694396284338 5.370318140819129 28
1694396284987 4.930482350638967 29
1694396285702 4.601722526730789 30
1694396286354 4.869992511710423 31
1694396287004 4.833965151323139 32
1694396287680 5.140431954896006 33
1694396288385 4.794813986653603 34
1694396289088 23.19301987909516 35
1694396289828 12.834982582692694 36
1694396290545 5.065540141495566 37
1694396291374 4.714796379726689 38
1694396292113 4.707818113417989 39
1694396292860 9.118580452940472 40
1694396293674 5.286467324000378 41
1694396294417 5.334300344772482 42
1694396295182 5.188651717196476 43
1694396295823 29.85211973534976 44
1694396296548 4.701957854836969 45
1694396297322 7.3062395620266045 46
1694396298057 4.907552396904402 47
1694396298760 4.624943846175524 48
1694396299376 4.636983695992195 49
1694396300034 5.018356216318961 50
1694396300767 4.715533228316528 51
1694396301530 4.095417040138719 52
1694396302281 4.335100088720604 53
1694396302922 4.230049669987037 54
1694396303519 4.426686906172238 55
1694396304241 5.336365035563653 56
1694396304952 4.621568150736058 57
1694396305570 4.513000655220827 58
1694396306342 4.436891898264838 59
1694396307034 4.502225645676694 60
1694396307765 5.114991984238349 61
1694396308423 4.9219989882475925 62
1694396309125 4.8284907839494995 63
1694396309780 4.230413903252891 64
1694396310432 5.730465187884289 65
1694396311036 4.429084582290227 66
1694396311743 4.880884627409032 67
1694396312394 6.803596494556899 68
1694396313084 5.411659764713264 69
1694396313729 5.070844175750536 70
1694396314402 4.494552302476361 71
1694396315067 5.606805895989906 72
1694396315830 4.394472894111609 73
1694396316514 4.582017379714613 74
1694396317078 4.566753504981608 75
1694396317736 4.929888789648476 76
1694396318476 5.472605950918613 77
1694396319084 4.227586326056605 78
1694396319743 5.247893172609283 79
1694396320302 4.433527674388237 80
1694396320906 4.871633143020504 81
1694396321477 4.4815184647463235 82
1694396322072 4.380496211031289 83
1694396322702 5.306154840512758 84
1694396323317 5.4055599139571875 85
1694396323857 4.298497740348468 86
1694396324492 5.010273726979885 87
1694396325163 4.512334511483244 88
1694396325810 4.969617708888411 89
1694396326398 5.264082062417296 90
1694396327060 4.539453164995645 91
1694396327682 4.506738969271917 92
1694396328187 4.673451006535732 93
1694396328600 4.361438087141699 94
1694396329151 4.748164794546329 95
1694396329868 5.070185849273108 96
1694396330488 5.950132085397903 97
1694396331104 5.425038205772931 98
1694396331786 5.42459435853599 99
