1694396265760 -5.799986217800341 0
1694396266374 -5.863008954804609 1
1694396266940 -5.621143231697845 2
1694396267552 -5.238218611927216 3
1694396268197 -5.479224805022218 4
1694396268809 -5.270591364951568 5
1694396269430 -5.184449990891488 6
1694396270147 -5.873098680730017 7
1694396270890 -5.478958363407337 8
1694396271559 -6.640053491541035 9
1694396272214 -5.839959031432146 10
1694396272936 -5.644162026417323 11
1694396273599 -5.52547330278374 12
1694396274278 -6.051084120405194 13
1694396274946 -4.792305342843992 14
1694396275399 -5.55731219921014 15
1694396275883 -5.825629949223125 16
1694396276477 -6.099966821672024 17
1694396277184 -5.0054665163226195 18
1694396277849 -5.19342037560152 19
1694396278584 -11.393116644989195 20
1694396279356 -5.265699365612351 21
1694396280095 -5.294170636487874 22
1694396280882 -5.307586510768766 23
1694396281656 -5.83326618051792 24
1694396282393 -5.339792197585522 25
1694396283116 -7.20462328968253 26
1694396283850 -34.89868073829623 27
1694396284477 -6.524235069934368 28
1694396285167 -5.907990782220514 29
1694396285827 -5.4473725968967575 30
1694396286496 -5.823239794382126 31
1694396287168 -5.772762649193514 32
1694396287850 -6.2021465722215705 33
1694396288576 -5.71790881027544 34
1694396289316 -31.495231935245265 35
1694396290056 -16.98281284988507 36
1694396290788 -6.097217293534065 37
1694396291558 -5.6057978945970115 38
1694396292294 -5.596020798583246 39
1694396293096 -11.775843261600075 40
1694396293892 -6.4067535278717465 41
1694396294649 -6.473771325133842 42
1694396295320 -6.269706224564579 43
1694396295978 -40.82515082622988 44
1694396296765 -5.587810118698372 45
1694396297504 -9.236612152284405 46
1694396298265 -5.875864126495928 47
1694396298915 -5.479907478733306 48
1694396299556 -5.496776248488075 49
1694396300254 -6.031108929887508 50
1694396300997 -5.606830277010031 51
1694396301739 -4.737999074058282 52
1694396302455 -5.073813741368387 53
1694396303112 -4.926629901599476 54
1694396303702 -5.202134024402523 55
1694396304442 -6.476664118158788 56
1694396305138 -5.475177865823041 57
1694396305812 -5.323066326843332 58
1694396306494 -5.216432015206439 59
1694396307263 -5.307969697078586 60
1694396307927 -6.16650318678682 61
1694396308610 -5.89610492906575 62
1694396309244 -5.765092633023455 63
1694396309917 -4.927140220846998 64
1694396310540 -7.02882920585043 65
1694396311222 -5.205493355872327 66
1694396311899 -5.8385004990138185 67
1694396312553 -8.532369964625467 68
1694396313255 -6.582157913273559 69
1694396313932 -6.104648659703983 70
1694396314609 -5.297218744062834 71
1694396315288 -6.855572881663078 72
1694396316026 -5.156999677994341 73
1694396316612 -5.419764147201687 74
1694396317183 -5.398378266783131 75
1694396317978 -5.90715915692315 76
1694396318633 -6.667548279281761 77
1694396319251 -4.923178564396606 78
1694396319912 -6.352708129614287 79
1694396320516 -5.211718474851534 80
1694396321086 -5.8255384469603255 81
1694396321618 -5.278957319623421 82
1694396322289 -5.137417253594757 83
1694396322872 -6.434337275854277 84
1694396323427 -6.57361154604228 85
1694396324035 -5.02253099311363 86
1694396324721 -6.019784731182185 87
1694396325357 -5.322133007449488 88
1694396325942 -5.962822475109753 89
1694396326595 -6.375390028385032 90
1694396327243 -5.3601283586478585 91
1694396327821 -5.314293215869591 92
1694396328290 -5.547869798200199 93
1694396328847 -5.110715333824444 94
1694396329401 -5.652549649414978 95
1694396330060 -6.103726292902047 96
1694396330643 -7.336599682502955 97
1694396331311 -6.600902153886992 98
1694396332044 -6.600280289249122 99
