1694396265347 1.2761483215938072 0
1694396265994 1.4221050530313695 1
1694396266603 0.6065124274433367 2
1694396267152 11.095555477343988 3
1694396267797 0.32507149200751867 4
1694396268434 4.487807288214923 5
1694396269041 32.76876920407789 6
1694396269686 19.23651897791479 7
1694396270430 10.763439906684177 8
1694396271168 0.11128749035586909 9
1694396271821 0.054975602777920664 10
1694396272454 0.7804693660239251 11
1694396273187 2.8069928372199557 12
1694396273864 0.14165792855711154 13
1694396274546 1.8292883260204824 14
1694396275126 0.3284805968405909 15
1694396275623 1.1822938840782424 16
1694396276066 0.03892171556502835 17
1694396276745 8.397268983982405 18
1694396277440 5.4634906571281565 19
1694396278126 0.01692095101264445 20
1694396278879 20.827554850294117 21
1694396279660 6.260690039036272 22
1694396280380 36.680682111883975 23
1694396281151 9.790609699074965e-05 24
1694396281931 0.8000991960542461 25
1694396282690 0.5670322369552311 26
1694396283391 1.7112716179878305 27
1694396284115 5.092821420413523 28
1694396284765 0.49106696858889987 29
1694396285482 0.010983141160260017 30
1694396286116 1.6715316857957019 31
1694396286784 0.04289672368753797 32
1694396287458 0.010478080893225352 33
1694396288141 0.9932723511285894 34
1694396288868 3.4223151137831427 35
1694396289604 14.768872889895013 36
1694396290315 2.644001402475056 37
1694396291105 2.1868707609658204 38
1694396291852 2.3158040652426086 39
1694396292583 4.507214681301635 40
1694396293418 0.15709402130316627 41
1694396294179 0.7355259373778095 42
1694396294945 0.2604326984814924 43
1694396295615 0.34422289062794864 44
1694396296314 2.9796460468835675 45
1694396297044 2.7517177214921578 46
1694396297816 0.00117645802432998 47
1694396298566 2.099421220959531 48
1694396299150 4.0722386481442205 49
1694396299798 1.4826168896380698 50
1694396300512 9.44508200360355 51
1694396301254 4.859864527043518 52
1694396302014 2.351081689685081 53
1694396302712 13.743597478488187 54
1694396303323 5.314567778721542 55
1694396304006 0.11492515792159845 56
1694396304721 1.31998445415539 57
1694396305390 0.008825186706183354 58
1694396306114 31.45596741268785 59
1694396306766 3.833569394421271 60
1694396307554 2.049359509168563 61
1694396308195 4.204979703905547 62
1694396308867 1.9741729198704718 63
1694396309544 0.13407916557615407 64
1694396310176 0.01619758806654829 65
1694396310795 5.722443901713471 66
1694396311501 25.39296939002615 67
1694396312158 30.46866647358065 68
1694396312841 0.1363137975284951 69
1694396313485 0.1385750647744231 70
1694396314205 0.0003345287664883182 71
1694396314844 5.6936244180962605 72
1694396315598 2.745897587474331 73
1694396316300 0.2793778135279293 74
1694396316854 14.88052696632657 75
1694396317471 5.097879354226944 76
1694396318250 0.08377060049367722 77
1694396318872 1.5164397838961154 78
1694396319537 0.7030185541749934 79
1694396320129 3.2253982083179853 80
1694396320750 0.24270886460829444 81
1694396321288 3.772074713540471 82
1694396321872 0.03931997095019643 83
1694396322507 1.095888983346673 84
1694396323117 0.5666769860453637 85
1694396323670 1.6820699594683555 86
1694396324273 4.129238297565882 87
1694396324960 7.823736656616296 88
1694396325605 0.09174804605090775 89
1694396326183 0.6602821780591407 90
1694396326849 19.555751300633347 91
1694396327494 22.662991852195553 92
1694396328072 0.4363415167142277 93
1694396328451 0.10024569346205472 94
1694396329017 0.5097459447404061 95
1694396329667 4.393019640995428 96
1694396330301 1.824605609219722 97
1694396330896 1.2232554956624357 98
1694396331578 3.6546075470424433 99
