1694493702270 3.049192295165586 0
1694493702690 2.1530724420171468 1
1694493703093 1.6977318098324568 2
1694493703525 1.239351385369724 3
1694493703937 0.9881811591737913 4
1694493704378 0.7559532582050033 5
1694493704823 0.6065556765958171 6
1694493705235 0.5085050986158024 7
1694493705660 0.4204137317605038 8
1694493706132 0.359443695301465 9
1694493706610 0.33110407859257446 10
1694493707028 0.2860925230613871 11
1694493707499 0.2861092934149221 12
1694493707872 0.2531968739421489 13
1694493708274 0.2337590493637829 14
1694493708749 0.22867397467973263 15
1694493709146 0.22715395753352735 16
1694493709583 0.21774254911629826 17
1694493710089 0.22113324796256914 18
1694493710512 0.2093310702909523 19
1694493710928 0.2642504111712599 20
1694493711377 0.20470699206837306 21
1694493711771 0.20207185539633032 22
1694493712231 0.20170578397977856 23
1694493712742 0.20226587624517128 24
1694493713192 0.20090367395559314 25
1694493713655 0.20128117429263453 26
1694493714120 0.20118857734459236 27
1694493714569 0.1996861679776532 28
1694493715146 0.22628440792794363 29
1694493715622 0.21706357972336043 30
1694493716086 0.24476985036727966 31
1694493716569 0.20138020674301652 32
1694493717098 0.19870067182520046 33
1694493717563 0.19964327073538912 34
1694493718021 0.20168610218043173 35
1694493718538 0.19965649775770525 36
1694493719049 0.1984467603420374 37
1694493719516 0.20086726225720583 38
1694493719969 0.21545155600084634 39
1694493720522 0.21775114407869395 40
1694493721055 0.23551121401889527 41
1694493721497 0.20121035272053572 42
1694493722085 0.20159595323592647 43
1694493722533 0.20495102434384682 44
1694493722994 0.20433567216035833 45
1694493723457 0.20053155750327858 46
1694493723895 0.21676892103317083 47
1694493724383 0.20168423448133702 48
1694493724909 0.20077651212167377 49
