1694493702419 -3.2721565092899905 0
1694493702836 -2.016622619281852 1
1694493703259 -1.3786548371855099 2
1694493703686 -0.7364280687378908 3
1694493704076 -0.38451896858567425 4
1694493704545 -0.05914954523525773 5
1694493704969 0.15016813268088935 6
1694493705406 0.2875446489541006 7
1694493705811 0.41096753275181785 8
1694493706274 0.4963913148278465 9
1694493706746 0.536097330806447 10
1694493707179 0.5991620349448874 11
1694493707634 0.5991385383700301 12
1694493708018 0.6452514080995054 13
1694493708424 0.6724853181846658 14
1694493708880 0.6796099048977223 15
1694493709297 0.6817395676138747 16
1694493709730 0.6949256857196429 17
1694493710233 0.6901750518648662 18
1694493710671 0.7067108243851941 19
1694493711065 0.6297645392985788 20
1694493711522 0.7131895190576747 21
1694493711961 0.7168815513064066 22
1694493712422 0.7173944459465924 23
1694493712917 0.7166097129465799 24
1694493713398 0.7185182647252322 25
1694493713826 0.7179893572749846 26
1694493714272 0.7181190928298546 27
1694493714757 0.7202240856723079 28
1694493715304 0.6829578745122409 29
1694493715783 0.6958769748581624 30
1694493716276 0.6570583261729892 31
1694493716761 0.7178506050788043 32
1694493717270 0.721604842736812 33
1694493717718 0.7202841880584577 34
1694493718210 0.7174220216843796 35
1694493718692 0.720265655967328 36
1694493719194 0.721960592552033 37
1694493719675 0.7185692803579707 38
1694493720183 0.6981355459722858 39
1694493720691 0.6949136435061676 40
1694493721215 0.670030398680719 41
1694493721744 0.7180885838277735 42
1694493722228 0.717548327395136 43
1694493722713 0.7128476107838688 44
1694493723171 0.7137097672442416 45
1694493723624 0.7190396289325633 46
1694493724069 0.6962898146922745 47
1694493724554 0.7174246384766552 48
1694493725082 0.7186964283843011 49
