1694493702120 11.76781455876281 0
1694493702566 11.21348137287993 1
1694493702980 0.018561983434375904 2
1694493703405 0.025641178788241476 3
1694493703813 0.1032027265452793 4
1694493704245 0.0073820790768683855 5
1694493704708 0.04174152608792844 6
1694493705100 0.060630090655134236 7
1694493705559 0.040194182381361715 8
1694493705980 0.0035546652072011233 9
1694493706477 0.14290801846659823 10
1694493706896 0.4282605601946684 11
1694493707347 0.17796078820978878 12
1694493707756 0.0245752145121056 13
1694493708148 0.24332385256892755 14
1694493708560 0.1709486581230821 15
1694493709037 0.07959674192625558 16
1694493709436 0.1352024961454718 17
1694493709943 0.6688587664491673 18
1694493710377 8.926179742631542e-05 19
1694493710804 0.09461065770355054 20
1694493711216 0.07433552989984059 21
1694493711658 0.6916298924114946 22
1694493712105 0.09560622016692696 23
1694493712570 0.13536158951188387 24
1694493713058 0.00013684721246171055 25
1694493713532 0.08730590767983819 26
1694493714006 1.934942630309509 27
1694493714426 0.15190171449851514 28
1694493715004 0.4375215784094904 29
1694493715494 0.5616354843085767 30
1694493715948 0.7126158292452084 31
1694493716436 0.073021585799033 32
1694493716934 0.06432796047984962 33
1694493717437 0.0007496465326244028 34
1694493717886 1.0284618288155758 35
1694493718399 0.000847088575723733 36
1694493718885 5.3400813950594944e-05 37
1694493719367 0.024735780670860356 38
1694493719825 0.02852121884708044 39
1694493720344 0.17946112460591487 40
1694493720891 0.12614932360717027 41
1694493721378 0.008711910831114634 42
1694493721963 0.016355379114885098 43
1694493722404 0.1866747755927618 44
1694493722882 0.0348119948791189 45
1694493723328 0.4107158472290669 46
1694493723769 0.15172133168310653 47
1694493724240 0.05230206192772409 48
1694493724758 0.028484750187385964 49
