1694512724778 168.9823765140335 0
1694512725099 168.3129022315567 1
1694512725464 167.64622980736766 2
1694512725824 166.98234735359068 3
1694512726191 166.32124303311392 4
1694512726576 165.66290505937167 5
1694512726940 165.0073216961278 6
1694512727313 164.35448125726 7
1694512727674 163.7043721065452 8
1694512728063 163.05698265744553 9
1694512728444 162.41230137289543 10
1694512728827 161.7703167650898 11
1694512729218 161.1310173952727 12
1694512729599 160.4943918735273 13
1694512729993 159.86042885856648 14
1694512730369 159.2291170575247 15
1694512730728 158.60044522575006 16
1694512731093 157.97440216659822 17
1694512731476 157.3509767312262 18
1694512731824 156.73015781838797 19
1694512732199 156.11193437423015 20
1694512732626 155.49629539208917 21
1694512733050 154.88322991228898 22
1694512733441 154.2727270219397 23
1694512733817 153.66477585473726 24
1694512734230 153.0593655907636 25
1694512734650 152.45648545628808 26
1694512735032 151.85612472356954 27
1694512735469 151.25827271065927 28
1694512735853 150.66291878120472 29
1694512736229 150.07005234425418 30
1694512736574 149.47966285406244 31
1694512736947 148.89173980989676 32
1694512737356 148.30627275584436 33
1694512737736 147.72325128062016 34
1694512738123 147.14266501737566 35
1694512738476 146.56450364350866 36
1694512738877 145.98875688047346 37
1694512739219 145.4154144935924 38
1694512739577 144.84446629186772 39
1694512739966 144.27590212779444 40
1694512740347 143.70971189717426 41
1694512740710 143.1458855389297 42
1694512741114 142.58441303491946 43
1694512741485 142.0252844097549 44
1694512741826 141.4684897306162 45
1694512742210 140.91401910707054 46
1694512742567 140.3618626908903 47
1694512742916 139.81201067587224 48
1694512743349 139.26445329765767 49
