1694512724902 -235.75750490525115 0
1694512725215 -234.81951915793704 1
1694512725579 -233.88545903287405 2
1694512725969 -232.95530787422018 3
1694512726303 -232.02904909725737 4
1694512726708 -231.10666618808668 5
1694512727092 -230.1881427033248 6
1694512727443 -229.27346226980188 7
1694512727812 -228.36260858426073 8
1694512728225 -227.45556541305706 9
1694512728592 -226.5523165918611 10
1694512728973 -225.65284602536084 11
1694512729346 -224.757137686966 12
1694512729737 -223.86517561851366 13
1694512730144 -222.97694392997505 14
1694512730495 -222.09242679916358 15
1694512730875 -221.211608471444 16
1694512731241 -220.33447325944314 17
1694512731590 -219.46100554276154 18
1694512731979 -218.5911897676865 19
1694512732378 -217.72501044690637 20
1694512732758 -216.862452159226 21
1694512733182 -216.0034995492834 22
1694512733581 -215.14813732726765 23
1694512733967 -214.29635026863832 24
1694512734364 -213.44812321384524 25
1694512734794 -212.60344106805053 26
1694512735206 -211.7622888008511 27
1694512735616 -210.92465144600266 28
1694512735988 -210.09051410114472 29
1694512736370 -209.259861927527 30
1694512736725 -208.43268014973685 31
1694512737087 -207.6089540554278 32
1694512737518 -206.78866899504956 33
1694512737870 -205.9718103815787 34
1694512738245 -205.158363690251 35
1694512738616 -204.3483144582947 36
1694512739008 -203.54164828466466 37
1694512739321 -202.73835082977826 38
1694512739721 -201.9384078152518 39
1694512740113 -201.1418050236385 40
1694512740479 -200.3485282981675 41
1694512740867 -199.55856354248357 42
1694512741261 -198.77189672038853 43
1694512741597 -197.98851385558382 44
1694512741961 -197.2084010314134 45
1694512742324 -196.43154439060845 46
1694512742695 -195.65793013503307 47
1694512743084 -194.88754452543083 48
1694512743479 -194.12037388117267 49
