1694512724640 168.87672819721146 0
1694512724989 168.200086497443 1
1694512725336 167.52629257821008 2
1694512725677 166.85533432058025 3
1694512726062 166.1871996574553 4
1694512726407 165.52187657334883 5
1694512726809 164.859353104165 6
1694512727191 164.1996173369779 7
1694512727539 163.5426574098123 8
1694512727919 162.88846151142496 9
1694512728317 162.23701788108713 10
1694512728691 161.5883148083678 11
1694512729066 160.94234063291816 12
1694512729451 160.2990837442566 13
1694512729836 159.65853258155482 14
1694512730249 159.0206756334251 15
1694512730596 158.3855014377081 16
1694512730971 157.75299858126155 17
1694512731346 157.12315569975055 18
1694512731691 156.49596147743767 19
1694512732072 155.87140464697484 20
1694512732486 155.24947398919582 21
1694512732858 154.63015833290942 22
1694512733294 154.01344655469393 23
1694512733684 153.3993275786921 24
1694512734078 152.7877903764072 25
1694512734481 152.1788239665001 26
1694512734899 151.57241741458668 27
1694512735315 150.96855983303678 28
1694512735728 150.36724038077355 29
1694512736086 149.76844826307385 30
1694512736467 149.1721727313695 31
1694512736830 148.57840308304918 32
1694512737199 147.9871286612617 33
1694512737606 147.39833885471938 34
1694512737975 146.812023097503 35
1694512738352 146.22817086886698 36
1694512738728 145.64677169304582 37
1694512739104 145.06781513906128 38
1694512739433 144.49129082053014 39
1694512739824 143.91718839547315 40
1694512740211 143.34549756612438 41
1694512740589 142.7762080787421 42
1694512740971 142.2093097234195 43
1694512741370 141.64479233389702 44
1694512741698 141.08264578737513 45
1694512742067 140.52286000432792 46
1694512742438 139.96542494831772 47
1694512742803 139.41033062581016 48
1694512743189 138.8575670859903 49
