1694511406393 169.58737247084122 0
1694511406722 169.520811282944 1
1694511407047 169.45427779508134 2
1694511407337 169.38777212254413 3
1694511407596 169.32129419054786 4
1694511407891 169.25484392105196 5
1694511408184 169.18842143383998 6
1694511408471 169.12202665190148 7
1694511408756 169.05565956348983 8
1694511409127 168.98932008734766 9
1694511409426 168.923008349758 10
1694511409716 168.85672427048792 11
1694511410028 168.79046776607404 12
1694511410304 168.72423896726104 13
1694511410605 168.6580377916054 14
1694511410903 168.59186415344445 15
1694511411206 168.52571818797105 16
1694511411500 168.45959981053795 17
1694511411819 168.39350893328947 18
1694511412136 168.32744569585375 19
1694511412472 168.26141001138623 20
1694511412799 168.19540178984488 21
1694511413099 168.1294211752798 22
1694511413450 168.06346807865566 23
1694511413811 167.99754248830575 24
1694511414170 167.93164431101835 25
1694511414545 167.8657736972488 26
1694511414915 167.79993055478607 27
1694511415260 167.7341147882475 28
1694511415620 167.66832655247947 29
1694511415978 167.60256575309566 30
1694511416318 167.536832292549 31
1694511416687 167.47112633006378 32
1694511417046 167.4054477690849 33
1694511417383 167.33979650990747 34
1694511417738 167.27417271612043 35
1694511418056 167.20857628900652 36
1694511418398 167.14300712670953 37
1694511418762 167.07746539717004 38
1694511419112 167.01195099951505 39
1694511419467 166.94646392215736 40
1694511419818 166.88100406011756 41
1694511420198 166.81557158764787 42
1694511420598 166.75016640074625 43
1694511420990 166.6847883922973 44
1694511421347 166.61943774087416 45
1694511421719 166.55411434033434 46
1694511422094 166.48881808143287 47
1694511422476 166.42354914705086 48
1694511422878 166.35830742891187 49
