1694511406491 -236.60515148335256 0
1694511406848 -236.5118940615127 1
1694511407157 -236.41867544958427 2
1694511407432 -236.32549580909878 3
1694511407706 -236.23235503527738 4
1694511407996 -236.1392530187791 5
1694511408288 -236.04618992743 6
1694511408563 -235.95316565333255 7
1694511408910 -235.86018018002864 8
1694511409238 -235.7672333936705 9
1694511409545 -235.67432547119046 10
1694511409822 -235.58145630017592 11
1694511410123 -235.4886257636882 12
1694511410409 -235.3958340449107 13
1694511410718 -235.30308102833376 14
1694511411025 -235.21036659393712 15
1694511411312 -235.11769093113668 16
1694511411629 -235.025053921335 17
1694511411929 -234.93245544143937 18
1694511412260 -234.83989568707977 19
1694511412586 -234.7473745365801 20
1694511412904 -234.65489186378454 21
1694511413255 -234.5624478705185 22
1694511413572 -234.47004243203656 23
1694511413946 -234.37767553199265 24
1694511414329 -234.28534703978994 25
1694511414679 -234.19305716622813 26
1694511415043 -234.10080578211233 27
1694511415405 -234.00859275380398 28
1694511415765 -233.91641829825502 29
1694511416112 -233.82428228322274 30
1694511416440 -233.73218457203615 31
1694511416832 -233.64012538778087 32
1694511417182 -233.54810459517572 33
1694511417508 -233.45612205452628 34
1694511417850 -233.36417799503351 35
1694511418181 -233.2722722783868 36
1694511418530 -233.1804047618776 37
1694511418892 -233.08857568080384 38
1694511419246 -232.99678489383456 39
1694511419591 -232.90503238473516 40
1694511419953 -232.81331800642127 41
1694511420351 -232.7216420030339 42
1694511420742 -232.63000422885807 43
1694511421124 -232.5384045338167 44
1694511421476 -232.44684316810478 45
1694511421844 -232.35531998300831 46
1694511422233 -232.2638348254666 47
1694511422637 -232.17238795171036 48
1694511423031 -232.08097921003582 49
