1694511406272 168.87672819721146 0
1694511406589 168.80899981546904 1
1694511406942 168.74200424727118 2
1694511407233 168.67503526985615 3
1694511407507 168.6080958870178 4
1694511407785 168.54118457878442 5
1694511408070 168.47429982574613 6
1694511408359 168.4074446312351 7
1694511408643 168.34061747553184 8
1694511409004 168.2738183467133 9
1694511409325 168.2070457254504 10
1694511409614 168.1403026149796 11
1694511409898 168.07358749565762 12
1694511410202 168.00689884842203 13
1694511410482 167.94023967602485 14
1694511410800 167.87360845908628 15
1694511411105 167.80700367881568 16
1694511411389 167.74042833747066 17
1694511411712 167.6738809159399 18
1694511412000 167.60735989570918 19
1694511412357 167.54086827853217 20
1694511412671 167.47440454557082 21
1694511412996 167.4079671785922 22
1694511413342 167.34155917883623 23
1694511413660 167.2751790277429 24
1694511414031 167.20882671347061 25
1694511414415 167.14250071790167 26
1694511414774 167.07620404211085 27
1694511415130 167.00993516764893 28
1694511415495 166.94369257669084 29
1694511415852 166.87747926977485 30
1694511416196 166.81129372874105 31
1694511416547 166.74513443606193 32
1694511416924 166.67900439172945 33
1694511417262 166.61290207787806 34
1694511417605 166.54682597728242 35
1694511417937 166.48077908937864 36
1694511418268 166.41475989660017 37
1694511418625 166.34876688202874 38
1694511418979 166.282803044535 39
1694511419330 166.21686686685612 40
1694511419679 166.15095833723143 41
1694511420056 166.08507593889192 42
1694511420464 166.01922267047425 43
1694511420845 165.95339701486074 44
1694511421227 165.88759745560068 45
1694511421574 165.82182699074258 46
1694511421953 165.75608410348386 47
1694511422331 165.69036727769688 48
1694511422737 165.6246795108324 49
