1694492660410 120.66488881810726 0
1694492660848 86.94241348945478 1
1694492661230 63.20904007411243 2
1694492661618 46.46082165944385 3
1694492662000 34.61638033189107 4
1694492662355 26.223131801115613 5
1694492662718 20.241057013142022 6
1694492663148 15.965171082110686 7
1694492663517 12.893636901403402 8
1694492663865 10.66961092486887 9
1694492664243 9.0460129116121 10
1694492664638 7.853970293680456 11
1694492665049 6.966252814550495 12
1694492665434 6.299946037703083 13
1694492665793 5.789052005993911 14
1694492666147 5.3941423410476474 15
1694492666522 5.083995367095374 16
1694492666896 4.835369142072544 17
1694492667360 4.632309368177729 18
1694492667749 4.464302410393265 19
1694492668099 4.322594837408128 20
1694492668440 4.1998705692354665 21
1694492668789 4.093844064692666 22
1694492669241 3.999745126438675 23
1694492669630 3.9154599696428902 24
1694492670025 3.838866409490561 25
1694492670435 3.7693041399726406 26
1694492670784 3.704959658376122 27
1694492671119 3.645532157584834 28
1694492671447 3.5900005804127364 29
1694492671977 3.537503625065333 30
1694492672307 3.488297151412475 31
1694492672712 3.4420905139979205 32
1694492673109 3.39749782629337 33
1694492673474 3.3552653409043742 34
1694492673880 3.3148922927109647 35
1694492674241 3.2763743025465804 36
1694492674594 3.2391601718272987 37
1694492675050 3.2036284389727476 38
1694492675420 3.1690833801413603 39
1694492675807 3.1356708854764745 40
1694492676190 3.103538004291822 41
1694492676594 3.072286640656544 42
1694492676993 3.0421929032718786 43
1694492677350 3.014112097363816 44
1694492677749 2.9855399705251213 45
1694492678138 2.9576189779304407 46
1694492678527 2.9306319055486907 47
1694492678936 2.904246632327792 48
1694492679304 2.8786147947258605 49
