1694492660577 -176.94165956742083 0
1694492661021 -127.21192224716933 1
1694492661396 -92.2128774212515 2
1694492661745 -67.51467557733162 3
1694492662160 -50.04795790065307 4
1694492662489 -37.67063267078154 5
1694492662876 -28.849008370169646 6
1694492663274 -22.54346045029682 7
1694492663669 -18.01394159119441 8
1694492663995 -14.734223049521818 9
1694492664410 -12.339941433891445 10
1694492664808 -10.582064359727852 11
1694492665188 -9.272968374884178 12
1694492665584 -8.290381519548214 13
1694492665935 -7.536978166212688 14
1694492666279 -6.954614217196167 15
1694492666651 -6.497247805181545 16
1694492667058 -6.130604587540701 17
1694492667508 -5.831157138393371 18
1694492667877 -5.583401248673817 19
1694492668236 -5.374428440119232 20
1694492668588 -5.19344986249207 21
1694492668942 -5.037095082230196 22
1694492669357 -4.8983296020606675 23
1694492669746 -4.774036273454114 24
1694492670197 -4.66108556062308 25
1694492670571 -4.5585037259026775 26
1694492670918 -4.46361643970504 27
1694492671249 -4.3759801088856705 28
1694492671707 -4.294089004545495 29
1694492672108 -4.2166729852854505 30
1694492672488 -4.144109361608235 31
1694492672831 -4.075969525529075 32
1694492673241 -4.0102097429407815 33
1694492673619 -3.947930494922719 34
1694492674002 -3.8883933149882965 35
1694492674387 -3.831591745284089 36
1694492674744 -3.7767129462862306 37
1694492675188 -3.724315139655207 38
1694492675561 -3.673372357885629 39
1694492675946 -3.6240997417236924 40
1694492676384 -3.576714141316776 41
1694492676718 -3.530628494004831 42
1694492677130 -3.4862499707636116 43
1694492677488 -3.444839869994336 44
1694492677912 -3.4027052298612634 45
1694492678272 -3.3615308020079677 46
1694492678664 -3.321733604219027 47
1694492679087 -3.2828238654287825 48
1694492679456 -3.2450252003380147 49
