1694491484168 -240.18370282054659 0
1694491484498 -232.8505503232222 1
1694491484846 -225.76077727326177 2
1694491485175 -218.90923642507857 3
1694491485508 -212.2825871203031 4
1694491485807 -205.87625448688374 5
1694491486185 -199.68132877098407 6
1694491486550 -193.69190286612127 7
1694491486886 -187.90042531606852 8
1694491487245 -182.2998858410053 9
1694491487559 -176.88765154024708 10
1694491487863 -171.65057212507475 11
1694491488253 -166.5857045197934 12
1694491488670 -161.6870588778393 13
1694491488976 -156.94933943609226 14
1694491489293 -152.36655835357703 15
1694491489612 -147.93379059552302 16
1694491489980 -143.6462441559353 17
1694491490348 -139.49814979040121 18
1694491490693 -135.48584682341792 19
1694491491024 -131.60418706087623 20
1694491491454 -127.84817182720124 21
1694491491770 -124.21443181411114 22
1694491492086 -120.69826663926492 23
1694491492461 -117.29571380008996 24
1694491492818 -114.00398283871938 25
1694491493188 -110.81841684652359 26
1694491493551 -107.73551269353987 27
1694491494027 -104.75129804434796 28
1694491494389 -101.86317269573027 29
1694491494775 -99.0678352768063 30
1694491495148 -96.36207792554421 31
1694491495510 -93.74338795760742 32
1694491495888 -91.20714878613465 33
1694491496244 -88.75272558135474 34
1694491496606 -86.37609797087931 35
1694491496920 -84.07549839961665 36
1694491497316 -81.84755435301622 37
1694491497718 -79.69006328090465 38
1694491498068 -77.60028718346446 39
1694491498452 -75.5773596610957 40
1694491498827 -73.61822140965855 41
1694491499181 -71.72016907322991 42
1694491499547 -69.88195910301461 43
1694491499861 -68.10124834373714 44
1694491500186 -66.37627409287403 45
1694491500541 -64.70529681310875 46
1694491500897 -63.08591416210723 47
1694491501320 -61.51691196574947 48
1694491501721 -59.99625383585174 49
