1694491483952 162.37473001371913 0
1694491484267 153.65208533366942 1
1694491484598 147.35161870186644 2
1694491484944 155.85313066058066 3
1694491485261 139.8769671024266 4
1694491485594 141.2741807917619 5
1694491485898 136.3710997993056 6
1694491486296 136.39462670749475 7
1694491486644 130.72802085307427 8
1694491486987 120.60471969816305 9
1694491487336 126.23837012160766 10
1694491487637 119.2828032876509 11
1694491487989 113.63819936779254 12
1694491488393 101.83538521924397 13
1694491488760 111.68459647671553 14
1694491489066 106.0663794749373 15
1694491489386 104.81830402119068 16
1694491489707 102.82070525501996 17
1694491490093 92.52203117559418 18
1694491490484 85.9237050560262 19
1694491490789 104.1642357485551 20
1694491491159 88.83736741671365 21
1694491491556 89.93537900448791 22
1694491491861 89.71379124470212 23
1694491492194 81.51687860268238 24
1694491492589 77.68049054342407 25
1694491492946 65.91269698580211 26
1694491493293 65.23824995529066 27
1694491493726 71.94600421790393 28
1694491494137 71.35644012908195 29
1694491494529 77.19327630062172 30
1694491494883 64.96866860803331 31
1694491495249 59.428713675652524 32
1694491495602 65.1999604330434 33
1694491496008 55.1915397369822 34
1694491496362 67.57405038439865 35
1694491496701 58.77273352375529 36
1694491497032 49.86349184905965 37
1694491497425 61.246171838754556 38
1694491497819 56.04257504160513 39
1694491498195 50.13135608633062 40
1694491498580 47.91827007601684 41
1694491498954 54.68037998390901 42
1694491499282 46.647727986707125 43
1694491499643 45.717591591443835 44
1694491499954 41.72073105247145 45
1694491500285 39.49259710708807 46
1694491500650 47.68468176956698 47
1694491501035 45.123574602931434 48
1694491501413 45.90532078720424 49
