1694512744832 168.37877075596572 0
1694512745144 167.7084185724307 1
1694512745500 167.0408688544025 2
1694512745832 166.37610975254216 3
1694512746161 165.71412946786975 4
1694512746551 165.05491625154957 5
1694512746906 164.3984584046763 6
1694512747241 163.74474427806257 7
1694512747590 163.09376227202682 8
1694512747956 162.4455008361824 9
1694512748323 161.79994846922753 10
1694512748722 161.1570937187362 11
1694512749095 160.5169251809496 12
1694512749453 159.87943150056913 13
1694512749821 159.2446013705496 14
1694512750164 158.61242353189377 15
1694512750528 157.98288677344752 16
1694512750873 157.35597993169603 17
1694512751258 156.73169189056068 18
1694512751617 156.11001158119709 19
1694512751988 155.49092798179373 20
1694512752365 154.87443011737147 21
1694512752769 154.26050705958417 22
1694512753155 153.6491479265198 23
1694512753537 153.04034188250276 24
1694512753949 152.4340781378967 25
1694512754392 151.83034594890847 26
1694512754901 151.22913461739282 27
1694512755326 150.63043349065765 28
1694512755804 150.03423196127065 29
1694512756269 149.4405194668663 30
1694512756728 148.84928548995387 31
1694512757218 148.26051955772618 32
1694512757655 147.67421124186933 33
1694512758110 147.09035015837293 34
1694512758557 146.5089259673416 35
1694512758970 145.9299283728068 36
1694512759379 145.35334712253984 37
1694512759793 144.77917200786527 38
1694512760230 144.20739286347555 39
1694512760625 143.6379995672463 40
1694512761027 143.07098204005214 41
1694512761417 142.50633024558363 42
1694512761842 141.94403419016479 43
1694512762259 141.38408392257145 44
1694512762675 140.8264695338505 45
1694512763106 140.27118115713975 46
1694512763496 139.7182089674885 47
1694512763896 139.16754318167912 48
1694512764355 138.61917405804925 49
