1694512744946 -237.25423699471452 0
1694512745283 -236.30569551713506 1
1694512745641 -235.36111949956006 2
1694512745946 -234.42049217529615 3
1694512746291 -233.4837968489076 4
1694512746672 -232.55101689591203 5
1694512747037 -231.62213576247825 6
1694512747369 -230.69713696512542 7
1694512747739 -229.7760040904228 8
1694512748070 -228.85872079469152 9
1694512748488 -227.94527080370736 10
1694512748866 -227.03563791240467 11
1694512749236 -226.12980598458154 12
1694512749591 -225.22775895260662 13
1694512749952 -224.32948081712675 14
1694512750309 -223.43495564677613 15
1694512750650 -222.54416757788636 16
1694512751030 -221.6571008141983 17
1694512751390 -220.7737396265745 18
1694512751750 -219.89406835271345 19
1694512752132 -219.01807139686463 20
1694512752527 -218.14573322954496 21
1694512752898 -217.27703838725654 22
1694512753307 -216.41197147220515 23
1694512753686 -215.55051715202086 24
1694512754103 -214.6926601594786 25
1694512754531 -213.8383852922211 26
1694512755065 -212.98767741248224 27
1694512755520 -212.14052144681185 28
1694512755974 -211.29690238580176 29
1694512756430 -210.4568052838129 30
1694512756913 -209.62021525870347 31
1694512757367 -208.78711749155863 32
1694512757812 -207.9574972264209 33
1694512758257 -207.13133977002187 34
1694512758714 -206.3086304915155 35
1694512759118 -205.4893548222116 36
1694512759510 -204.6734982553115 37
1694512759944 -203.86104634564404 38
1694512760372 -203.0519847094031 39
1694512760774 -202.24629902388625 40
1694512761147 -201.44397502723427 41
1694512761585 -200.64499851817203 42
1694512761989 -199.8493553557503 43
1694512762417 -199.05703145908885 44
1694512762829 -198.26801280712036 45
1694512763242 -197.48228543833585 46
1694512763649 -196.69983545053068 47
1694512764052 -195.92064900055203 48
1694512764507 -195.1447123040474 49
