1694512744693 169.17813275916612 0
1694512745037 168.502948214599 1
1694512745371 167.8305894472284 2
1694512745716 167.1610445109657 3
1694512746041 166.4943015104512 4
1694512746390 165.83034860083828 5
1694512746778 165.1691739875782 6
1694512747136 164.510765926206 7
1694512747471 163.85511272212744 8
1694512747839 163.2022027304066 9
1694512748183 162.55202435555458 10
1694512748593 161.90456605131868 11
1694512748969 161.2598163204734 12
1694512749345 160.61776371461113 13
1694512749694 159.9783968339348 14
1694512750059 159.34170432705068 15
1694512750409 158.7076748907625 16
1694512750759 158.07629726986605 17
1694512751133 157.4475602569454 18
1694512751500 156.8214526921688 19
1694512751853 156.1979634630867 20
1694512752232 155.57708150442977 21
1694512752642 154.95879579790818 22
1694512753006 154.3430953720116 23
1694512753405 153.72996930181006 24
1694512753786 153.11940670875572 25
1694512754219 152.51139676048547 26
1694512754646 151.90592867062432 27
1694512755183 151.30299169858958 28
1694512755623 150.70257514939613 29
1694512756083 150.10466837346218 30
1694512756545 149.5092607664161 31
1694512757029 148.916341768904 32
1694512757470 148.32590086639803 33
1694512757931 147.73792758900566 34
1694512758364 147.15241151127995 35
1694512758830 146.5693422520298 36
1694512759243 145.98870947413212 37
1694512759638 145.41050288434406 38
1694512760068 144.83471223311636 39
1694512760491 144.26132731440717 40
1694512760890 143.69033796549715 41
1694512761287 143.12173406680483 42
1694512761684 142.5555055417034 43
1694512762090 141.9916423563374 44
1694512762530 141.4301345194411 45
1694512762960 140.8709720821571 46
1694512763351 140.31414513785577 47
1694512763754 139.75964382195568 48
1694512764164 139.20745831174455 49
