1694494000219 164.52271341167193 0
1694494000643 159.55903343317982 1
1694494001012 154.75593599256018 2
1694494001531 150.10465813990731 3
1694494001920 145.60152048398 4
1694494002394 141.24296751031576 5
1694494002820 137.0217405466663 6
1694494003289 132.9354127774848 7
1694494003702 128.97903505795517 8
1694494004230 125.14814430338731 9
1694494004577 121.43904127861997 10
1694494004967 117.84754984878204 11
1694494005306 114.37030921576972 12
1694494005722 111.0029129699945 13
1694494006123 107.74311112866735 14
1694494006511 104.5850216527549 15
1694494006830 101.5281772038091 16
1694494007213 98.56808225400252 17
1694494007597 95.7013977002629 18
1694494007971 92.9258092586572 19
1694494008393 90.23778109122463 20
1694494008800 87.6338447184508 21
1694494009181 85.11268263437259 22
1694494009509 82.67051466092326 23
1694494009935 80.30544146980651 24
1694494010371 78.01474031310678 25
1694494010683 75.79582017554823 26
1694494011016 73.64637676785078 27
1694494011382 71.56523993503966 28
1694494011721 69.54895319959677 29
1694494012081 67.59658019462178 30
1694494012414 65.7050214706037 31
1694494012742 63.872519468613156 32
1694494013092 62.09775226494682 33
1694494013480 60.377944336111995 34
1694494013816 58.712425809163925 35
1694494014184 57.09834204583687 36
1694494014561 55.534733214699365 37
1694494014974 54.020022882299216 38
1694494015370 52.5524751913482 39
1694494015703 51.13071988941593 40
1694494016083 49.753246359699865 41
1694494016444 48.41845489933755 42
1694494016756 47.12469663012403 43
1694494017113 45.87139670277945 44
1694494017487 44.657074991685874 45
1694494017839 43.4803145279027 46
1694494018245 42.33960545605263 47
1694494018684 41.234219634282724 48
1694494019103 40.16297226484146 49
