1694494000366 -229.50916865495913 0
1694494000795 -222.55466540379706 1
1694494001215 -215.82515082768106 2
1694494001672 -209.30834734951662 3
1694494002089 -202.99909985486033 4
1694494002560 -196.89242679030906 5
1694494002972 -190.97815818923152 6
1694494003452 -185.2528938935426 7
1694494003833 -179.70969976488877 8
1694494004368 -174.3423226731081 9
1694494004731 -169.1455797008757 10
1694494005093 -164.11361975713322 11
1694494005450 -159.24173410130103 12
1694494005851 -154.52374900946018 13
1694494006278 -149.95651208002766 14
1694494006637 -145.53178211700416 15
1694494006949 -141.2489043427306 16
1694494007357 -137.1015801716764 17
1694494007750 -133.08513125969503 18
1694494008144 -129.1963151142797 19
1694494008545 -125.43017775034274 20
1694494008944 -121.78185955723954 21
1694494009309 -118.24951460623508 22
1694494009650 -114.82784657267328 23
1694494010100 -111.51419434929718 24
1694494010498 -108.30474315366459 25
1694494010815 -105.19586277104818 26
1694494011155 -102.18432471223039 27
1694494011505 -99.26848949871712 28
1694494011887 -96.44351433559784 29
1694494012214 -93.70808729972669 30
1694494012552 -91.05786582031052 31
1694494012872 -88.49038742004595 32
1694494013231 -86.00379998059887 33
1694494013635 -83.5942147768224 34
1694494013979 -81.26069326441221 35
1694494014321 -78.9992358722465 36
1694494014710 -76.80849780153893 37
1694494015108 -74.68627034592329 38
1694494015502 -72.63012143379001 39
1694494015860 -70.63813123448458 40
1694494016244 -68.70818325590635 41
1694494016569 -66.83803618942824 42
1694494016888 -65.02537982792838 43
1694494017243 -63.269408762677116 44
1694494017630 -61.56804922210447 45
1694494017971 -59.9193159220771 46
1694494018397 -58.321093437310594 47
1694494018829 -56.77236158421022 48
1694494019236 -55.271460368608224 49
