1694494000111 166.33519746407555 0
1694494000481 157.5408868831652 1
1694494000898 153.44059111623085 2
1694494001406 143.601397535531 3
1694494001816 140.9122012048577 4
1694494002256 145.87057326321857 5
1694494002674 129.6609126327779 6
1694494003142 135.29405991593643 7
1694494003581 127.6418729179665 8
1694494004018 119.42078318575852 9
1694494004467 121.44199950098799 10
1694494004844 118.84237540721078 11
1694494005189 109.8504683399635 12
1694494005547 104.74233930075334 13
1694494005974 103.1638807099641 14
1694494006399 107.07152492161383 15
1694494006723 97.67279719755834 16
1694494007056 93.27392629434695 17
1694494007458 87.58251452264349 18
1694494007855 86.32710739847188 19
1694494008257 100.4846060783563 20
1694494008654 80.71181530046304 21
1694494009050 85.8348885949162 22
1694494009392 74.36993651485602 23
1694494009776 75.0773451317849 24
1694494010217 80.46587261759144 25
1694494010585 75.09432451881247 26
1694494010918 82.67282132100645 27
1694494011265 68.19643737540983 28
1694494011607 62.0935197103002 29
1694494011996 66.17066034860827 30
1694494012302 63.36903249244508 31
1694494012648 68.60312076027307 32
1694494012973 60.56243092893291 33
1694494013357 61.546110779340886 34
1694494013727 63.69916727227854 35
1694494014082 55.36257103236851 36
1694494014426 52.96277290664192 37
1694494014846 46.13028527125342 38
1694494015220 52.52750086635572 39
1694494015602 48.439872330092314 40
1694494015958 46.17984542301604 41
1694494016346 48.23862816366028 42
1694494016661 48.21137766362508 43
1694494017004 45.603212830247436 44
1694494017366 39.1902142663858 45
1694494017733 41.51275479755187 46
1694494018122 42.5318947871653 47
1694494018510 41.73505271113245 48
1694494018982 37.54988521173105 49
