1694507342806 4.576384685281626 0
1694507343210 4.81286815317861 1
1694507343574 4.1570325817667815 2
1694507343958 4.373456150064331 3
1694507344375 5.217406438447497 4
1694507344752 4.357259817876578 5
1694507345145 4.605947880376363 6
1694507345570 4.158514200466302 7
1694507345958 4.510110461068467 8
1694507346332 4.607083084551522 9
1694507346698 4.500991739838969 10
1694507347073 4.815691467097766 11
1694507347474 4.272086611609601 12
1694507347909 4.332949269637237 13
1694507348296 4.218612797239143 14
1694507348707 5.17078893033416 15
1694507349122 4.067645135904166 16
1694507349486 4.211785242095439 17
1694507349860 4.192470705307633 18
1694507350219 4.62765748401802 19
1694507350585 4.458682915126575 20
1694507350960 5.017343687405628 21
1694507351357 4.872851773060823 22
1694507351756 4.228943173383337 23
1694507352161 4.85870927353281 24
1694507352517 4.687875377193917 25
1694507352877 4.174226915636838 26
1694507353237 4.874829589818782 27
1694507353563 5.14393700196481 28
1694507353917 4.889961802627892 29
1694507354267 4.8682215331558805 30
1694507354568 5.301994237523799 31
1694507354931 4.630945445392529 32
1694507355278 4.4953072583247184 33
1694507355602 4.295606058049347 34
1694507355929 4.212404712676844 35
1694507356282 4.424389443116134 36
1694507356620 4.2967223134670185 37
1694507356952 4.6270893264327855 38
1694507357296 5.30951344280651 39
1694507357665 4.800416454308186 40
1694507358016 4.757524741940723 41
1694507358376 4.458985606734959 42
1694507358725 4.258823453342689 43
1694507359099 5.501531873518322 44
1694507359440 4.442853029441303 45
1694507359769 4.818823849921495 46
1694507360114 4.548298932406577 47
1694507360471 5.122835525039888 48
1694507360846 4.222257501938629 49
