1694507342712 4.966178521961888 0
1694507343101 2.012197555440996 1
1694507343478 4.303903792056241 2
1694507343855 0.09336324414181202 3
1694507344276 20.412092956174828 4
1694507344643 0.43221682100886083 5
1694507345050 1.102777132245949 6
1694507345472 0.8446186713989563 7
1694507345852 1.115099767761833 8
1694507346225 4.41891278142592 9
1694507346598 0.3527186959486849 10
1694507346980 0.05624082761093079 11
1694507347376 2.0567558308475893 12
1694507347800 0.17446474707576226 13
1694507348195 0.0023713141224962642 14
1694507348592 0.7454111231696082 15
1694507349014 1.539475425204604 16
1694507349402 19.56923040685972 17
1694507349768 2.8605438110636316 18
1694507350121 0.06384205849264811 19
1694507350487 15.612500397783567 20
1694507350865 1.0452341665899179 21
1694507351249 2.201209865407527 22
1694507351642 0.48371534697853186 23
1694507352068 8.874276231808498 24
1694507352427 2.5606496641429044 25
1694507352788 0.03207578497402067 26
1694507353154 4.914227581135473 27
1694507353486 0.45972135078217513 28
1694507353832 3.756751703093841 29
1694507354171 0.7796128668842707 30
1694507354483 2.210111889975869 31
1694507354835 0.019273027701151434 32
1694507355189 0.13646487561379364 33
1694507355515 1.6709807859505597 34
1694507355835 3.655142980113127 35
1694507356180 0.04164993020545534 36
1694507356534 0.06936099422323605 37
1694507356862 2.1288919862733175 38
1694507357204 0.36516860962914377 39
1694507357568 1.1175473476558864 40
1694507357926 0.6632063864695154 41
1694507358263 7.235173014924141 42
1694507358627 0.018829619133765303 43
1694507359003 0.42151226447317386 44
1694507359347 0.49281881716680265 45
1694507359669 3.325593237872854 46
1694507360013 0.7444788452744148 47
1694507360373 15.938871099592998 48
1694507360745 4.116701042484498 49
