1694507385423 5.045332467925445 0
1694507385844 4.639960425950572 1
1694507386336 4.6103998564163815 2
1694507386818 4.640599452328121 3
1694507387258 4.662144405467177 4
1694507387659 4.686055146885341 5
1694507388064 4.570956252059826 6
1694507388620 4.444709211595159 7
1694507389123 4.627996933127839 8
1694507389639 4.56484726612819 9
1694507390086 4.720272024917812 10
1694507390573 4.691643990237064 11
1694507391032 4.640755033852618 12
1694507391513 4.701260947044863 13
1694507391928 4.645667036531482 14
1694507392342 4.628789732869182 15
1694507392674 4.731765223050552 16
1694507393013 4.544361586995133 17
1694507393342 4.618792203395396 18
1694507393651 4.504331360549228 19
1694507393970 4.6497799768381665 20
1694507394318 4.784803676863614 21
1694507394634 4.647388106596444 22
1694507394933 4.743391114353342 23
1694507395287 4.794559429199088 24
1694507395629 4.659008275298461 25
1694507395954 4.6337539173909414 26
1694507396250 4.4081283781739335 27
1694507396558 4.703957276270946 28
1694507396885 4.571554450622622 29
1694507397225 4.542627938267096 30
1694507397575 4.76054551208378 31
1694507397869 4.724946703134374 32
1694507398145 4.684722759888218 33
1694507398475 4.521225983493621 34
1694507398817 4.636958691942962 35
1694507399140 4.646096683669779 36
1694507399454 4.543042045390999 37
1694507399770 4.46573079057234 38
1694507400105 4.650595432057813 39
1694507400438 4.7500515912445085 40
1694507400763 4.572254129926919 41
1694507401129 4.532396292353367 42
1694507401455 4.488275641986733 43
1694507401772 4.650830761197862 44
1694507402098 4.5470119784479355 45
1694507402419 4.647477591611333 46
1694507402730 4.68932932971686 47
1694507403037 4.6475181179012255 48
1694507403348 4.603143599768556 49
