1694507385563 -6.068904764895883 0
1694507385980 -5.500946879605122 1
1694507386470 -5.459530213377138 2
1694507386963 -5.501842205460031 3
1694507387376 -5.532028367199092 4
1694507387789 -5.565529183055644 5
1694507388231 -5.404266643621671 6
1694507388830 -5.227384681616571 7
1694507389269 -5.484185091961386 8
1694507389786 -5.395707477296091 9
1694507390228 -5.613469701089148 10
1694507390705 -5.573359589010139 11
1694507391188 -5.502060187324823 12
1694507391640 -5.586833696461854 13
1694507392096 -5.5089422866438555 14
1694507392459 -5.485295866306746 15
1694507392803 -5.629572569148072 16
1694507393123 -5.367005441155479 17
1694507393430 -5.471288546832021 18
1694507393760 -5.310919968044989 19
1694507394098 -5.514704837182692 20
1694507394440 -5.703883584579733 21
1694507394723 -5.511353640198903 22
1694507395061 -5.6458613506999145 23
1694507395419 -5.717552155403914 24
1694507395756 -5.5276344039401994 25
1694507396052 -5.492251076462424 26
1694507396350 -5.176132077488088 27
1694507396657 -5.590611464257168 28
1694507397009 -5.40510476651997 29
1694507397369 -5.364576463911229 30
1694507397672 -5.669896001464065 31
1694507397962 -5.620019290304424 32
1694507398264 -5.563662404829923 33
1694507398601 -5.334590654048729 34
1694507398926 -5.496741215862596 35
1694507399239 -5.509544255834673 36
1694507399554 -5.365156660328401 37
1694507399888 -5.256837555285871 38
1694507400221 -5.515847353622264 39
1694507400546 -5.65519319892434 40
1694507400906 -5.406085071861489 41
1694507401232 -5.350241129022578 42
1694507401551 -5.288424652588222 43
1694507401891 -5.516177068123735 44
1694507402213 -5.370718846543263 45
1694507402526 -5.511479015692421 46
1694507402829 -5.570116568875312 47
1694507403133 -5.511535796189158 48
1694507403464 -5.44936363119069 49
