1694507385291 0.21572518773020896 0
1694507385708 4.162958052062956 1
1694507386148 2.8523548263053122 2
1694507386630 3.650257612770303 3
1694507387127 19.85517026174817 4
1694507387512 0.49660604002231523 5
1694507387940 5.838920520750786 6
1694507388441 5.723137273518836 7
1694507388983 2.693272869266114 8
1694507389493 23.335664488761093 9
1694507389950 35.721043525267504 10
1694507390409 0.6973038754571281 11
1694507390874 0.4721705818076862 12
1694507391355 0.4647851836773415 13
1694507391790 0.06932397220617671 14
1694507392249 10.68829248842135 15
1694507392576 2.621728893275914 16
1694507392925 0.005314194273018695 17
1694507393249 0.6407087568268389 18
1694507393556 0.2508979145110336 19
1694507393882 1.7433853674715067 20
1694507394224 1.273543725264827 21
1694507394549 6.099084004328804 22
1694507394850 2.567603782811678 23
1694507395192 0.6329748998406369 24
1694507395541 21.92701029641169 25
1694507395865 0.10486206594998959 26
1694507396166 0.7800374265559142 27
1694507396476 0.2067634633073922 28
1694507396789 23.18413508859557 29
1694507397129 0.0001467196116015408 30
1694507397487 45.152730237654495 31
1694507397788 24.15246466281493 32
1694507398068 4.230631633607822 33
1694507398386 0.02493461878015904 34
1694507398733 1.4771328036483558 35
1694507399051 0.17442843140260447 36
1694507399360 0.46289491609450856 37
1694507399668 0.4001581918714611 38
1694507400012 24.244540413396724 39
1694507400339 2.7817030165677497 40
1694507400667 1.8930359520166982 41
1694507401027 20.811148847940395 42
1694507401354 3.9932916166448886 43
1694507401681 0.14807289118545214 44
1694507402006 4.757326347049409 45
1694507402328 3.003350998936959 46
1694507402650 0.3520453276166025 47
1694507402956 0.0015572358436949047 48
1694507403256 0.18351288295066123 49
