1694510479172 -14.1948620096208 0
1694510479469 -5.498841825291143 1
1694510479761 -4.25748168374211 2
1694510480015 -3.651633457881587 3
1694510480281 -3.2297835554380434 4
1694510480575 -2.906149470262005 5
1694510480866 -2.610560281681677 6
1694510481129 -2.3711783610741755 7
1694510481388 -2.1407849820030576 8
1694510481698 -1.934094744281437 9
1694510482007 -1.7515081265999184 10
1694510482298 -1.5961259080879144 11
1694510482599 -1.448255327628741 12
1694510482916 -1.305555121600805 13
1694510483188 -1.155307375296382 14
1694510483453 -1.029102158005208 15
1694510483760 -0.91370752363457 16
1694510484053 -0.808124255043488 17
1694510484310 -0.7095081221821529 18
1694510484579 -0.6198540553606369 19
1694510484836 -0.5433495643172688 20
1694510485120 -0.4671883421242198 21
1694510485394 -0.39319864674044314 22
1694510485672 -0.3142285497183217 23
1694510485921 -0.2544069570650014 24
1694510486184 -0.1960006869105717 25
1694510486461 -0.14596844281770105 26
1694510486738 -0.09433032307357458 27
1694510487012 -0.03688489915765647 28
1694510487317 0.016058119635136037 29
1694510487605 0.06465966398256118 30
1694510487873 0.10016447263063932 31
1694510488187 0.12708999939785848 32
1694510488484 0.14843218955684734 33
1694510488757 0.18137576183903792 34
1694510489008 0.21026984552946348 35
1694510489302 0.25130128660667095 36
1694510489599 0.2783639758547721 37
1694510489858 0.29936981735966994 38
1694510490115 0.3225000067460636 39
1694510490403 0.3438397283552128 40
1694510490704 0.3585093153495005 41
1694510491004 0.37497362123249467 42
1694510491260 0.38632099898007743 43
1694510491526 0.3989283637441473 44
1694510491822 0.4144795926321515 45
1694510492090 0.4169225313538405 46
1694510492389 0.42027289595643624 47
1694510492668 0.42971286095805794 48
1694510492950 0.44018272422518956 49
