1694510478986 10.972194608614044 0
1694510479259 4.711309360373848 1
1694510479549 4.290786712061675 2
1694510479839 2.4383515302453467 3
1694510480106 2.56275685330687 4
1694510480371 1.7173390268834914 5
1694510480652 2.5722771538287708 6
1694510480944 2.381992441861792 7
1694510481209 2.646597111183088 8
1694510481470 2.7471057033604227 9
1694510481786 2.3090162525020435 10
1694510482093 1.8031967546589671 11
1694510482382 2.2484153183327833 12
1694510482688 0.803223785581611 13
1694510483001 0.5066268431260104 14
1694510483270 1.546361065335264 15
1694510483543 0.7476801508437613 16
1694510483856 1.093567171734722 17
1694510484131 1.8725127410749043 18
1694510484391 1.1264652562003723 19
1694510484653 1.0754532087377335 20
1694510484923 0.9236200407415247 21
1694510485200 0.9718510585904708 22
1694510485475 0.5166903548895818 23
1694510485744 0.5954647912325552 24
1694510486009 0.6210488344046823 25
1694510486274 0.5340419321821305 26
1694510486537 0.3619001701345648 27
1694510486816 0.9367841569965885 28
1694510487095 0.7994210233221702 29
1694510487398 0.9080544627351474 30
1694510487688 0.30896825452395466 31
1694510487951 0.5367574908663427 32
1694510488266 0.651380886419907 33
1694510488567 0.2882757052003383 34
1694510488834 0.34142809174721767 35
1694510489094 0.35959864276841935 36
1694510489391 0.6493627808794827 37
1694510489675 0.4218324959682527 38
1694510489945 0.5907741052502865 39
1694510490204 0.5442299997439735 40
1694510490496 0.3741553834842519 41
1694510490794 0.5159228309604246 42
1694510491077 0.5192312507150071 43
1694510491346 0.4167657733953032 44
1694510491603 0.2958769201534588 45
1694510491893 0.2938641961276601 46
1694510492177 0.39966995114737724 47
1694510492471 0.48737928354558074 48
1694510492751 0.381342180901974 49
