1694513276665 168.21758840318464 0
1694513277036 167.5480778353593 1
1694513277372 166.8813658222627 2
1694513277726 166.2174405317463 3
1694513278059 165.5562901819462 4
1694513278414 164.89790304106901 5
1694513278804 164.24226742717823 6
1694513279178 163.58937170798194 7
1694513279537 162.93920430062133 8
1694513279922 162.29175367145982 9
1694513280276 161.64700833587347 10
1694513280645 161.00495685804205 11
1694513281007 160.36558785074118 12
1694513281372 159.72888997513502 13
1694513281827 159.09485194057027 14
1694513282202 158.46346250437085 15
1694513282560 157.83471047163334 16
1694513282953 157.2085846950235 17
1694513283319 156.5850740745735 18
1694513283698 155.96416755748018 19
1694513284131 155.34585413790404 20
1694513284492 154.73012285676901 21
1694513284839 154.1169628015635 22
1694513285261 153.5063631061415 23
1694513285625 152.89831295052554 24
1694513285987 152.2928015607096 25
1694513286380 151.68981820846338 26
1694513286743 151.08935221113725 27
1694513287151 150.491392931468 28
1694513287531 149.89592977738548 29
1694513287893 149.3029522018201 30
1694513288289 148.71244970251087 31
1694513288696 148.12441182181482 32
1694513289055 147.53882814651658 33
1694513289435 146.9556883076394 34
1694513289829 146.37498198025636 35
1694513290166 145.79669888330284 36
1694513290563 145.22082877938965 37
1694513290950 144.64736147461696 38
1694513291324 144.07628681838895 39
1694513291680 143.50759470322942 40
1694513292072 142.9412750645978 41
1694513292438 142.37731788070664 42
1694513292851 141.81571317233926 43
1694513293215 141.25645100266829 44
1694513293578 140.69952147707514 45
1694513293964 140.1449147429704 46
1694513294363 139.59262098961437 47
1694513294747 139.04263044793925 48
1694513295165 138.49493339037107 49
