1694513276794 -237.02616561548743 0
1694513277168 -236.07881501552188 1
1694513277526 -235.13542434184984 2
1694513277846 -234.19597685210223 3
1694513278182 -233.2604558750623 4
1694513278554 -232.32884481036237 5
1694513278953 -231.401127128182 6
1694513279305 -230.47728636894712 7
1694513279693 -229.5573061430311 8
1694513280059 -228.64117013045623 9
1694513280424 -227.72886208059725 10
1694513280789 -226.8203658118856 11
1694513281145 -225.91566521151526 12
1694513281537 -225.0147442351497 13
1694513281964 -224.11758690663 14
1694513282342 -223.22417731768465 15
1694513282710 -222.33449962763981 16
1694513283088 -221.44853806313176 17
1694513283458 -220.56627691781955 18
1694513283860 -219.68770055209995 19
1694513284271 -218.81279339282264 20
1694513284618 -217.94153993300722 21
1694513284985 -217.07392473156142 22
1694513285390 -216.20993241300002 23
1694513285743 -215.34954766716552 24
1694513286148 -214.4927552489497 25
1694513286504 -213.6395399780166 26
1694513286888 -212.78988673852626 27
1694513287298 -211.94378047886016 28
1694513287662 -211.10120621134743 29
1694513288034 -210.26214901199262 30
1694513288427 -209.42659402020394 31
1694513288854 -208.59452643852356 32
1694513289203 -207.76593153235845 33
1694513289586 -206.94079462971254 34
1694513289947 -206.11910112091996 35
1694513290289 -205.30083645837954 36
1694513290711 -204.48598615629035 37
1694513291079 -203.67453579038852 38
1694513291457 -202.86647099768481 39
1694513291819 -202.06177747620387 40
1694513292190 -201.26044098472386 41
1694513292592 -200.46244734251817 42
1694513292999 -199.66778242909726 43
1694513293354 -198.87643218395215 44
1694513293741 -198.08838260629884 45
1694513294134 -197.30361975482415 46
1694513294504 -196.52212974743185 47
1694513294892 -195.74389876099093 48
1694513295306 -194.96891303108396 49
