1694513276492 169.01313735838505 0
1694513276885 168.33880413952747 1
1694513277249 167.66729276927225 2
1694513277609 166.99859131875002 3
1694513277928 166.33268790974597 4
1694513278290 165.66957071448456 5
1694513278669 165.00922795541447 6
1694513279040 164.35164790499516 7
1694513279395 163.6968188854837 8
1694513279785 163.04472926872282 9
1694513280148 162.39536747593007 10
1694513280528 161.74872197748718 11
1694513280882 161.10478129273142 12
1694513281238 160.46353398974657 13
1694513281640 159.82496868515574 14
1694513282061 159.18907404391481 15
1694513282437 158.5558387791065 16
1694513282808 157.9252516517356 17
1694513283186 157.29730147052504 18
1694513283558 156.67197709171265 19
1694513283972 156.0492674188491 20
1694513284377 155.4291614025962 21
1694513284721 154.81164804052668 22
1694513285088 154.19671637692443 23
1694513285493 153.58435550258557 24
1694513285851 152.97455455462045 25
1694513286249 152.36730271625692 26
1694513286608 151.76258921664342 27
1694513286994 151.16040333065402 28
1694513287395 150.5607343786935 29
1694513287766 149.96357172650377 30
1694513288144 149.3689047849708 31
1694513288551 148.77672300993243 32
1694513288951 148.18701590198714 33
1694513289306 147.59977300630362 34
1694513289701 147.0149839124307 35
1694513290044 146.432638254109 36
1694513290398 145.85272570908248 37
1694513290822 145.27523599891117 38
1694513291184 144.7001588887849 39
1694513291553 144.12748418733747 40
1694513291925 143.55720174646166 41
1694513292301 142.98930146112536 42
1694513292697 142.42377326918816 43
1694513293096 141.86060715121863 44
1694513293455 141.2997931303128 45
1694513293846 140.74132127191305 46
1694513294224 140.18518168362803 47
1694513294604 139.63136451505292 48
1694513295018 139.07985995759114 49
