1694511722726 -3.167960898790363 0
1694511723125 -1.9532699303356957 1
1694511723485 -1.2210085955626981 2
1694511723821 -0.7092638688099213 3
1694511724184 -0.3136860918749944 4
1694511724539 -0.045300172047031406 5
1694511724888 0.17419173596807747 6
1694511725264 0.31031652012916555 7
1694511725637 0.41831835591046396 8
1694511725979 0.4684167152940324 9
1694511726312 0.5200100108416361 10
1694511726672 0.5881689554845166 11
1694511727044 0.6088034286578385 12
1694511727437 0.6194795917355478 13
1694511727770 0.6290449164940428 14
1694511728090 0.6534625720746474 15
1694511728429 0.6747897168360113 16
1694511728802 0.6665275434841551 17
1694511729135 0.6777765860834544 18
1694511729493 0.6746967812079336 19
1694511729868 0.6808422972322432 20
1694511730199 0.6809923289370647 21
1694511730519 0.6898109145989642 22
1694511730846 0.6877625669398204 23
1694511731203 0.6826339383170146 24
1694511731556 0.6946834810183035 25
1694511731935 0.6877014501235676 26
1694511732274 0.6807625950810825 27
1694511732641 0.687076739223148 28
1694511732985 0.6828761452433388 29
1694511733328 0.6916217204338558 30
1694511733663 0.6827152246891706 31
1694511734024 0.6853004605857234 32
1694511734350 0.6814100959652963 33
1694511734702 0.6949120028982825 34
1694511735061 0.7047035999641182 35
1694511735414 0.6976158296626038 36
1694511735798 0.6949622532304567 37
1694511736165 0.6895331343086437 38
1694511736528 0.6920754271250196 39
1694511736862 0.6859793976008982 40
1694511737217 0.6809542678072973 41
1694511737578 0.6799460423574917 42
1694511737920 0.6918207961547371 43
1694511738276 0.7008287695096425 44
1694511738619 0.6867166941083835 45
1694511738917 0.6895910439319339 46
1694511739266 0.6854063583600629 47
1694511739633 0.6835222914574092 48
1694511739930 0.6882076064308946 49
