1694511722506 0.9620317378926531 0
1694511722862 0.26952906973670065 1
1694511723261 1.0658251146615272 2
1694511723603 0.08405799924476894 3
1694511723945 0.11873381364784318 4
1694511724305 0.13056126799122358 5
1694511724673 0.001295691980002734 6
1694511725017 0.4441056383519869 7
1694511725400 0.000191053026979156 8
1694511725760 0.3671098992721516 9
1694511726097 0.0002789331067246765 10
1694511726452 0.0046215567479725205 11
1694511726809 0.03842725116278105 12
1694511727185 0.2777000071982977 13
1694511727564 0.16088994400396409 14
1694511727888 0.07123133878712276 15
1694511728204 0.045765057346432894 16
1694511728574 0.046600368482269366 17
1694511728926 0.15914333069805284 18
1694511729266 0.024484914376116173 19
1694511729647 0.443812189784804 20
1694511729986 0.1130025126065152 21
1694511730321 0.0006992339496529978 22
1694511730635 0.02187255994494182 23
1694511730973 0.052678480538702645 24
1694511731323 0.005804826707794995 25
1694511731709 0.03724738311724487 26
1694511732054 0.11719618099049134 27
1694511732414 0.0012263772515471217 28
1694511732760 0.3909840087868502 29
1694511733106 0.06759543169043022 30
1694511733451 0.1502668162491809 31
1694511733780 0.1297871307663821 32
1694511734151 0.05029633654457978 33
1694511734479 0.19185105369240504 34
1694511734837 0.0016618292300289697 35
1694511735191 0.02840635334136898 36
1694511735545 0.13055750572852123 37
1694511735917 0.009617900576148886 38
1694511736288 0.002571738483702037 39
1694511736643 0.603732762499843 40
1694511736979 0.00609882000180839 41
1694511737349 0.13580535006112313 42
1694511737691 0.19587154997576928 43
1694511738052 0.04015133512263089 44
1694511738408 0.023705509474376354 45
1694511738734 0.12585666620701724 46
1694511739031 0.6451259380756348 47
1694511739399 0.016623336818082687 48
1694511739747 0.10796180777657309 49
