1694492276444 2.792597783849432 0
1694492276835 1.9585916641147905 1
1694492277209 1.4404130585596933 2
1694492277617 1.0757070063501137 3
1694492278059 0.8331538888480501 4
1694492278477 0.6781528451480396 5
1694492278894 0.546015894414904 6
1694492279295 0.45951161660661183 7
1694492279717 0.39865100656612823 8
1694492280125 0.36764273184917723 9
1694492280592 0.34597472208958435 10
1694492280967 0.33573342860317934 11
1694492281386 0.3271983503260233 12
1694492281887 0.3219181770842776 13
1694492282233 0.3223007257903663 14
1694492282623 0.33029118506589633 15
1694492282997 0.3178124416391185 16
1694492283357 0.3247611241685093 17
1694492283792 0.3234258234029029 18
1694492284306 0.315675834097253 19
1694492284740 0.32734104126660424 20
1694492285165 0.3208205195090966 21
1694492285567 0.32450812446071586 22
1694492285945 0.32226415442108586 23
1694492286356 0.3221732894391014 24
1694492286790 0.31878053396816464 25
1694492287252 0.3257203334597354 26
1694492287640 0.3185893009141081 27
1694492288025 0.32217318926482663 28
1694492288407 0.3239246811882083 29
1694492288762 0.3176777135645144 30
1694492289175 0.32006427112440616 31
1694492289577 0.31575427623543695 32
1694492289962 0.3197931060972708 33
1694492290368 0.31660952308403295 34
1694492290842 0.32103641868671906 35
1694492291282 0.31650619060730983 36
1694492291708 0.3210709786347634 37
1694492292117 0.3250075721630955 38
1694492292568 0.321475514564686 39
1694492292992 0.3224519678718779 40
1694492293467 0.32200429469653236 41
1694492293916 0.3163473548009404 42
1694492294307 0.32222996656936986 43
1694492294692 0.3219114382707915 44
1694492295129 0.3198940156265191 45
1694492295525 0.31912469361123874 46
1694492295997 0.3225745553892788 47
1694492296361 0.32656849376550035 48
1694492296769 0.31584056470360283 49
