1694492276579 -2.951497277459507 0
1694492276965 -1.7713871554163503 1
1694492277340 -1.038169732939469 2
1694492277766 -0.5221144024104021 3
1694492278175 -0.17890422406257134 4
1694492278629 0.040420666090316026 5
1694492279026 0.22739309874549385 6
1694492279445 0.34979576633512666 7
1694492279854 0.435912906537105 8
1694492280271 0.47978929784249713 9
1694492280718 0.51044930984572 10
1694492281100 0.5249406352930279 11
1694492281555 0.5370176836850796 12
1694492282014 0.5444890747711644 13
1694492282391 0.5439477722680444 14
1694492282749 0.5326413541882503 15
1694492283118 0.5502986483973211 16
1694492283483 0.5404663337490694 17
1694492283950 0.5423557706634716 18
1694492284480 0.5533219261974786 19
1694492284894 0.5368157774648268 20
1694492285305 0.5460422490037715 21
1694492285677 0.5408243257457419 22
1694492286072 0.54399952038121 23
1694492286477 0.5441280934005701 24
1694492286926 0.5489288076616882 25
1694492287376 0.5391090624210196 26
1694492287791 0.5491994004756031 27
1694492288175 0.5441282351461435 28
1694492288539 0.5416498920038687 29
1694492288887 0.5504892872437294 30
1694492289316 0.5471123327267013 31
1694492289714 0.5532109313749285 32
1694492290101 0.5474960284642919 33
1694492290530 0.5520007658389792 34
1694492290988 0.5457367538775078 35
1694492291439 0.5521469802357699 36
1694492291850 0.5456878519048012 37
1694492292270 0.5401176123595177 38
1694492292718 0.5451154377050305 39
1694492293166 0.5437337662709091 40
1694492293620 0.5443672192313749 41
1694492294073 0.5523717312758452 42
1694492294439 0.544047895841421 43
1694492294826 0.5444986101232647 44
1694492295259 0.5473532425133754 45
1694492295649 0.5484418252897605 46
1694492296110 0.5435603061886654 47
1694492296464 0.5379089242706343 48
1694492296969 0.5530888340757738 49
