1694492276259 0.15126122484584495 0
1694492276720 0.24276917279371377 1
1694492277102 0.06025002400062718 2
1694492277464 2.018997878042926 3
1694492277928 1.1864047206893862 4
1694492278301 0.22587483751707302 5
1694492278796 0.24435267901158728 6
1694492279154 0.00014184386293972608 7
1694492279598 2.048052808339194 8
1694492279999 0.08557538597691233 9
1694492280416 0.05563912080230566 10
1694492280855 0.2586202857096474 11
1694492281256 0.40736311672629455 12
1694492281724 0.06918354323873624 13
1694492282137 0.054028937663098804 14
1694492282519 1.2192893814551562 15
1694492282883 0.0030384634462219794 16
1694492283262 0.08417794367734928 17
1694492283657 0.20988239110752294 18
1694492284136 0.07703187789864535 19
1694492284622 0.5097797691412739 20
1694492285045 0.016930093184418484 21
1694492285447 0.19042231298742018 22
1694492285817 0.05874809220987123 23
1694492286219 0.3511784218580561 24
1694492286616 0.033649445738829685 25
1694492287089 0.022478946007619023 26
1694492287509 0.045097213864067884 27
1694492287921 0.24203988637934465 28
1694492288306 0.033380986185491186 29
1694492288668 1.6201783230617741 30
1694492289024 0.2345618005003674 31
1694492289449 0.1146133344357759 32
1694492289850 0.21975294685984753 33
1694492290233 0.9005903065147693 34
1694492290681 0.5104758886302964 35
1694492291158 0.07213751528213794 36
1694492291566 0.6244011780938319 37
1694492291974 0.6100444645100128 38
1694492292412 0.28352650764324594 39
1694492292863 0.8786731681232555 40
1694492293313 0.16076861956924687 41
1694492293777 0.036587445597164855 42
1694492294204 0.009439000033676342 43
1694492294587 1.248670774649981 44
1694492294980 1.7746721095344746 45
1694492295393 1.3518185431608065 46
1694492295837 7.235481024715088e-07 47
1694492296240 0.039152040885673256 48
1694492296608 0.020307392905594846 49
