1694397775320 4.716669206498899 0
1694397775625 4.333037579830082 1
1694397775940 4.147821614922646 2
1694397776276 4.297810013040237 3
1694397776620 4.454063292754703 4
1694397776973 4.189296063797053 5
1694397777304 4.218415496308302 6
1694397777599 4.392455257900252 7
1694397777879 4.146994845682594 8
1694397778201 4.202824771798338 9
1694397778529 4.167925004088227 10
1694397778876 4.16353182519311 11
1694397779230 4.217605707649791 12
1694397779634 4.189212257312237 13
1694397779970 4.269305133182754 14
1694397780290 4.246324783846926 15
1694397780583 4.182584120734988 16
1694397780918 4.413584723920589 17
1694397781237 4.425294029578645 18
1694397781596 4.380792402651477 19
1694397781910 4.3576382339126125 20
1694397782202 4.463621448449001 21
1694397782515 4.34063511367691 22
1694397782842 4.390913849554565 23
1694397783181 4.381298297808869 24
1694397783497 4.286098120547052 25
1694397783841 4.333258680260208 26
1694397784148 4.42448159139922 27
1694397784463 4.391312092518109 28
1694397784802 4.5007542918436805 29
1694397785189 4.38192440907401 30
1694397785582 4.294429279048869 31
1694397785967 4.258868053513709 32
1694397786325 4.3767313131442585 33
1694397786632 4.295908199295694 34
1694397786984 4.410711699578799 35
1694397787352 4.314140530616216 36
1694397787713 4.275616544286458 37
1694397788092 4.1801065454477575 38
1694397788477 4.263595125135565 39
1694397788833 4.272235843496982 40
