1694397775422 -5.955560598080275 0
1694397775751 -5.3898281055496495 1
1694397776068 -5.116694499769004 2
1694397776370 -5.337878845425138 3
1694397776756 -5.568301863898696 4
1694397777074 -5.17785588925556 5
1694397777415 -5.220797628128116 6
1694397777683 -5.477449951034352 7
1694397777968 -5.115475282711787 8
1694397778339 -5.197806355187539 9
1694397778652 -5.146340492618221 10
1694397778990 -5.139861975536487 11
1694397779390 -5.219603451933154 12
1694397779720 -5.177732301813208 13
1694397780062 -5.295843372825843 14
1694397780383 -5.261954794811898 15
1694397780689 -5.167957945461932 16
1694397781035 -5.508609075169457 17
1694397781364 -5.525876511468327 18
1694397781713 -5.460251014056172 19
1694397782014 -5.426106108676875 20
1694397782301 -5.582397050189473 21
1694397782631 -5.401032009142203 22
1694397782954 -5.475176872578893 23
1694397783293 -5.460997045687702 24
1694397783605 -5.320607594381647 25
1694397783949 -5.3901541571281415 26
1694397784252 -5.524678428087494 27
1694397784582 -5.475764152064567 28
1694397784936 -5.637155976691006 29
1694397785335 -5.461920357171965 30
1694397785729 -5.332893356913341 31
1694397786086 -5.280452058123297 32
1694397786434 -5.4542622213456795 33
1694397786757 -5.335074285646342 34
1694397787119 -5.504372294077932 35
1694397787482 -5.361961073714803 36
1694397787846 -5.305150661607241 37
1694397788228 -5.164304323744537 38
1694397788581 -5.287422958917437 39
