1694397775207 0.6793725673907771 0
1694397775529 2.590982138420691 1
1694397775862 0.09542570017652041 2
1694397776185 14.423435621977788 3
1694397776506 0.6252293875293359 4
1694397776876 2.598684339920147 5
1694397777205 1.9288586257676976 6
1694397777519 0.48677601165654905 7
1694397777797 0.04302802671479895 8
1694397778089 0.2212343071354997 9
1694397778455 1.1043449436466137 10
1694397778780 0.24669669632845487 11
1694397779134 20.00125349914483 12
1694397779533 2.543469223713002 13
1694397779857 2.3944661523734587 14
1694397780190 19.09487919803294 15
1694397780509 39.066286912587 16
1694397780824 0.6712780395662756 17
1694397781151 2.624499883809099 18
1694397781491 3.1069969515361278 19
1694397781829 21.12242062152541 20
1694397782123 23.318506610912248 21
1694397782416 3.4894197500650104 22
1694397782749 0.4757212193549424 23
1694397783070 22.251376513597272 24
1694397783410 23.233653941204665 25
1694397783736 0.8769630894569064 26
1694397784059 16.117443441481942 27
1694397784371 0.2423908772946637 28
1694397784695 25.436301396202207 29
1694397785089 0.37192176165643953 30
1694397785468 0.15174085676984667 31
1694397785850 0.8060330649597258 32
1694397786210 4.11478944669184 33
1694397786544 0.048428092563083766 34
1694397786876 0.031098585237363686 35
1694397787243 0.6407747194780846 36
1694397787599 5.828428449410569 37
1694397787973 0.3189346080273822 38
1694397788358 17.736061984822936 39
1694397788726 2.0901577320112725 40
