1694510301358 35.140026747743384 0
1694510301696 11.038189482853355 1
1694510302023 5.9576816094038545 2
1694510302333 4.481808458806172 3
1694510302669 3.8575396262289936 4
1694510302992 3.4928814157386676 5
1694510303330 3.238803981978774 6
1694510303641 3.046195402198207 7
1694510303958 2.889438816847815 8
1694510304254 2.7552530199697447 9
1694510304586 2.63547416080965 10
1694510304919 2.5280037420560575 11
1694510305284 2.429953219890616 12
1694510305580 2.339945982965502 13
1694510305921 2.256136776196907 14
1694510306247 2.1750496633260785 15
1694510306556 2.1008421047940327 16
1694510306883 2.0311480338158177 17
1694510307196 1.965805607159645 18
1694510307526 1.9017618194440211 19
1694510307833 1.841551809299593 20
1694510308148 1.7828770038284059 21
1694510308459 1.7286084173112612 22
1694510308800 1.677593843241775 23
1694510309140 1.629239650228281 24
1694510309453 1.580344496363715 25
1694510309752 1.5351136865987869 26
1694510310076 1.48941753254 27
1694510310377 1.4465191740144214 28
1694510310756 1.4062694064429302 29
1694510311064 1.3665155804522238 30
1694510311410 1.3283768800354647 31
1694510311743 1.2906782876422613 32
1694510312067 1.2547265559712946 33
1694510312395 1.2195634970004687 34
1694510312717 1.1862210378522977 35
1694510313040 1.154508373059311 36
1694510313367 1.1242191604688896 37
1694510313707 1.0940101163963638 38
1694510314052 1.066295675535061 39
1694510314351 1.037961488342704 40
1694510314657 1.0102081400064 41
1694510314975 0.984710163442025 42
1694510315265 0.9599997280414441 43
1694510315592 0.9358555877601478 44
1694510315939 0.9124906928048858 45
1694510316233 0.8896439356196615 46
1694510316553 0.8678078858126995 47
1694510316850 0.8468607340686976 48
1694510317169 0.8270388345855978 49
