1694510301255 67.59971017121939 0
1694510301604 16.391763780181595 1
1694510301938 0.005967957568293193 2
1694510302239 0.12814120688503905 3
1694510302585 2.097656402212547 4
1694510302907 0.3042695391679135 5
1694510303235 0.6829657091923726 6
1694510303546 0.38273566445207013 7
1694510303875 0.003500945711510261 8
1694510304173 0.012310550644277576 9
1694510304494 0.11750244636643115 10
1694510304826 0.6199021231065055 11
1694510305204 0.1771517112657532 12
1694510305495 0.35698946831884865 13
1694510305821 0.19386017250011792 14
1694510306149 0.05540846335560607 15
1694510306475 0.6176272752353421 16
1694510306796 4.147075009533453 17
1694510307107 6.847821541852099 18
1694510307439 21.35529786631998 19
1694510307743 0.3027177834933791 20
1694510308066 0.2796799755137215 21
1694510308384 0.591245845655801 22
1694510308701 0.09026076543401826 23
1694510309050 0.9811347957325192 24
1694510309364 1.0521466761546412 25
1694510309680 0.08592734051711193 26
1694510309982 0.07863167532559441 27
1694510310298 6.352984461250898 28
1694510310647 0.002949255485194234 29
1694510310974 8.173281635397405 30
1694510311322 0.006757346512110906 31
1694510311643 0.004925472067096404 32
1694510311977 0.06028325780463675 33
1694510312309 0.07468964328500231 34
1694510312618 0.39695512151758433 35
1694510312945 7.851849879171797 36
1694510313272 0.384587620657591 37
1694510313602 0.31571143955498776 38
1694510313972 4.211716104512861 39
1694510314264 0.5330149325365613 40
1694510314580 0.3784635327696151 41
1694510314891 1.1751763385404552 42
1694510315179 0.10226939274435659 43
1694510315498 0.02512416425941225 44
1694510315836 0.1563884914226435 45
1694510316160 0.060238539014893094 46
1694510316468 1.9775696395148255 47
1694510316761 0.03907080355296358 48
1694510317079 0.005458278809397952 49
