1694510406129 120.78110305229839 0
1694510406465 86.99224296934463 1
1694510406808 63.292363900555955 2
1694510407138 46.6125766870128 3
1694510407499 34.82998322813683 4
1694510407827 26.475952271278203 5
1694510408125 20.52551130570911 6
1694510408464 16.265142013518332 7
1694510408812 13.189113582928131 8
1694510409156 10.952127644962752 9
1694510409501 9.309760162474566 10
1694510409835 8.090273665425483 11
1694510410167 7.17543801993219 12
1694510410486 6.47576659870477 13
1694510410787 5.937573324998456 14
1694510411100 5.514679203197384 15
1694510411395 5.1769035814994036 16
1694510411728 4.901975243229551 17
1694510412031 4.6753674742705424 18
1694510412367 4.486377771867593 19
1694510412693 4.325613489907726 20
1694510412986 4.1862231332348765 21
1694510413319 4.0643879493883075 22
1694510413608 3.957204774194337 23
1694510413957 3.8609193044107886 24
1694510414292 3.7736966130520533 25
1694510414616 3.694652478311506 26
1694510414921 3.6225710472760357 27
1694510415262 3.55636648233755 28
1694510415603 3.495118137506832 29
1694510415886 3.4382654668211874 30
1694510416202 3.3850131226919067 31
1694510416481 3.3348849353088528 32
1694510416800 3.287711108701581 33
1694510417085 3.242821376404395 34
1694510417382 3.200268643404254 35
1694510417647 3.1597993510435503 36
1694510417976 3.1211952038566593 37
1694510418288 3.0841671940488573 38
1694510418564 3.0489937162689054 39
1694510418883 3.0148094016344884 40
1694510419180 2.9818348483727446 41
1694510419487 2.9497541430093306 42
1694510419773 2.919096680247227 43
1694510420073 2.889422706332518 44
1694510420410 2.8605567753134755 45
1694510420712 2.8324683605407475 46
1694510421072 2.805298033187391 47
1694510421370 2.778775795189987 48
1694510421688 2.7528405026782266 49
