1694510406268 -169.90402443198602 0
1694510406606 -122.09313329742125 1
1694510406947 -88.55804702110579 2
1694510407298 -64.95631885813833 3
1694510407633 -48.28406972744472 4
1694510407947 -36.46320144030611 5
1694510408268 -28.04338838626927 6
1694510408608 -22.015009449486577 7
1694510408942 -17.662460708253107 8
1694510409324 -14.497148505147099 9
1694510409651 -12.17321532967409 10
1694510409990 -10.447654419736802 11
1694510410285 -9.153171346164124 12
1694510410605 -8.163143447379026 13
1694510410906 -7.401605474350189 14
1694510411223 -6.803214620996757 15
1694510411546 -6.325265573965741 16
1694510411836 -5.936244789643454 17
1694510412174 -5.615597116258 18
1694510412520 -5.3481786219685254 19
1694510412817 -5.120698808673866 20
1694510413127 -4.92346288086416 21
1694510413440 -4.751067342898477 22
1694510413766 -4.599404247189569 23
1694510414093 -4.463161293081032 24
1694510414418 -4.339742077671629 25
1694510414733 -4.227895436156405 26
1694510415055 -4.125900949109501 27
1694510415422 -4.032222167430742 28
1694510415707 -3.945556386469664 29
1694510416034 -3.8651104394271396 30
1694510416312 -3.7897589176067896 31
1694510416635 -3.7188280456016294 32
1694510416902 -3.652077563851612 33
1694510417209 -3.588559052169021 34
1694510417474 -3.528347370568839 35
1694510417803 -3.4710837361461255 36
1694510418117 -3.4164592630516237 37
1694510418387 -3.364065008214258 38
1694510418709 -3.314294897212208 39
1694510419003 -3.2659244419354305 40
1694510419296 -3.21926578661715 41
1694510419598 -3.173871916925049 42
1694510419908 -3.130491920944647 43
1694510420211 -3.088503551615733 44
1694510420524 -3.04765855471258 45
1694510420889 -3.007913735338845 46
1694510421197 -2.9694680002654343 47
1694510421518 -2.931939304996468 48
1694510421841 -2.895241131581365 49
