1694510406040 125.2054068187812 0
1694510406364 86.34323422285114 1
1694510406704 50.67351796460495 2
1694510407042 49.0400074533873 3
1694510407399 40.79926469288701 4
1694510407729 27.682855346392614 5
1694510408040 24.087519279927864 6
1694510408363 13.584581912775793 7
1694510408709 16.00172524589487 8
1694510409047 10.613850184115464 9
1694510409414 8.59422550957391 10
1694510409743 9.19501848267437 11
1694510410083 5.936798498944372 12
1694510410383 8.163351600509706 13
1694510410700 4.634164610476246 14
1694510411012 4.550054043498855 15
1694510411307 3.285659476295299 16
1694510411637 5.776982610310764 17
1694510411938 4.605173669178349 18
1694510412273 2.68722998266892 19
1694510412605 4.241734636222223 20
1694510412901 4.7535623114616845 21
1694510413222 3.168042431601139 22
1694510413522 1.8915282383568355 23
1694510413857 3.6968153337851017 24
1694510414195 8.063173059437867 25
1694510414515 6.967415097677462 26
1694510414829 3.5438397644462727 27
1694510415153 4.662108947354179 28
1694510415510 2.155616797150077 29
1694510415797 0.9847214222044751 30
1694510416118 4.740832885362087 31
1694510416394 3.937283655128519 32
1694510416718 2.9068087115346426 33
1694510416998 3.531679893538046 34
1694510417299 4.490343340523454 35
1694510417567 4.548923509884798 36
1694510417889 3.0465785058697596 37
1694510418199 4.697610619713156 38
1694510418480 2.401169330579547 39
1694510418801 1.528802588720589 40
1694510419095 1.8111763127490133 41
1694510419387 4.603115053591177 42
1694510419683 3.09482467676644 43
1694510419992 2.742238543928685 44
1694510420315 3.069049281241968 45
1694510420609 3.2655372762246664 46
1694510420977 2.7460885893056743 47
1694510421283 2.9375278372892843 48
1694510421597 2.2875313321895323 49
