1694397549336 4.4080585056225665 0
1694397549726 4.590867098893107 1
1694397550036 4.59892162169697 2
1694397550305 5.02823231810352 3
1694397550663 4.676095612858529 4
1694397550973 5.355872663067059 5
1694397551288 4.671434533612287 6
1694397551623 4.558337998746962 7
1694397551949 4.979437839167724 8
1694397552266 5.019798718847645 9
1694397552613 4.472696204774341 10
1694397552925 4.925857131967923 11
1694397553234 5.161504149999518 12
1694397553511 5.287278430838105 13
1694397553872 4.661102416694915 14
1694397554238 4.950381813318785 15
1694397554488 4.381852295750489 16
1694397554834 4.707246262244865 17
1694397555233 4.719251074210671 18
1694397555568 5.092887305022338 19
1694397555908 5.043718755056097 20
1694397556212 5.711454857467973 21
1694397556568 4.524919649271004 22
1694397556941 4.131301872821859 23
1694397557339 5.505612063710789 24
1694397557678 4.0140763505313775 25
1694397557985 5.013492767913888 26
1694397558250 4.597920965029806 27
1694397558510 4.694345302100148 28
1694397558804 4.89741936769384 29
1694397559082 4.399031305556172 30
1694397559330 4.8371417866641835 31
1694397559688 4.326273800540555 32
1694397560007 4.8144223388725615 33
1694397560321 4.535351011960087 34
1694397560654 4.79161501662926 35
1694397560997 4.41970031115472 36
1694397561304 4.423371218138178 37
1694397561566 4.870260796592002 38
1694397561896 4.8833721396803025 39
1694397562234 4.526967850375282 40
1694397562606 4.195406013009877 41
1694397562961 4.582575981062195 42
1694397563289 4.775944077589508 43
1694397563619 4.828885792018228 44
1694397563989 4.702469891544459 45
1694397564337 3.9908205286229097 46
1694397564686 5.469962778845569 47
1694397565041 4.541038156367292 48
1694397565382 4.432187895002331 49
1694397565703 4.897861442559117 50
1694397566073 5.100828194758481 51
1694397566394 5.20068725786568 52
1694397566748 5.221995008929366 53
1694397567089 4.314418064632445 54
1694397567430 4.067790298159571 55
1694397567742 4.522085575470474 56
1694397568088 6.402976548066755 57
1694397568395 4.634644316702279 58
1694397568782 4.706507521507918 59
1694397569107 3.696261407518486 60
1694397569449 4.798885977021425 61
1694397569755 4.444592529748168 62
1694397570070 4.582240512207252 63
1694397570360 4.682425018899172 64
1694397570750 4.824370488821616 65
1694397571057 5.261370689766492 66
1694397571371 5.336280222305644 67
1694397571724 4.956748386377815 68
1694397572057 4.822051927758072 69
1694397572364 5.049749527272247 70
1694397572768 4.342390406697112 71
1694397573122 5.160326479085235 72
1694397573462 4.98875835605817 73
1694397573790 4.476291984166505 74
1694397574130 5.147221167974768 75
1694397574463 4.608729816812048 76
1694397574814 4.763486265255955 77
1694397575183 4.653291155665378 78
1694397575542 4.046932428080057 79
1694397575862 5.553825291966293 80
1694397576184 4.721524794782021 81
1694397576489 5.233212736279123 82
1694397576834 4.779189727443878 83
1694397577234 4.368718099357309 84
1694397577545 5.5197956849302905 85
1694397577875 4.747421249743878 86
1694397578187 4.337756572865761 87
1694397578523 4.57995576617452 88
1694397578831 6.703366783838829 89
1694397579173 4.818777562868924 90
1694397579487 5.060971157087369 91
1694397579808 4.34743157030453 92
1694397580126 4.963959657222544 93
1694397580522 4.334290048554008 94
1694397580822 4.877381282970909 95
1694397581173 4.647435905987595 96
1694397581509 5.130649512322585 97
1694397581823 5.070555567698783 98
1694397582137 5.229597808719685 99
