1694397549469 -5.17603418058745 0
1694397549820 -5.432163294823087 1
1694397550139 -5.443448310228741 2
1694397550407 -6.044946119687643 3
1694397550760 -5.5515750981691 4
1694397551086 -6.503995827592664 5
1694397551384 -5.5450445621731514 6
1694397551737 -5.38658748540266 7
1694397552036 -5.976581244460364 8
1694397552424 -6.033129988571593 9
1694397552724 -5.266596644494563 10
1694397553026 -5.901510489690679 11
1694397553321 -6.231670363036345 12
1694397553640 -6.4078899518886985 13
1694397553999 -5.530568459562869 14
1694397554345 -5.935871483333967 15
1694397554610 -5.139317234179604 16
1694397554994 -5.5952195904352795 17
1694397555338 -5.612039269424968 18
1694397555693 -6.135532805106344 19
1694397556011 -6.066643827155144 20
1694397556330 -7.002194248468246 21
1694397556709 -5.33976576823192 22
1694397557131 -4.788276526803758 23
1694397557458 -6.713792420667996 24
1694397557805 -4.624034416228372 25
1694397558088 -6.024294858897538 26
1694397558344 -5.442046312099279 27
1694397558640 -5.577144337868974 28
1694397558893 -5.8616669613091466 29
1694397559156 -5.163386368383067 30
1694397559459 -5.7772133633617875 31
1694397559782 -5.061447422405477 32
1694397560104 -5.745381642901146 33
1694397560440 -5.354380921918221 34
1694397560783 -5.7134268034718065 35
1694397561126 -5.192345259217334 36
1694397561408 -5.197488486553059 37
1694397561661 -5.823615682450911 38
1694397562012 -5.8419856979494496 39
1694397562390 -5.342635457917891 40
1694397562713 -4.878091432938369 41
1694397563087 -5.420546791309426 42
1694397563409 -5.69147059417287 43
1694397563767 -5.765646070172932 44
1694397564128 -5.588527522109225 45
1694397564462 -4.5914511937459235 46
1694397564793 -6.663844988808763 47
1694397565162 -5.362349055327529 48
1694397565505 -5.2098413393118745 49
1694397565849 -5.862286342715916 50
1694397566174 -6.1466586117108015 51
1694397566522 -6.2865689568672565 52
1694397566855 -6.31642277997621 53
1694397567200 -5.044836610613594 54
1694397567540 -4.699291851242647 55
1694397567850 -5.335795009531677 56
1694397568183 -7.971070136188004 57
1694397568522 -5.4934985954266535 58
1694397568877 -5.5941845569764075 59
1694397569220 -4.178750863697154 60
1694397569537 -5.723613986752253 61
1694397569869 -5.227221201237544 62
1694397570161 -5.420076773247731 63
1694397570502 -5.560443090279452 64
1694397570844 -5.759319777805799 65
1694397571181 -6.37159118357698 66
1694397571500 -6.4765452881614625 67
1694397571860 -5.944791549339359 68
1694397572147 -5.756071292705168 69
1694397572534 -6.075093409957816 70
1694397572918 -5.084028046136083 71
1694397573251 -6.230020354124074 72
1694397573572 -5.98964001643962 73
1694397573917 -5.271634612208362 74
1694397574242 -6.211658789897502 75
1694397574584 -5.457190357482271 76
1694397574948 -5.674016226294307 77
1694397575325 -5.519624272898746 78
1694397575669 -4.6700683465225925 79
1694397575960 -6.78134291830378 80
1694397576313 -5.615224929494555 81
1694397576616 -6.332139691957355 82
1694397576997 -5.6960180030634815 83
1694397577334 -5.1209151994163715 84
1694397577663 -6.7336647815598525 85
1694397577976 -5.651507885085199 86
1694397578313 -5.077535683093922 87
1694397578628 -5.416875665645797 88
1694397578960 -8.391940313223241 89
1694397579281 -5.751483651808546 90
1694397579611 -6.090815789597672 91
1694397579917 -5.091091110001872 92
1694397580260 -5.9548951029028405 93
1694397580630 -5.0726788118409845 94
1694397580947 -5.833592039888646 95
1694397581281 -5.51142061087844 96
1694397581596 -6.188440606289853 97
1694397581924 -6.104244297286799 98
1694397582263 -6.327074896165975 99
