1694397549223 5.9882538704487684 0
1694397549607 3.361984813898494 1
1694397549948 11.10596107394789 2
1694397550245 0.163534859243453 3
1694397550567 0.739486772137507 4
1694397550881 3.903859892915317 5
1694397551195 1.5081323510634426 6
1694397551525 0.023802889775098972 7
1694397551853 0.5913172501732382 8
1694397552180 13.995423547028812 9
1694397552550 3.834194272350482 10
1694397552842 3.541848061215032 11
1694397553146 1.5259883741809885 12
1694397553439 0.677816477249617 13
1694397553758 2.0572632888620106 14
1694397554149 7.20193955960874 15
1694397554430 22.64876869273358 16
1694397554740 0.08531959589681992 17
1694397555127 4.2554241489091735 18
1694397555464 1.1555134080360638 19
1694397555811 2.7851941605638997 20
1694397556125 1.4357658399972189 21
1694397556458 6.186590325163028 22
1694397556844 21.362407180965153 23
1694397557252 0.007277538002779742 24
1694397557611 0.07758572217820273 25
1694397557913 1.129660071359217 26
1694397558188 0.009101885978809742 27
1694397558440 11.310292662825853 28
1694397558730 36.649610077550065 29
1694397559012 6.772947160905866 30
1694397559267 0.03348329763869205 31
1694397559587 0.1569320280339149 32
1694397559912 1.614460829769842 33
1694397560230 5.883771862438763 34
1694397560556 4.246213055298519 35
1694397560904 0.5293346445880801 36
1694397561241 0.7865735547699338 37
1694397561510 0.7685447778016377 38
1694397561786 0.1932769279486124 39
1694397562130 1.3705152666391323 40
1694397562511 21.882099084931646 41
1694397562849 0.15465716995332976 42
1694397563196 20.63631765957003 43
1694397563527 0.13196810922463403 44
1694397563896 18.68393989822336 45
1694397564239 19.52241435729335 46
1694397564584 12.052351785006275 47
1694397564918 2.048118113472569 48
1694397565278 6.521630390626721 49
1694397565615 0.004084128558500095 50
1694397565964 0.3871161983629535 51
1694397566299 1.140310828617599 52
1694397566647 1.8729323283470491 53
1694397566978 1.669000499496712 54
1694397567319 1.297170139949537 55
1694397567645 5.938649181547909 56
1694397567977 36.76413601918186 57
1694397568308 0.7140551463807224 58
1694397568650 1.7035354742775597 59
1694397569004 15.788665402835417 60
1694397569361 2.384412479434931 61
1694397569675 6.761620403250589 62
1694397569983 0.051894773348402194 63
1694397570279 0.15807564366930033 64
1694397570666 2.887341699739716 65
1694397570959 2.491952684891404 66
1694397571286 1.6983005248558432 67
1694397571622 0.47061493112799885 68
1694397571965 7.527711423543636 69
1694397572273 0.005033142620229582 70
1694397572674 4.760771173148388 71
1694397573033 0.5249528252326168 72
1694397573367 6.148593893307622 73
1694397573689 0.1298600689200846 74
1694397574029 10.867816110897206 75
1694397574372 1.2382105275511366 76
1694397574711 2.3985974106033505 77
1694397575076 0.2199344953077943 78
1694397575449 0.17124421095872672 79
1694397575771 0.0008365790368678881 80
1694397576090 1.3282537253626319 81
1694397576421 2.957194450813819 82
1694397576738 7.015193757684756 83
1694397577125 0.789067624834246 84
1694397577461 0.41458685732444744 85
1694397577785 0.3809138970248533 86
1694397578094 2.5720632801120784 87
1694397578436 0.7678818407929074 88
1694397578740 30.336126856754472 89
1694397579076 0.2146555789696098 90
1694397579386 0.0013537926686514586 91
1694397579726 3.682362970430365 92
1694397580034 4.153744121291463 93
1694397580395 0.48630737061705587 94
1694397580738 25.699338137560563 95
1694397581078 5.620209522835451 96
1694397581415 8.8873567397969 97
1694397581735 0.5355000317544516 98
1694397582048 3.0389217738769188 99
