1694493272553 168.95448711099016 0
1694493272927 168.29601306018608 1
1694493273314 167.64248362546078 2
1694493273662 166.99162792920163 3
1694493273997 166.3434576033984 4
1694493274335 165.69796138792782 5
1694493274685 165.055128070755 6
1694493275064 164.41494648720627 7
1694493275406 163.77740551976848 8
1694493275769 163.142494097889 9
1694493276156 162.51020119777652 10
1694493276505 161.88051584220267 11
1694493276910 161.25342710030466 12
1694493277274 160.62892408738844 13
1694493277650 160.00699596473316 14
1694493278004 159.38763193939602 15
1694493278398 158.7711494351663 16
1694493278737 158.1572042073462 17
1694493279106 157.54578891175197 18
1694493279473 156.9368929466044 19
1694493279884 156.330505754963 20
1694493280270 155.72661682446792 21
1694493280664 155.12521568715044 22
1694493281018 154.52629191924532 23
1694493281391 153.92983514100297 24
1694493281774 153.33583501650284 25
1694493282130 152.7441831852628 26
1694493282507 152.15496939741925 27
1694493282835 151.56818245259242 28
1694493283178 150.98381218134762 29
1694493283543 150.40184845718534 30
1694493283943 149.82228119637452 31
1694493284305 149.2451003577714 32
1694493284648 148.67029594263857 33
1694493284981 148.09785799446541 34
1694493285351 147.52777659878882 35
1694493285681 146.96004188301492 36
1694493286078 146.39464401624153 37
1694493286418 145.83157320908137 38
1694493286811 145.2708197134859 39
1694493287203 144.7123738225701 40
1694493287573 144.1562258704379 41
1694493288007 143.60236623200822 42
1694493288409 143.05078532284207 43
1694493288791 142.5014735989701 44
1694493289191 141.95442155672094 45
1694493289549 141.40961973255045 46
1694493289972 140.86705870287136 47
1694493290347 140.32672908388412 48
1694493290766 139.78862153140776 49
