1694492105810 170.04192775474644 0
1694492106242 169.98119267103354 1
1694492106698 169.92048143274596 2
1694492107177 169.85979418543477 3
1694492107577 169.7991309192926 4
1694492108051 169.73849162451978 5
1694492108476 169.67787629132073 6
1694492108843 169.617284909904 7
1694492109182 169.556717470482 8
1694492109614 169.49617396327147 9
1694492110052 169.43565437849304 10
1694492110503 169.37515870637148 11
1694492110958 169.31468693713563 12
1694492111343 169.25423906101835 13
1694492111754 169.19381506825653 14
1694492112114 169.13341494909125 15
1694492112476 169.07303869376747 16
1694492112884 169.0126862925344 17
1694492113230 168.95235773564508 18
1694492113636 168.89205301335681 19
1694492114048 168.83177211593082 20
1694492114438 168.7715150336324 21
1694492114817 168.7112817567309 22
1694492115252 168.65107227549973 23
1694492115655 168.59088658021633 24
1694492116049 168.5307246611622 25
1694492116460 168.4705865086228 26
1694492116855 168.41047211288773 27
1694492117370 168.35038146425055 28
1694492117747 168.2903145530089 29
1694492118156 168.23027136946448 30
1694492118693 168.17025190392292 31
1694492119076 168.11025614669396 32
1694492119576 168.0502840880913 33
1694492120061 167.99033571843282 34
1694492120473 167.9304110280402 35
1694492120889 167.8705100072393 36
1694492121308 167.81063264635998 37
1694492121751 167.75077893573604 38
1694492122263 167.6909488657054 39
1694492122621 167.63114242660993 40
1694492122980 167.57135960879555 41
1694492123338 167.51160040261215 42
1694492123823 167.45186479841365 43
1694492124270 167.39215278655803 44
1694492124667 167.33246435740713 45
1694492125051 167.27279950132703 46
1694492125505 167.2131582086876 47
1694492126006 167.1535404698628 48
1694492126444 167.09394627523056 49
