1694492105944 -237.2420189311835 0
1694492106377 -237.15692433625168 1
1694492106872 -237.0718631506228 2
1694492107295 -236.98683557822517 3
1694492107712 -236.90184160531797 4
1694492108201 -236.81688121817115 5
1694492108608 -236.73195440306026 6
1694492108958 -236.6470611462667 7
1694492109322 -236.5622014340774 8
1694492109788 -236.4773752527851 9
1694492110198 -236.39258258868824 10
1694492110627 -236.30782342809093 11
1694492111081 -236.22309775730304 12
1694492111481 -236.13840556263997 13
1694492111879 -236.05374683042297 14
1694492112225 -235.9691215469789 15
1694492112639 -235.88452969864022 16
1694492112996 -235.79997127174536 17
1694492113357 -235.71544625263806 18
1694492113797 -235.630954627668 19
1694492114183 -235.5464963831904 20
1694492114552 -235.46207150556617 21
1694492114949 -235.37767998116198 22
1694492115392 -235.29332179635006 23
1694492115795 -235.20899693750832 24
1694492116175 -235.1247053910204 25
1694492116578 -235.04044714327551 26
1694492117067 -234.9562221806686 27
1694492117500 -234.87203048960018 28
1694492117878 -234.7878720564765 29
1694492118357 -234.70374686770947 30
1694492118834 -234.6196549097165 31
1694492119277 -234.53559616892085 32
1694492119744 -234.45157063175117 33
1694492120213 -234.36757828464212 34
1694492120594 -234.28361911403363 35
1694492121049 -234.19969310637134 36
1694492121463 -234.1158002481068 37
1694492121907 -234.03194052569683 38
1694492122376 -233.94811392560413 39
1694492122724 -233.86432043429684 40
1694492123107 -233.7805600382489 41
1694492123515 -233.6968327239397 42
1694492123959 -233.61313847785445 43
1694492124394 -233.52947728648377 44
1694492124794 -233.44584913632397 45
1694492125216 -233.36225401387705 46
1694492125665 -233.27869190565056 47
1694492126135 -233.1951627981576 48
1694492126560 -233.111666677917 49
