1694492105654 169.35919399832002 0
1694492106060 169.2912347605287 1
1694492106505 169.23009936739405 2
1694492107051 169.16898810366484 3
1694492107414 169.10790111626653 4
1694492107883 169.04683839524617 5
1694492108332 168.98579993065874 6
1694492108724 168.9247857125633 7
1694492109053 168.86379573102312 8
1694492109451 168.80282997610547 9
1694492109906 168.7418884378819 10
1694492110312 168.68097110642802 11
1694492110798 168.6200779718236 12
1694492111187 168.55920902415244 13
1694492111604 168.49836425350264 14
1694492111993 168.43754364996633 15
1694492112334 168.37674720363975 16
1694492112754 168.31597490462326 17
1694492113106 168.2552267430214 18
1694492113476 168.19450270894282 19
1694492113906 168.13380279250018 20
1694492114280 168.07312698381045 21
1694492114652 168.01247527299455 22
1694492115069 167.95184765017754 23
1694492115519 167.89124410548865 24
1694492115891 167.83066462906118 25
1694492116323 167.77010921103258 26
1694492116687 167.70957784154433 27
1694492117222 167.64907051074206 28
1694492117607 167.58858720877546 29
1694492117990 167.52812792579846 30
1694492118470 167.46769265196886 31
1694492118951 167.4072813774488 32
1694492119437 167.3468940924043 33
1694492119915 167.28653078700566 34
1694492120338 167.22619145142716 35
1694492120713 167.16587607584714 36
1694492121146 167.1055846504481 37
1694492121600 167.04531716541663 38
1694492122128 166.98507361094343 39
1694492122493 166.9248539772232 40
1694492122834 166.86465825445467 41
1694492123211 166.8044864328409 42
1694492123654 166.74433850258873 43
1694492124113 166.68421445390933 44
1694492124512 166.62411427701778 45
1694492124932 166.56403796213323 46
1694492125350 166.503985499479 47
1694492125825 166.44395687928244 48
1694492126296 166.38395209177497 49
