1694492014749 167.88582747732718 0
1694492015118 167.22077959516392 1
1694492015482 166.5586111558437 2
1694492015844 165.89930947113274 3
1694492016192 165.24286175607477 4
1694492016580 164.58925528363903 5
1694492016937 163.93847738445183 6
1694492017296 163.29051544653313 7
1694492017634 162.6453569150342 8
1694492017973 162.00298929197655 9
1694492018296 161.36340013599184 10
1694492018655 160.7265770620633 11
1694492019025 160.09250774126826 12
1694492019372 159.46117990052164 13
1694492019740 158.8325813223209 14
1694492020098 158.20669984449185 15
1694492020425 157.58352335993624 16
1694492020809 156.9630398163795 17
1694492021226 156.34523721612078 18
1694492021629 155.73010361578324 19
1694492022078 155.11762712606583 20
1694492022460 154.5077959114966 21
1694492022871 153.90059819018612 22
1694492023260 153.2960222335833 23
1694492023663 152.69405636623134 24
1694492024042 152.09468896552514 25
1694492024404 151.49790846147013 26
1694492024790 150.90370333644162 27
1694492025196 150.31206212494575 28
1694492025552 149.72297341338123 29
1694492025897 149.13642583980234 30
1694492026279 148.55240809368303 31
1694492026664 147.97090891568195 32
1694492027019 147.3919170974087 33
1694492027346 146.8154214811911 34
1694492027698 146.2414109598435 35
1694492028043 145.66987447643632 36
1694492028394 145.1008010240663 37
1694492028787 144.53417964562823 38
1694492029182 143.9699994335874 39
1694492029569 143.4082495297532 40
1694492029976 142.84891912505395 41
1694492030344 142.29199745931246 42
1694492030732 141.73747382102263 43
1694492031102 141.1853375471275 44
1694492031530 140.6355780227977 45
1694492031938 140.08818468121146 46
1694492032325 139.54314700333535 47
1694492032757 139.00045451770595 48
1694492033190 138.4600968002129 49
