1694492014881 -246.57726171859161 0
1694492015230 -245.59653132549175 1
1694492015600 -244.62004717869556 2
1694492015949 -243.6477905671645 3
1694492016329 -242.6797426372258 4
1694492016714 -241.71588462062792 5
1694492017056 -240.75619783414496 6
1694492017410 -239.80066367918806 7
1694492017744 -238.8492636414186 8
1694492018082 -237.90197929036296 9
1694492018421 -236.9587922790294 10
1694492018774 -236.01968434352648 11
1694492019134 -235.08463730268315 12
1694492019495 -234.15363305767104 13
1694492019858 -233.22665359162792 14
1694492020201 -232.30368096928296 15
1694492020564 -231.38469733658457 16
1694492020938 -230.46968492032823 17
1694492021374 -229.55862602778808 18
1694492021768 -228.65150304634858 19
1694492022225 -227.7482984431385 20
1694492022592 -226.8489947646671 21
1694492023011 -225.95357463646053 22
1694492023381 -225.06202076270168 23
1694492023807 -224.1743159258703 24
1694492024151 -223.2904429863855 25
1694492024536 -222.41038488224962 26
1694492024934 -221.5341246286938 27
1694492025310 -220.66164531782522 28
1694492025658 -219.79293011827585 29
1694492026015 -218.92796227485286 30
1694492026392 -218.06672510819084 31
1694492026782 -217.20920201440524 32
1694492027120 -216.35537646474756 33
1694492027467 -215.50523200526243 34
1694492027806 -214.6587522564457 35
1694492028162 -213.81592091290457 36
1694492028509 -212.97672174301908 37
1694492028924 -212.14113858860506 38
1694492029315 -211.3091553645789 39
1694492029708 -210.4807560586236 40
1694492030111 -209.65592473085658 41
1694492030482 -208.8346455134988 42
1694492030850 -208.01690261054554 43
1694492031235 -207.20268029743858 44
1694492031666 -206.39196292074 45
1694492032089 -205.58473489780752 46
1694492032455 -204.78098071647108 47
1694492032901 -203.98068493471115 48
1694492033318 -203.18383218033853 49
