1694494514401 162.2400256223387 0
1694494514810 155.86154109365495 1
1694494515205 149.74672694329254 2
1694494515594 143.88455708742833 3
1694494516009 138.2644688148119 4
1694494516411 132.87634339406907 5
1694494516854 127.71048735880068 6
1694494517290 122.7576145829168 7
1694494517738 118.008829112798 8
1694494518214 113.45560872429098 9
1694494518604 109.08978917390124 10
1694494518977 104.90354911483904 11
1694494519404 100.88939564981858 12
1694494519870 97.04015049369711 13
1694494520269 93.34893672018111 14
1694494520665 89.80916606791466 15
1694494521085 86.41452678231131 16
1694494521503 83.15897197048926 17
1694494521940 80.03670844762787 18
1694494522363 77.04218605398049 19
1694494522778 74.17008742265651 20
1694494523185 71.41531817912731 21
1694494523624 68.77299755421528 22
1694494524052 66.23844939309733 23
1694494524512 63.80719354359273 24
1694494524904 61.474937607712306 25
1694494525325 59.23756904112421 26
1694494525758 57.0911475858395 27
1694494526207 55.031898022043194 28
1694494526638 53.056203225590416 29
1694494527065 51.160597518258406 30
1694494527504 49.34176029838988 31
1694494528010 47.59650994008667 32
1694494528510 45.921797949612895 33
1694494528961 44.31470336814653 34
1694494529378 42.77242741047695 35
1694494529785 41.29228832968638 36
1694494530203 39.87171649827366 37
1694494530724 38.50824969658261 38
1694494531251 37.19952859978304 39
1694494531731 35.943292455022586 40
1694494532177 34.737374940721885 41
1694494532616 33.57970020032463 42
1694494533057 32.46827904313912 43
1694494533498 31.401205305219126 44
1694494534055 30.376652363529765 45
1694494534558 29.392869796929617 46
1694494535038 28.44818018777357 47
1694494535426 27.54097605820271 48
1694494535937 26.669716935438178 49
