1694494514533 -228.56797547046887 0
1694494514935 -219.5424851563326 1
1694494515330 -210.89008572843466 2
1694494515736 -202.59517539103481 3
1694494516145 -194.64280801583982 4
1694494516551 -187.0186657015367 5
1694494517028 -179.70903229239858 6
1694494517430 -172.7007680150666 7
1694494517907 -165.98128518623346 8
1694494518368 -159.53852494596083 9
1694494518712 -153.36093497327798 10
1694494519113 -147.43744814254143 11
1694494519555 -141.7574620807935 12
1694494520010 -136.31081958803833 13
1694494520377 -131.08778988396696 14
1694494520818 -126.07905064620205 15
1694494521223 -121.27567080661468 16
1694494521646 -116.66909407367667 17
1694494522098 -112.2511231501693 18
1694494522513 -108.01390461686577 19
1694494522896 -103.94991445404762 20
1694494523321 -100.05194417390588 21
1694494523759 -96.31308753801665 22
1694494524230 -92.72672783517318 23
1694494524649 -89.28652569590122 24
1694494525038 -85.98640742098564 25
1694494525461 -82.8205538022953 26
1694494525935 -79.78338941511068 27
1694494526329 -76.86957236203894 28
1694494526767 -74.07398444944215 29
1694494527246 -71.39172177811182 30
1694494527666 -68.81808573069453 31
1694494528165 -66.34857433911341 32
1694494528671 -63.97887401593837 33
1694494529099 -61.70485163433691 34
1694494529545 -59.52254694188601 35
1694494529924 -57.428165294148975 36
1694494530364 -55.418070694515905 37
1694494530902 -53.48877912737804 38
1694494531396 -51.6369521722521 39
1694494531868 -49.85939088699442 40
1694494532316 -48.15302994874594 41
1694494532793 -46.514932041729175 42
1694494533199 -44.94228248147792 43
1694494533675 -43.43238406552088 44
1694494534247 -41.98265214096209 45
1694494534700 -40.590609879804795 46
1694494535164 -39.253883753252204 47
1694494535606 -37.97019919658904 48
1694494536107 -36.73737645660243 49
