1694494514278 169.02973552853808 0
1694494514678 162.34901414790318 1
1694494515045 155.95163940059192 2
1694494515436 149.81901249235673 3
1694494515852 143.94006360931996 4
1694494516266 138.30418778199672 5
1694494516682 132.901225451518 6
1694494517146 127.72144371419478 7
1694494517579 122.75551835714805 8
1694494518048 117.99451665159673 9
1694494518463 113.42988087181085 10
1694494518823 109.053412509089 11
1694494519253 104.85725715141454 12
1694494519694 100.83389000068514 13
1694494520144 96.97610200059782 14
1694494520488 93.27698654940895 15
1694494520930 89.72992677287904 16
1694494521358 86.3285833337541 17
1694494521790 83.06688275513585 18
1694494522209 79.93900623604917 19
1694494522637 76.9393789384319 20
1694494523022 74.06265972565039 21
1694494523450 71.30373133348374 22
1694494523889 68.65769095532583 23
1694494524334 66.11984122412464 24
1694494524762 63.68568157431706 25
1694494525151 61.35089996772453 26
1694494525587 59.11136496805223 27
1694494526079 56.9631181492832 28
1694494526452 54.90236682387998 29
1694494526904 52.92547707730153 30
1694494527356 51.02896709591298 31
1694494527814 49.20950077591124 32
1694494528304 47.463881601412695 33
1694494528825 45.789046780349494 34
1694494529252 44.182061627300364 35
1694494529658 42.64011418284124 36
1694494530045 41.160510059440576 37
1694494530526 39.7406675043456 38
1694494531073 38.37811267030887 39
1694494531565 37.070475085391294 40
1694494532000 35.81548331344707 41
1694494532449 34.61096079725124 42
1694494532914 33.45482187656911 43
1694494533343 32.3450679737927 44
1694494533874 31.279783940079653 45
1694494534388 30.257134555229406 46
1694494534849 29.275361174816076 47
1694494535297 28.332778518371338 48
1694494535758 27.42777159267267 49
