1694511820186 0.3696878842811086 0
1694511820528 0.2122808540966919 1
1694511820839 0.20023328545045369 2
1694511821155 0.21527242268477917 3
1694511821503 0.28605542426949687 4
1694511821840 0.21651386676043705 5
1694511822222 0.2054650645129199 6
1694511822550 0.20514644053730452 7
1694511822899 0.20391425569126176 8
1694511823209 0.2006510240272814 9
1694511823573 0.20327238573923634 10
1694511823919 0.20248353632397867 11
1694511824266 0.20538582436775102 12
1694511824604 0.22204498827264713 13
1694511824942 7.037187518034982 14
1694511825293 0.21742396223157845 15
1694511825625 0.775922585527145 16
1694511825959 0.20981429998871515 17
1694511826301 0.20451107187987144 18
1694511826638 0.21401374664975828 19
1694511826955 0.20225667168819347 20
1694511827274 0.2016099506921392 21
1694511827624 0.212801774244037 22
1694511827957 0.22926958438482595 23
1694511828296 0.21223942121440828 24
1694511828600 0.20302783432929214 25
1694511828912 0.3193155711341396 26
1694511829264 0.20231539907883214 27
1694511829590 0.20869242789302814 28
1694511829959 0.2070677412204344 29
1694511830298 0.2472358061524679 30
1694511830641 0.21361286943756086 31
1694511830954 0.20709568948302035 32
1694511831281 0.2014391046000156 33
1694511831652 0.22498969293740104 34
1694511831971 0.20844656597419683 35
1694511832351 0.22676973087124885 36
1694511832703 0.2291431077339734 37
1694511833077 0.20274469949256488 38
1694511833423 0.40118077552573816 39
1694511833803 0.21957579372465388 40
1694511834213 0.2130679968286861 41
1694511834612 0.20085268451899427 42
1694511835000 0.20960729227891753 43
1694511835367 0.2969490453155926 44
1694511835752 0.21163040175198902 45
1694511836120 0.2010780384051316 46
1694511836534 0.20434297092467543 47
1694511836908 0.21404389052833625 48
1694511837267 0.20746371024842927 49
