1694511820323 0.4820384061243944 0
1694511820651 0.7025779469321491 1
1694511820958 0.7194575313698861 2
1694511821282 0.6983865257361662 3
1694511821633 0.599214013249277 4
1694511821978 0.6966471656449218 5
1694511822348 0.7121274003668925 6
1694511822681 0.7125738174372751 7
1694511822993 0.7143002046247989 8
1694511823358 0.7188722470035949 9
1694511823719 0.715199514549598 10
1694511824031 0.7163047541796422 11
1694511824396 0.712238421997938 12
1694511824737 0.6888976324949374 13
1694511825081 -8.859649229054217 14
1694511825414 0.6953720508227845 15
1694511825746 -0.0871281321681614 16
1694511826072 0.7060337818444358 17
1694511826444 0.7134640185406805 18
1694511826729 0.7001500291480787 19
1694511827068 0.7166226092496666 20
1694511827408 0.7175287158659558 21
1694511827728 0.7018480971283734 22
1694511828071 0.6787754091912217 23
1694511828391 0.702635997635618 24
1694511828695 0.7155421501713348 25
1694511829029 0.5526139502906343 26
1694511829379 0.7165403275895075 27
1694511829715 0.7076056122546657 28
1694511830070 0.7098819251506685 29
1694511830420 0.6536033295576507 30
1694511830755 0.7007116894258614 31
1694511831052 0.7098427674523761 32
1694511831425 0.717768084581963 33
1694511831777 0.6847718713150307 34
1694511832104 0.7079500840016877 35
1694511832492 0.6822778991710212 36
1694511832852 0.6789526128553098 37
1694511833201 0.7159388441868775 38
1694511833563 0.43791440628993994 39
1694511833927 0.6923571668698727 40
1694511834365 0.7014750984986275 41
1694511834738 0.7185897049075441 42
1694511835131 0.706323815810574 43
1694511835510 0.5839511995082076 44
1694511835882 0.7034892814592666 45
1694511836304 0.7182739665157472 46
1694511836655 0.7136995411054913 47
1694511837041 0.7001077952203312 48
1694511837418 0.7093271416222215 49
