1694511820093 0.19574723648122438 0
1694511820448 0.13750637181158687 1
1694511820758 0.08453332352255767 2
1694511821071 0.10797228659588894 3
1694511821421 0.0023016574336176643 4
1694511821751 0.5852199434999293 5
1694511822112 0.19875664445287938 6
1694511822466 0.04316183410286398 7
1694511822804 0.011415608347089514 8
1694511823115 0.0047017730118500585 9
1694511823488 0.10386172981268446 10
1694511823840 0.3245731338722999 11
1694511824157 0.09626528277528386 12
1694511824516 1.2618347669579775 13
1694511824860 8.240627286014867 14
1694511825205 0.04904132042802721 15
1694511825543 1.4494403656103907 16
1694511825871 0.13812304133148215 17
1694511826202 0.07351085662632843 18
1694511826561 0.042886081577254855 19
1694511826860 1.9780903799392988 20
1694511827189 0.41582674671319514 21
1694511827539 0.005144420887712121 22
1694511827867 0.5921633410734877 23
1694511828196 0.02389781183361423 24
1694511828516 0.010548011309774662 25
1694511828827 0.3185608527787284 26
1694511829162 0.018576292465180107 27
1694511829516 0.6191230416819382 28
1694511829861 0.29645625604989584 29
1694511830202 0.40110999298909145 30
1694511830542 0.010381599164019966 31
1694511830871 0.26901259861484117 32
1694511831182 0.02095575923315727 33
1694511831567 0.24426201085527097 34
1694511831896 0.15409418558820936 35
1694511832257 0.042039441783110226 36
1694511832612 2.023840691014235 37
1694511832989 0.017910092848087374 38
1694511833330 0.006515777104173751 39
1694511833711 0.0717661495638191 40
1694511834113 0.05089093427495334 41
1694511834524 0.010442203991565775 42
1694511834906 1.1707255206094975e-06 43
1694511835279 0.14243673974728152 44
1694511835650 0.027795066160445015 45
1694511836025 0.25773051889418913 46
1694511836439 0.1564639724592446 47
1694511836806 0.024675701267166134 48
1694511837171 0.8034473672768885 49
