1694494760643 4.7527206725609235 0
1694494761077 4.439200344695291 1
1694494761545 4.359335564121958 2
1694494761971 4.270191589498875 3
1694494762388 4.218164816595504 4
1694494762834 4.25070144131654 5
1694494763279 4.319135244424619 6
1694494763753 4.21213219206578 7
1694494764296 4.301333803968592 8
1694494764732 4.3220570068402475 9
1694494765204 4.416812595932701 10
1694494765617 4.391393350328063 11
1694494766061 4.361749342337091 12
1694494766508 4.185694803602752 13
1694494766955 4.19094284005739 14
1694494767346 4.501074939971924 15
1694494767737 4.329866025127187 16
1694494768136 4.2941399105310385 17
1694494768553 4.449919688720847 18
1694494769023 4.440856440742395 19
1694494769379 4.276464508151726 20
1694494769770 4.262821279232689 21
1694494770215 4.410944266338227 22
1694494770713 4.2408407736086975 23
1694494771146 4.343620202278488 24
1694494771538 4.241654444288251 25
1694494772009 4.3141168083316686 26
1694494772373 4.291331889345865 27
1694494772841 4.261380110483886 28
1694494773239 4.348495576402457 29
1694494773634 4.266362917586674 30
1694494774135 4.341494031274371 31
1694494774555 4.267674271018369 32
1694494774912 4.38242366712774 33
1694494775329 4.3012076033385815 34
1694494775742 4.253284933831319 35
1694494776181 4.390108123594654 36
1694494776565 4.395369795519301 37
1694494776934 4.225590404293788 38
1694494777425 4.404280106334892 39
1694494777792 4.234942081664415 40
1694494778234 4.406216199178804 41
1694494778639 4.328870989421163 42
1694494779039 4.298473331605202 43
1694494779447 4.282395937223421 44
1694494779910 4.312752330986964 45
1694494780336 4.310979574057328 46
1694494780739 4.222897568012389 47
1694494781122 4.190666110389181 48
1694494781549 4.2413202609468295 49
