1694494760822 -6.008724842988214 0
1694494761279 -5.546383825688401 1
1694494761711 -5.428609121419382 2
1694494762101 -5.297150609003406 3
1694494762561 -5.220427956680587 4
1694494762994 -5.268408948137937 5
1694494763477 -5.369326660115593 6
1694494763928 -5.211531787870584 7
1694494764473 -5.3430752966206905 8
1694494764924 -5.373635314092661 9
1694494765324 -5.513369141733412 10
1694494765796 -5.475883981036341 11
1694494766216 -5.43216866310243 12
1694494766706 -5.17254519596454 13
1694494767118 -5.18028435128433 14
1694494767482 -5.637628828907055 15
1694494767898 -5.385151088790511 16
1694494768281 -5.33246663199946 17
1694494768700 -5.562191388966041 18
1694494769135 -5.548826031386438 19
1694494769514 -5.306401133877318 20
1694494769945 -5.286281786654688 21
1694494770453 -5.504715254781232 22
1694494770857 -5.253867654530802 23
1694494771298 -5.405434048748946 24
1694494771698 -5.2550675554504425 25
1694494772133 -5.361926091022468 26
1694494772544 -5.328325709526614 27
1694494772974 -5.2841565291635435 28
1694494773390 -5.412623647737754 29
1694494773780 -5.291504557026984 30
1694494774286 -5.402298634622249 31
1694494774683 -5.293438378938236 32
1694494775065 -5.462656601223596 33
1694494775464 -5.342889191534427 34
1694494775912 -5.272218763487393 35
1694494776334 -5.473988687549533 36
1694494776714 -5.481747950774664 37
1694494777097 -5.231378295351913 38
1694494777535 -5.494887775534939 39
1694494777943 -5.245168992938987 40
1694494778376 -5.49774288589137 41
1694494778783 -5.383683733152985 42
1694494779186 -5.33885702563504 43
1694494779594 -5.31514807213717 44
1694494780056 -5.359913928532309 45
1694494780456 -5.357299685788138 46
1694494780880 -5.227407233334213 47
1694494781266 -5.17987626458326 48
1694494781739 -5.25457474317543 49
