1694492498293 6.415305282117913 0
1694492498706 0.0005736567788220137 1
1694492499166 0.09469571482348749 2
1694492499530 0.8906835462201722 3
1694492500002 6.749545590860208 4
1694492500431 0.4887850954662593 5
1694492500820 0.020030710436860926 6
1694492501220 0.07278806784803453 7
1694492501619 1.4377959326550918 8
1694492502005 0.9510243002684369 9
1694492502360 0.045375501606701486 10
1694492502802 0.5253597952259693 11
1694492503183 0.13225414308697467 12
1694492503544 0.056906650115902895 13
1694492503928 4.902475655874362e-05 14
1694492504306 0.186319795874912 15
1694492504721 0.4382157087501097 16
1694492505084 0.13285936922803218 17
1694492505489 0.4231686027189356 18
1694492505833 0.10432246395242042 19
1694492506277 1.6636166443321583 20
1694492506660 0.07517297068538097 21
1694492507135 1.3978019308483582 22
1694492507493 0.07886547208887462 23
1694492507845 0.013094776164271767 24
1694492508220 0.3292397553793456 25
1694492508604 0.09615136973701044 26
1694492509042 0.028369776851743918 27
1694492509458 0.04241369636499465 28
1694492509850 0.11241000089870573 29
1694492510286 0.5747608579213271 30
1694492510703 0.1695270068895668 31
1694492511088 0.1007562657353169 32
1694492511513 0.2550828221909229 33
1694492511896 0.7234961153917714 34
1694492512235 0.4791166369509131 35
1694492512666 0.3837065468089249 36
1694492513076 0.029583083979898138 37
1694492513456 0.19466883761885428 38
1694492513830 0.18464885113809115 39
1694492514197 0.6989348390603811 40
1694492514618 0.013165072360306933 41
1694492515010 0.5643544617473596 42
1694492515439 0.3255425936374223 43
1694492515854 0.9152500573928875 44
1694492516276 0.5736177343064325 45
1694492516634 0.23360887423233362 46
1694492517101 0.3609165107873473 47
1694492517495 1.1119586006045457 48
1694492517920 0.36652984908718733 49
