1694491783108 162.38359962014044 0
1694491783497 156.01074451066737 1
1694491783930 149.91342844305268 2
1694491784301 144.07935209490503 3
1694491784700 138.4967739991709 4
1694491785092 133.15448517239435 5
1694491785447 128.04178475426482 6
1694491785822 123.14845676691544 7
1694491786215 118.46474794236033 8
1694491786561 113.98134656884666 9
1694491786899 109.68936230916765 10
1694491787230 105.58030694615178 11
1694491787582 101.64607601260872 12
1694491787945 97.87893126498528 13
1694491788304 94.27148396186496 14
1694491788652 90.81667891023743 15
1694491789042 87.50777924417643 16
1694491789421 84.33835190219483 17
1694491789752 81.30225377110274 18
1694491790137 78.3936184656792 19
1694491790572 75.60684371488286 20
1694491790969 72.9365793266787 21
1694491791333 70.37771570484485 22
1694491791707 67.92537289235327 23
1694491792101 65.57489011708876 24
1694491792567 63.32181581678956 25
1694491793082 61.16189812115811 26
1694491793481 59.091075770108006 27
1694491793880 57.10546944808281 28
1694491794299 55.201373515307424 29
1694491794689 53.37524811771578 30
1694491795150 51.62371165813933 31
1694491795570 49.943533612144584 32
1694491795971 48.33162767267306 33
1694491796343 46.7850452083678 34
1694491796769 45.3009690211671 35
1694491797201 43.87670738941062 36
1694491797652 42.50968838333724 37
1694491798078 41.1974544404581 38
1694491798506 39.93765718886537 39
1694491798894 38.728052507087334 40
1694491799283 37.56649580962474 41
1694491799644 36.45093754780454 42
1694491800002 35.379418916063514 43
1694491800400 34.350067754230814 44
1694491800824 33.361094636811835 45
1694491801270 32.41078914069061 46
1694491801598 31.497516283063245 47
1694491801988 30.619713121791392 48
1694491802379 29.775885510724738 49
