1694491783228 -228.77113120764972 0
1694491783642 -219.7536064640705 1
1694491784050 -211.1259666441398 2
1694491784418 -202.87080833257707 3
1694491784843 -194.97151747369415 4
1694491785209 -187.4122334706427 5
1694491785569 -180.17781471562367 6
1694491785940 -173.25380570453225 7
1694491786329 -166.62640566300857 8
1694491786664 -160.28243861424266 9
1694491787010 -154.2093248220937 10
1694491787350 -148.39505354615437 11
1694491787694 -142.82815704831248 12
1694491788044 -137.49768579315358 13
1694491788422 -132.39318478720878 14
1694491788759 -127.50467100458968 15
1694491789176 -122.82261184897314 16
1694491789544 -118.33790460420748 17
1694491789861 -114.04185682801362 18
1694491790283 -109.92616764535565 19
1694491790724 -105.98290990005823 20
1694491791094 -102.20451312515958 21
1694491791449 -98.5837472943106 22
1694491791819 -95.11370731827073 23
1694491792262 -91.78779825220741 24
1694491792813 -88.59972118108905 25
1694491793216 -85.54345975196932 26
1694491793613 -82.61326732339938 27
1694491794023 -79.80365470357786 28
1694491794431 -77.10937845015614 29
1694491794843 -74.52542970586677 30
1694491795276 -72.04702354533228 31
1694491795704 -69.66958880954884 32
1694491796087 -67.38875840562199 33
1694491796483 -65.20036005036556 34
1694491796925 -63.100407437360744 35
1694491797359 -61.085091808012244 36
1694491797791 -59.15077390803586 37
1694491798199 -57.2939763116669 38
1694491798655 -55.51137609669515 39
1694491799020 -53.79979785421026 40
1694491799417 -52.156207017684075 41
1694491799768 -50.57770349672459 42
1694491800131 -49.06151560151136 43
1694491800536 -47.60499424456717 44
1694491801002 -46.205607407134785 45
1694491801378 -44.86093485801402 46
1694491801718 -43.568663113274006 47
1694491802114 -42.326580625788196 48
1694491802516 -41.13257319404885 49
