1694491782985 169.17813275916612 0
1694491783338 162.49000205166772 1
1694491783743 156.0985245408172 2
1694491784172 149.9836849669745 3
1694491784527 144.1331350893311 4
1694491784953 138.53508638318544 5
1694491785313 133.1782846071209 6
1694491785689 128.05198538278069 7
1694491786069 123.14593089600189 8
1694491786432 118.45032766767416 9
1694491786774 113.95582534507533 10
1694491787113 109.6534964667049 11
1694491787460 105.53481715580624 12
1694491787807 101.59164869983066 13
1694491788144 97.81621997507025 14
1694491788517 94.20111067756528 15
1694491788867 90.7392353231845 16
1694491789284 87.42382798148849 17
1694491789638 84.2484277096161 18
1694491789971 81.20686465399133 19
1694491790404 78.29324678913154 20
1694491790825 75.50194726425433 21
1694491791185 72.82759232973011 22
1694491791568 70.26504981671663 23
1694491791973 67.80941814453905 24
1694491792408 65.45601583155293 25
1694491792948 63.20037148634335 26
1694491793340 61.038214257181814 27
1694491793721 58.96546471867825 28
1694491794156 56.97822617553645 29
1694491794530 55.07277636424645 30
1694491794979 53.2455595344303 31
1694491795409 51.49317889239956 32
1694491795819 49.81238939028642 33
1694491796198 48.20009084487616 34
1694491796603 46.65332137099962 35
1694491797023 45.16925111504174 36
1694491797489 43.745176274786864 37
1694491797903 42.37851339245601 38
1694491798311 41.06679390839642 39
1694491798772 39.80765896346075 40
1694491799148 38.59885443866399 41
1694491799516 37.438226221231176 42
1694491799881 36.32371568665018 43
1694491800249 35.25335538682154 44
1694491800658 34.225264934853136 45
1694491801144 33.237647077482684 46
1694491801479 32.28878394652523 47
1694491801838 31.37703348113905 48
1694491802249 30.500826013080648 49
