1694510159331 3.0430721449878635 0
1694510159664 0.3133138248680041 1
1694510160030 0.3306861328221153 2
1694510160377 0.29724204165378915 3
1694510160717 0.32421675125379906 4
1694510161094 0.32059946942803463 5
1694510161464 0.31795395213716815 6
1694510161809 0.29938290515613986 7
1694510162164 0.3044140198207038 8
1694510162501 0.3111553335211119 9
1694510162854 0.3216003181427804 10
1694510163160 0.3102647606363125 11
1694510163500 0.3249232455355458 12
1694510163805 0.30871244009067517 13
1694510164140 0.348583661523813 14
1694510164485 0.3193597816008009 15
1694510164822 0.34618975476548985 16
1694510165163 0.3418548691643536 17
1694510165485 0.33089544092929873 18
1694510165813 0.30439149766509377 19
1694510166125 0.3035161106248855 20
1694510166455 0.3169355477968851 21
1694510166785 0.31907858348260326 22
1694510167114 0.3377196394975273 23
1694510167433 0.31257136524103757 24
1694510167730 0.3199704313913397 25
1694510168040 0.3078653560244309 26
1694510168375 0.3267876797067442 27
1694510168690 0.32127963235744295 28
1694510169030 0.3099347040163813 29
1694510169359 0.3274920012905963 30
1694510169688 0.3365996436787774 31
1694510170022 0.30452082669456065 32
1694510170301 1.1898972805605246 33
1694510170617 0.2937060234235991 34
1694510170934 0.34289732085557745 35
1694510171262 0.31375949065258213 36
1694510171555 0.309844450392114 37
1694510171873 0.3349718019858993 38
1694510172203 0.3294648439498151 39
1694510172507 0.3538343034594696 40
1694510172848 1.7015042832524347 41
1694510173170 0.30045541687091837 42
1694510173503 0.3034033459677721 43
1694510173836 0.3116663200778723 44
1694510174152 0.3039476378182226 45
1694510174459 0.28207368062657207 46
1694510174784 0.3264318288971323 47
1694510175097 0.3267880855602752 48
1694510175399 0.3078639139987313 49
