1694510159454 -3.487546567740875 0
1694510159810 0.537963507789992 1
1694510160159 0.5123449758529124 2
1694510160509 0.5616641866316741 3
1694510160863 0.5218852199447657 4
1694510161234 0.5272195399570259 5
1694510161594 0.531120821777794 6
1694510161943 0.5585071058250952 7
1694510162284 0.551087839942076 8
1694510162646 0.5411465839622736 9
1694510162953 0.5257436120129306 10
1694510163282 0.5424598907463691 11
1694510163612 0.5208433695258056 12
1694510163907 0.5447490611651782 13
1694510164275 0.48595191329321163 14
1694510164612 0.5290476782952298 15
1694510164951 0.48948215100857395 16
1694510165267 0.49587470434746495 17
1694510165577 0.5120363141343467 18
1694510165919 0.5511210528326321 19
1694510166253 0.5524119654106339 20
1694510166568 0.5326226385879334 21
1694510166916 0.5294623545138832 22
1694510167237 0.5019728297989929 23
1694510167526 0.5390583954534894 24
1694510167838 0.5281471674821235 25
1694510168189 0.5459982360164297 26
1694510168490 0.5180939325203371 27
1694510168838 0.5262165197610051 28
1694510169169 0.5429466174427348 29
1694510169473 0.5170552861276094 30
1694510169814 0.5036244611612639 31
1694510170115 0.5509303343696311 32
1694510170408 -0.7547133958484835 33
1694510170741 0.566878669140245 34
1694510171063 0.4943374254772639 35
1694510171357 0.5373062949909999 36
1694510171666 0.5430797123292539 37
1694510171975 0.5060250008309305 38
1694510172296 0.5141459816871439 39
1694510172645 0.47820891573214463 40
1694510172953 -1.5091681506408428 41
1694510173283 0.5569254981486412 42
1694510173628 0.5525782567852322 43
1694510173951 0.5403930441644318 44
1694510174274 0.5517756024579723 45
1694510174584 0.5840326101270079 46
1694510174900 0.5186186972985668 47
1694510175205 0.5180933340177274 48
1694510175494 0.546000362537646 49
