1694510159234 3.8937714516944117 0
1694510159573 0.3120810158886476 1
1694510159928 0.02357334343907056 2
1694510160288 0.6490061187981536 3
1694510160626 0.3536710137707989 4
1694510161006 0.006464909860838363 5
1694510161375 0.07718222796648495 6
1694510161716 0.018267163016706195 7
1694510162080 0.24938771908072443 8
1694510162409 0.01651547942691507 9
1694510162770 0.6677316809427771 10
1694510163075 0.6079182431616517 11
1694510163403 0.160148536393453 12
1694510163725 0.40267438063884686 13
1694510164052 0.13717987166799106 14
1694510164388 2.5104190275874223 15
1694510164735 0.000615232399240478 16
1694510165078 0.7931318444192065 17
1694510165399 0.0003584770370877991 18
1694510165717 0.08335115725869074 19
1694510166035 0.733232904457921 20
1694510166369 0.6538102165858519 21
1694510166688 1.662581293677735 22
1694510167030 0.4452781456014012 23
1694510167346 0.25644665830773 24
1694510167645 0.0021335556924893416 25
1694510167950 0.08257055901441064 26
1694510168294 0.012685697045974052 27
1694510168605 0.2406203669647314 28
1694510168949 0.16373071411104706 29
1694510169285 0.1928709103504456 30
1694510169587 0.004176370382395879 31
1694510169927 0.004237404653717884 32
1694510170229 0.3973223497516565 33
1694510170530 0.015892266553776478 34
1694510170857 0.04666228180651685 35
1694510171179 0.0009685686757485525 36
1694510171480 0.0033010259852791213 37
1694510171781 0.02491451875335252 38
1694510172101 0.4259951397240377 39
1694510172419 0.007631306526634139 40
1694510172766 2.6210524185996484 41
1694510173080 0.47608045542071836 42
1694510173420 0.5781912851069654 43
1694510173750 0.00525233605823646 44
1694510174059 0.11720322434381762 45
1694510174384 0.13684180327984607 46
1694510174695 0.14244478219669804 47
1694510175008 0.5462287644945268 48
1694510175315 0.7668074601756925 49
