1694494070029 10.869622751394909 0
1694494070431 4.6090619075069 1
1694494070878 3.649211091076917 2
1694494071229 3.250489872025676 3
1694494071632 2.97270276318946 4
1694494072030 2.760918794998075 5
1694494072407 2.5852092248657867 6
1694494072778 2.424833284868162 7
1694494073103 2.282889901469607 8
1694494073467 2.149613562233322 9
1694494073855 2.0232671278328316 10
1694494074228 1.9091571790209632 11
1694494074567 1.8034346235784358 12
1694494074937 1.7041353379622781 13
1694494075374 1.6114989655976715 14
1694494075732 1.522410919564071 15
1694494076107 1.442424046039061 16
1694494076475 1.3648983716367828 17
1694494076943 1.292569595460066 18
1694494077337 1.2253052145918275 19
1694494077695 1.162497088869222 20
1694494078014 1.104206369181669 21
1694494078479 1.0484582985965893 22
1694494078837 0.9970303488238863 23
1694494079250 0.9484353349322214 24
1694494079645 0.9019961847145286 25
1694494080024 0.8590197948104941 26
1694494080432 0.8192740984444957 27
1694494080906 0.781384982946881 28
1694494081275 0.7455245584572686 29
1694494081723 0.7132597667693007 30
1694494082067 0.6835766397017958 31
1694494082412 0.6523346512766048 32
1694494082801 0.6240540881216101 33
1694494083180 0.59849375200642 34
1694494083637 0.5735488701260611 35
1694494083986 0.5513448555805573 36
1694494084349 0.5312653672564115 37
1694494084706 0.5113149374160848 38
1694494085075 0.49215969255654207 39
1694494085438 0.47341389355325075 40
1694494085810 0.4568592471808473 41
1694494086188 0.44166020745263496 42
1694494086571 0.42650727627779655 43
1694494086953 0.4128884453186539 44
1694494087318 0.4006003626768123 45
1694494087691 0.3894360416599534 46
1694494088069 0.37813406153105716 47
1694494088396 0.3665893327953872 48
1694494088778 0.3555529899821412 49
