1694494070178 -14.229190256227051 0
1694494070590 -5.457655642477888 1
1694494071030 -4.112829696321553 2
1694494071398 -3.554190133292847 3
1694494071763 -3.1649887021161227 4
1694494072192 -2.868262825002178 5
1694494072537 -2.622079996528109 6
1694494072896 -2.397380781237344 7
1694494073259 -2.1985070170938954 8
1694494073610 -2.011776458609484 9
1694494074006 -1.834755237938872 10
1694494074351 -1.6748782890943263 11
1694494074724 -1.5267527333106963 12
1694494075147 -1.3876266801308077 13
1694494075493 -1.257835888706492 14
1694494075861 -1.1330165795518021 15
1694494076248 -1.0209487237693349 16
1694494076674 -0.9123292001466692 17
1694494077110 -0.8109909367507362 18
1694494077454 -0.7167482866478827 19
1694494077819 -0.6287491979818265 20
1694494078157 -0.5470793479237621 21
1694494078593 -0.4689719478073413 22
1694494078970 -0.3969173742964369 23
1694494079380 -0.32883196517171 24
1694494079780 -0.2637670894001942 25
1694494080198 -0.20355381122636396 26
1694494080554 -0.14786698697606115 27
1694494081070 -0.09478137749809767 28
1694494081432 -0.04453812253772793 29
1694494081859 0.0006673700936090654 30
1694494082214 0.04225574899597573 31
1694494082551 0.0860282143880261 32
1694494082946 0.12565149172627477 33
1694494083328 0.16146351856606445 34
1694494083750 0.1964132459635809 35
1694494084126 0.2275228041975239 36
1694494084477 0.25565573529643104 37
1694494084857 0.28360784538165484 38
1694494085223 0.31044583921480373 39
1694494085579 0.33671016743074655 40
1694494085934 0.35990451970921333 41
1694494086349 0.3811995612232525 42
1694494086716 0.4024300010535138 43
1694494087085 0.421511046687555 44
1694494087461 0.43872761001426575 45
1694494087840 0.45436969555265483 46
1694494088193 0.47020465225646213 47
1694494088547 0.4863797187139882 48
1694494088903 0.5018424967956192 49
