1694494069918 9.743261242971947 0
1694494070313 4.072681750738919 1
1694494070711 5.475414872228238 2
1694494071133 6.619549152666224 3
1694494071528 1.5619575855150531 4
1694494071881 2.620841400756623 5
1694494072306 1.7340372097776187 6
1694494072638 1.9958994293186625 7
1694494072999 5.838297814181921 8
1694494073364 1.4510197688840587 9
1694494073737 1.3003196444895642 10
1694494074108 1.1154092397938034 11
1694494074452 1.4173329645610064 12
1694494074829 1.3966534641040527 13
1694494075264 1.6985727548560579 14
1694494075618 1.8618355564684606 15
1694494076003 1.0628267890949563 16
1694494076354 1.5923503494426685 17
1694494076823 1.0085268399540865 18
1694494077225 0.8862544649807877 19
1694494077552 1.1252089789554507 20
1694494077925 1.486092658965186 21
1694494078291 0.6955745347487944 22
1694494078693 0.9574828156750039 23
1694494079117 0.6872744837861609 24
1694494079491 0.4449883383594676 25
1694494079898 1.4702923633047003 26
1694494080308 0.547770790740058 27
1694494080734 0.579756074625219 28
1694494081181 0.33049919751705775 29
1694494081549 0.926049483065929 30
1694494081962 0.8330467075224037 31
1694494082306 0.35889422392001274 32
1694494082688 0.8555856440547377 33
1694494083073 0.668854056511506 34
1694494083510 0.7378928563958344 35
1694494083853 0.2961569680043233 36
1694494084233 0.4076352600273373 37
1694494084574 0.2688779122798607 38
1694494084966 0.6965464158861693 39
1694494085325 0.3030389077044495 40
1694494085688 0.25027666568537577 41
1694494086056 0.46399604987387905 42
1694494086444 0.6907158494443204 43
1694494086830 0.24100160726890885 44
1694494087186 0.34173850943239614 45
1694494087562 0.41354776196050647 46
1694494087964 0.4188137946245717 47
1694494088289 0.3441635082919652 48
1694494088651 0.30739724454089207 49
