1694507999453 37.11778048989957 0
1694507999829 13.737072317364357 1
1694508000205 8.288927339348199 2
1694508000573 6.536890320291351 3
1694508000937 5.820145198109826 4
1694508001292 5.441559687675648 5
1694508001667 5.233229132369848 6
1694508002030 5.0803883194201305 7
1694508002409 4.968151572351028 8
1694508002749 4.907748636018761 9
1694508003105 4.837378168041955 10
1694508003472 4.782406051579372 11
1694508003861 4.747959036873876 12
1694508004244 4.700503431536627 13
1694508004609 4.670312549666781 14
1694508004958 4.635022742150263 15
1694508005336 4.622679689046084 16
1694508005707 4.598301159951992 17
1694508006069 4.567800678276868 18
1694508006435 4.552917702689771 19
1694508006793 4.541014084468101 20
1694508007174 4.527145608835115 21
1694508007499 4.515475575019652 22
1694508007814 4.51848814811777 23
1694508008144 4.502163408446289 24
1694508008523 4.495712672745178 25
1694508008874 4.480362727139986 26
1694508009201 4.4841558372251376 27
1694508009554 4.485006462860055 28
1694508009918 4.461892891786942 29
1694508010271 4.466950499969242 30
1694508010622 4.4662753742595225 31
1694508011017 4.452335836996039 32
1694508011356 4.447155779881874 33
1694508011713 4.452940149046557 34
1694508012024 4.4447123440169 35
1694508012368 4.437417549872996 36
1694508012722 4.437019983919084 37
1694508013049 4.4406087290912115 38
1694508013382 4.44332795261288 39
1694508013725 4.4449485942733284 40
1694508014044 4.444549164838868 41
1694508014366 4.439705571832294 42
1694508014690 4.448952970964997 43
1694508015043 4.443987734116927 44
1694508015380 4.442752401667527 45
1694508015694 4.445068080518579 46
1694508016035 4.43539917644175 47
1694508016342 4.4378609897201455 48
1694508016693 4.438786573066577 49
