1694507999583 -51.52127943358914 0
1694507999966 -18.437816708249716 1
1694508000343 -10.7287473348006 2
1694508000695 -8.249632887725367 3
1694508001071 -7.235445876866741 4
1694508001422 -6.699751255028235 5
1694508001796 -6.404965651865671 6
1694508002161 -6.188697466111044 7
1694508002530 -6.029883617930183 8
1694508002872 -5.944414081340312 9
1694508003243 -5.844840589506984 10
1694508003621 -5.767055607439622 11
1694508004000 -5.718313434251422 12
1694508004374 -5.65116423848294 13
1694508004744 -5.608444449688885 14
1694508005090 -5.558509733300414 15
1694508005471 -5.541044439508814 16
1694508005827 -5.506549070393759 17
1694508006204 -5.46339120104448 18
1694508006562 -5.442331942939704 19
1694508006939 -5.425488445008538 20
1694508007298 -5.405864693953807 21
1694508007606 -5.389351715566315 22
1694508007923 -5.393614475661668 23
1694508008271 -5.37051513613624 24
1694508008659 -5.361387411152725 25
1694508008985 -5.339667395252528 26
1694508009331 -5.345034607194491 27
1694508009661 -5.346238233760392 28
1694508010042 -5.31353276729616 29
1694508010397 -5.320689231101437 30
1694508010789 -5.319733935133172 31
1694508011134 -5.300009632598716 32
1694508011492 -5.29267990480831 33
1694508011808 -5.300864727964101 34
1694508012133 -5.289222468071831 35
1694508012497 -5.278900409032046 36
1694508012828 -5.2783378572769815 37
1694508013172 -5.283415894959017 38
1694508013502 -5.287263568406594 39
1694508013837 -5.289556759766278 40
1694508014146 -5.288991571205313 41
1694508014470 -5.282137936682902 42
1694508014842 -5.295222911793813 43
1694508015165 -5.288197152480905 44
1694508015479 -5.2864491697105995 45
1694508015823 -5.289725831580176 46
1694508016140 -5.276044431288101 47
1694508016474 -5.279527871876448 48
1694508016807 -5.280837562836828 49
