1694507999345 103.32666930877141 0
1694507999712 4.908109610529557 1
1694508000111 1.1214257910634715 2
1694508000471 0.7141863620130982 3
1694508000833 9.060290195036535 4
1694508001204 0.01795944448551744 5
1694508001550 0.008477105045497228 6
1694508001932 5.340615818261282 7
1694508002316 0.42962658925766345 8
1694508002658 7.314463139425632 9
1694508003005 35.611566261087106 10
1694508003381 0.009330869650174755 11
1694508003762 3.1840422788692 12
1694508004147 0.11078799554624233 13
1694508004508 22.354321453347584 14
1694508004868 1.124956949516259 15
1694508005239 0.0005710805211146829 16
1694508005597 24.304741225024976 17
1694508005966 23.058704075947094 18
1694508006340 0.053666870232383965 19
1694508006681 21.411669341427597 20
1694508007079 0.04435487047171109 21
1694508007417 4.262763818920688 22
1694508007723 0.42173603268071463 23
1694508008041 0.6585119091365597 24
1694508008418 0.0016114058645213768 25
1694508008781 0.662962071901093 26
1694508009106 3.043077514115956 27
1694508009468 0.9495716293246728 28
1694508009795 0.06698567136612187 29
1694508010167 6.151317054379999 30
1694508010535 22.994525541226057 31
1694508010922 0.04569269796042245 32
1694508011262 5.314206465754271 33
1694508011625 2.9454795335220454 34
1694508011927 0.17365955348276974 35
1694508012271 0.06986597574838127 36
1694508012633 6.265295582840268 37
1694508012955 0.043672927780848456 38
1694508013294 5.287817217824279 39
1694508013626 6.475853553257751 40
1694508013949 0.8768693280683323 41
1694508014273 0.4114150919766897 42
1694508014596 2.506268308596448 43
1694508014951 0.9001132155124422 44
1694508015283 5.764612306976527 45
1694508015608 0.610981011796257 46
1694508015942 24.022915458273292 47
1694508016247 7.876523193589853 48
1694508016605 5.716825381195018 49
