1694507462054 37.14597555870945 0
1694507462398 13.727066718129048 1
1694507462744 8.314791336168659 2
1694507463091 6.559298388047921 3
1694507463425 5.826571155198327 4
1694507463755 5.440944114378268 5
1694507464131 5.227841990208152 6
1694507464516 5.095483054734495 7
1694507464897 4.972141258113599 8
1694507465341 4.900094358473282 9
1694507465677 4.841690829916577 10
1694507466017 4.778392143118191 11
1694507466383 4.737311991730458 12
1694507466706 4.695609139226898 13
1694507467082 4.676044619019015 14
1694507467436 4.643324260839759 15
1694507467806 4.61607819445058 16
1694507468194 4.592504821653884 17
1694507468641 4.570440358230718 18
1694507469066 4.565446344422579 19
1694507469501 4.552498870226014 20
1694507469944 4.5353262235875595 21
1694507470351 4.527227061459882 22
1694507470763 4.516989139138047 23
1694507471166 4.503488325218963 24
1694507471635 4.504732808581674 25
1694507472018 4.502648058539477 26
1694507472436 4.4870003201961355 27
1694507472874 4.4737667558346415 28
1694507473246 4.467888528776108 29
1694507473660 4.474998528823805 30
1694507474060 4.458130983125776 31
1694507474463 4.4523794116208295 32
1694507474866 4.4536145841418975 33
1694507475250 4.464972459043789 34
1694507475710 4.4652466703966125 35
1694507476085 4.457462333666681 36
1694507476479 4.447363596023546 37
1694507476878 4.451452726865534 38
1694507477313 4.4380830071847255 39
1694507477683 4.437405373296192 40
1694507478079 4.431754275321121 41
1694507478471 4.437157638246739 42
1694507534554 4.435926024724919 43
1694507535007 4.4353202662970785 44
1694507535377 4.4346358110192465 45
1694507535770 4.437626233616624 46
1694507536178 4.424902051111417 47
1694507536524 4.440086806624281 48
1694507536902 4.425686333938605 49
