1694507462172 -51.56117516733367 0
1694507462530 -18.423658887755007 1
1694507462857 -10.765344625542337 2
1694507463202 -8.28134007421864 3
1694507463554 -7.244538540367062 4
1694507463909 -6.6988802251138155 5
1694507464287 -6.397342900852852 6
1694507464675 -6.210056362062205 7
1694507465085 -6.035528982443432 8
1694507465465 -5.933583356967186 9
1694507465817 -5.850942961912611 10
1694507466146 -5.7613759680558 11
1694507466493 -5.703247974362955 12
1694507466846 -5.644238864965552 13
1694507467209 -5.616555269145433 14
1694507467576 -5.5702562972667815 15
1694507467936 -5.53170339223299 16
1694507468363 -5.498347311036693 17
1694507468792 -5.467126321157847 18
1694507469228 -5.46005984274102 19
1694507469701 -5.441739299290907 20
1694507470097 -5.417440180086891 21
1694507470500 -5.405979948584055 22
1694507470915 -5.391493393300104 23
1694507471353 -5.37238987980694 24
1694507471785 -5.374150811025906 25
1694507472180 -5.3712009110569365 26
1694507472585 -5.349059521480639 27
1694507473006 -5.330334163375739 28
1694507473420 -5.322016532260933 29
1694507473828 -5.332077109546248 30
1694507474199 -5.308209705049739 31
1694507474609 -5.300071290246738 32
1694507474999 -5.30181904672009 33
1694507475405 -5.317890323440322 34
1694507475851 -5.318278329697578 35
1694507476241 -5.307263572909814 36
1694507476644 -5.292973962521446 37
1694507477032 -5.298760040804089 38
1694507477455 -5.279842024316126 39
1694507477821 -5.278883179300515 40
1694507478239 -5.27088693351378 41
1694507509809 -5.2785326367415015 42
1694507534734 -5.276789916215653 43
1694507535158 -5.27593277424116 44
1694507535511 -5.274964277029519 45
1694507535916 -5.279195694393067 46
1694507536301 -5.26119110640048 47
1694507536672 -5.282677380011018 48
1694507537045 -5.2623008585725675 49
