1694507461964 41.243094483169315 0
1694507462291 1.4676770095156328 1
1694507462653 46.754532382741004 2
1694507462986 0.15086055524570874 3
1694507463327 0.5886590504881726 4
1694507463667 0.00014135494297461327 5
1694507464039 0.9624778309793405 6
1694507464415 5.9714672164739895 7
1694507464793 1.0136443845831813 8
1694507465246 0.09109227981803175 9
1694507465592 11.892230640286632 10
1694507465937 3.4247981176537916 11
1694507466293 22.928250674680555 12
1694507466618 34.87151197779662 13
1694507466980 0.14056887014188318 14
1694507467342 0.022602954722545403 15
1694507467708 1.198897271656379 16
1694507468074 4.200303156195367 17
1694507468530 0.7419785400462288 18
1694507468967 3.8232988407678694 19
1694507469379 11.172946693960512 20
1694507469847 5.385127414728762 21
1694507470246 1.0439399723904466 22
1694507470653 1.7674428783948983 23
1694507471055 10.876385672538188 24
1694507471518 0.02425595494713204 25
1694507471913 3.84187051967836 26
1694507472320 0.15384178494543174 27
1694507472766 1.0116634313344952 28
1694507473149 4.206136575721643 29
1694507473566 1.2332786386406147 30
1694507473970 2.9190920194817602 31
1694507474369 7.821124601102586 32
1694507474743 8.312289664109066 33
1694507475137 0.3299287942736492 34
1694507475546 0.14976236674288576 35
1694507475981 0.17554686551467721 36
1694507476373 2.1097927140516135 37
1694507476769 0.7726788457726149 38
1694507477208 7.701238126712616 39
1694507477587 0.6342789194093758 40
1694507477972 4.146783187417873 41
1694507478370 20.84168071318039 42
1694507525145 0.5767844500794183 43
1694507534890 4.192975423356107 44
1694507535281 1.9878954523885592 45
1694507535664 19.387404641664627 46
1694507536063 0.742952340082895 47
1694507536424 5.399326703171505 48
1694507536798 4.650782046661691 49
