1694510581783 163.37019386157934 0
1694510582083 157.90244762886135 1
1694510582382 152.62835953457684 2
1694510582704 147.53818186266946 3
1694510582991 142.62620765238546 4
1694510583283 137.88838754974185 5
1694510583596 133.31456075812193 6
1694510583887 128.90204933909968 7
1694510584185 124.64434558872959 8
1694510584507 120.53520478869547 9
1694510584834 116.57086391542974 10
1694510585154 112.74493501684117 11
1694510585461 109.0529418875964 12
1694510585771 105.48942089122806 13
1694510586076 102.0512730375704 14
1694510586382 98.7318665056273 15
1694510586676 95.5296259871412 16
1694510586987 92.43956053046392 17
1694510587281 89.4566373431217 18
1694510587612 86.57778750925421 19
1694510587896 83.79930734640327 20
1694510588228 81.11737021298566 21
1694510588519 78.52894226612935 22
1694510588801 76.03048360066121 23
1694510589123 73.61855516424762 24
1694510589401 71.29106466484919 25
1694510589707 69.04365078929143 26
1694510590002 66.87429311092761 27
1694510590306 64.78026081397691 28
1694510590625 62.75887288946691 29
1694510590962 60.80744639686736 30
1694510591269 58.923702178675754 31
1694510591553 57.10484477009057 32
1694510591845 55.34943357540869 33
1694510592167 53.65401957721944 34
1694510592473 52.017133588553094 35
1694510592752 50.43654948019178 36
1694510593067 48.91098308690473 37
1694510593353 47.43748057470971 38
1694510593620 46.014515739814264 39
1694510593884 44.64058663661023 40
1694510594172 43.31366429824389 41
1694510594472 42.032410133381845 42
1694510594767 40.79502456766192 43
1694510595071 39.60014284325792 44
1694510595354 38.44598102485755 45
1694510595648 37.33119968640477 46
1694510595931 36.254509188618904 47
1694510596211 35.214588815437615 48
1694510596506 34.210065451967104 49
