1694510581917 -239.9181635546191 0
1694510582210 -231.85500741804003 1
1694510582505 -224.07743436100563 2
1694510582820 -216.57106965703957 3
1694510583111 -209.32749738600504 4
1694510583423 -202.34074606129175 5
1694510583710 -195.5958317962844 6
1694510584017 -189.08880549848044 7
1694510584328 -182.81007041068418 8
1694510584637 -176.75041759439162 9
1694510584963 -170.90429780768855 10
1694510585283 -165.26229088860836 11
1694510585604 -159.81779588294316 12
1694510585896 -154.56275569513025 13
1694510586206 -149.49260031761827 14
1694510586508 -144.59754996073056 15
1694510586797 -139.87528155461285 16
1694510587114 -135.3184350608331 17
1694510587436 -130.91958873928274 18
1694510587736 -126.67421693227782 19
1694510588054 -122.5768579068356 20
1694510588346 -118.62186860505783 21
1694510588640 -114.8047750905674 22
1694510588936 -111.12035714887293 23
1694510589237 -107.56354329078164 24
1694510589535 -104.13124806267537 25
1694510589826 -100.81703993909747 26
1694510590128 -97.61793944462572 27
1694510590440 -94.52991950977231 28
1694510590768 -91.54902651397254 29
1694510591098 -88.67130398823905 30
1694510591384 -85.89339091287185 31
1694510591678 -83.21116488200033 32
1694510591980 -80.62250148319023 33
1694510592295 -78.12231453198525 34
1694510592582 -75.70843745308608 35
1694510592883 -73.37758742635071 36
1694510593180 -71.12787072366524 37
1694510593466 -68.95493139587131 38
1694510593721 -66.8565187863088 39
1694510594012 -64.8304180112885 40
1694510594281 -62.873637001346886 41
1694510594589 -60.984201767482816 42
1694510594892 -59.1594585199182 43
1694510595175 -57.39739468254348 44
1694510595465 -55.695379528117755 45
1694510595761 -54.05143783669416 46
1694510596035 -52.46366780770675 47
1694510596328 -50.930121812394134 48
1694510596630 -49.44877495067667 49
