1694510581684 162.17991534963926 0
1694510581998 157.08108186477605 1
1694510582296 155.75829168295152 2
1694510582598 145.97611097945912 3
1694510582904 141.32346140888978 4
1694510583200 143.3823601711318 5
1694510583509 129.70942797016528 6
1694510583806 129.55448943107106 7
1694510584097 129.99862501133632 8
1694510584417 124.24439000978208 9
1694510584725 119.17904226346799 10
1694510585053 120.48405708919299 11
1694510585364 104.72570127953877 12
1694510585691 110.28491498742208 13
1694510585984 101.80322085769195 14
1694510586289 98.47100048753448 15
1694510586592 93.92712135603722 16
1694510586882 92.92533831289771 17
1694510587202 93.11997733648455 18
1694510587521 88.21424975777713 19
1694510587819 84.82736889091191 20
1694510588143 83.09464049066938 21
1694510588429 80.20926066962161 22
1694510588718 81.55612191779565 23
1694510589022 76.13217038563987 24
1694510589319 74.37418841835995 25
1694510589624 68.19642465267674 26
1694510589916 74.25567632457089 27
1694510590220 58.50642454392949 28
1694510590530 67.46057877506273 29
1694510590861 64.07432033263726 30
1694510591183 67.59502920635121 31
1694510591465 63.15080155582434 32
1694510591761 49.21894123323012 33
1694510592074 64.37709793977257 34
1694510592390 51.68283548385372 35
1694510592658 52.52462678322219 36
1694510592969 49.19521427405487 37
1694510593265 46.16711404788475 38
1694510593540 46.33372325551468 39
1694510593798 41.16027951178911 40
1694510594090 40.26880469464713 41
1694510594373 38.636527680962935 42
1694510594674 40.25522025964362 43
1694510594986 35.756551643872754 44
1694510595266 40.27555730935486 45
1694510595564 41.3883010261135 46
1694510595848 39.54054150572561 47
1694510596120 37.53813743074809 48
1694510596423 36.863236639042185 49
