1694511424336 168.98455732222033 0
1694511424731 168.9178909325244 1
1694511425110 168.85125231614668 2
1694511425491 168.78464146135428 3
1694511425881 168.71805835641925 4
1694511426269 168.65150298961856 5
1694511426649 168.58497534923416 6
1694511427030 168.51847542355307 7
1694511427391 168.4520032008672 8
1694511427793 168.38555866947354 9
1694511428139 168.31914181767397 10
1694511428534 168.2527526337753 11
1694511428961 168.1863911060895 12
1694511429359 168.12005722293324 13
1694511429770 168.05375097262842 14
1694511430148 167.98747234350174 15
1694511430521 167.92122132388485 16
1694511430890 167.85499790211452 17
1694511431276 167.78880206653233 18
1694511431650 167.7226338054849 19
1694511432027 167.65649310732366 20
1694511432408 167.5903799604052 21
1694511432734 167.5242943530909 22
1694511433090 167.4582362737472 23
1694511433463 167.39220571074537 24
1694511433838 167.3262026524617 25
1694511434176 167.26022708727743 26
1694511434512 167.19427900357866 27
1694511434876 167.12835838975653 28
1694511435256 167.06246523420705 29
1694511435605 166.9965995253312 30
1694511435957 166.93076125153482 31
1694511436323 166.86495040122873 32
1694511436715 166.79916696282868 33
1694511437114 166.7334109247554 34
1694511437478 166.66768227543434 35
1694511437909 166.60198100329617 36
1694511438273 166.53630709677623 37
1694511438656 166.47066054431482 38
1694511439048 166.4050413343573 39
1694511439421 166.3394494553538 40
1694511439820 166.27388489575932 41
1694511440218 166.20834764403395 42
1694511440578 166.14283768864252 43
1694511440978 166.07735501805487 44
1694511441348 166.01189962074565 45
1694511441753 165.94647148519448 46
1694511442155 165.88107059988585 47
1694511442557 165.81569695330913 48
1694511442988 165.7503505339586 49
