1694511424503 -238.11141878477412 0
1694511424877 -238.0170865257911 1
1694511425261 -237.92279356576907 2
1694511425640 -237.82853988810604 3
1694511426017 -237.73432547620712 4
1694511426412 -237.64015031348436 5
1694511426786 -237.5460143833568 6
1694511427164 -237.45191766925075 7
1694511427538 -237.3578601545994 8
1694511427921 -237.26384182284298 9
1694511428294 -237.16986265742887 10
1694511428698 -237.0759226418113 11
1694511429095 -236.98202175945187 12
1694511429511 -236.88815999381873 13
1694511429902 -236.79433732838754 14
1694511430278 -236.70055374664062 15
1694511430647 -236.6068092320675 16
1694511431023 -236.51310376816468 17
1694511431420 -236.41943733843573 18
1694511431797 -236.32580992639114 19
1694511432176 -236.23222151554845 20
1694511432516 -236.13867208943222 21
1694511432874 -236.04516163157396 22
1694511433226 -235.95169012551227 23
1694511433616 -235.85825755479274 24
1694511433966 -235.76486390296776 25
1694511434282 -235.67150915359704 26
1694511434653 -235.57819329024704 27
1694511435013 -235.4849162964912 28
1694511435373 -235.39167815591014 29
1694511435751 -235.29847885209122 30
1694511436074 -235.205318368629 31
1694511436472 -235.1121966891248 32
1694511436870 -235.01911379718703 33
1694511437251 -234.92606967643113 34
1694511437646 -234.83306431047927 35
1694511438050 -234.74009768296096 36
1694511438419 -234.64716977751232 37
1694511438805 -234.5542805777765 38
1694511439190 -234.4614300674037 39
1694511439546 -234.36861823005114 40
1694511439955 -234.2758450493827 41
1694511440346 -234.18311050906948 42
1694511440727 -234.09041459278936 43
1694511441124 -233.99775728422733 44
1694511441504 -233.90513856707506 45
1694511441896 -233.8125584250313 46
1694511442315 -233.72001684180185 47
1694511442730 -233.62751380109927 48
1694511443143 -233.53504928664296 49
