1694511424174 169.17813275916612 0
1694511424592 169.1105505899712 1
1694511424975 169.0437096799871 2
1694511425362 168.97689664105275 3
1694511425740 168.91011146139644 4
1694511426115 168.8433541292514 5
1694511426514 168.77662463285583 6
1694511426886 168.70992296045307 7
1694511427265 168.64324910029134 8
1694511427636 168.57660304062384 9
1694511428019 168.50998476970878 10
1694511428394 168.44339427580942 11
1694511428808 168.37683154719394 12
1694511429216 168.31029657213548 13
1694511429613 168.24378933891222 14
1694511430012 168.17730983580734 15
1694511430379 168.1108580511089 16
1694511430749 168.04443397311002 17
1694511431135 167.97803759010867 18
1694511431522 167.91166889040798 19
1694511431898 167.84532786231597 20
1694511432277 167.77901449414554 21
1694511432611 167.7127287742147 22
1694511432969 167.6464706908462 23
1694511433331 167.580240232368 24
1694511433707 167.51403738711292 25
1694511434062 167.4478621434187 26
1694511434389 167.38171448962802 27
1694511434745 167.3155944140886 28
1694511435114 167.24950190515304 29
1694511435478 167.18343695117895 30
1694511435840 167.11739954052874 31
1694511436173 167.05138966157 32
1694511436567 166.98540730267504 33
1694511436980 166.9194524522212 34
1694511437348 166.85352509859075 35
1694511437757 166.78762523017096 36
1694511438144 166.72175283535393 37
1694511438509 166.6559079025367 38
1694511438905 166.59009042012127 39
1694511439280 166.52430037651462 40
1694511439653 166.45853776012854 41
1694511440054 166.39280255937985 42
1694511440435 166.32709476269022 43
1694511440823 166.26141435848626 44
1694511441216 166.19576133519945 45
1694511441598 166.13013568126627 46
1694511441999 166.0645373851281 47
1694511442424 165.99896643523113 48
1694511442833 165.93342282002658 49
