1694492994924 162.0140191022444 0
1694492995296 155.674386314736 1
1694492995629 149.59509751693483 2
1694492995994 143.76540269030613 3
1694492996368 138.1776050582314 4
1694492996782 132.8164186242475 5
1694492997091 127.67500624655472 6
1694492997405 122.74687132627103 7
1694492997714 118.0180053329303 8
1694492998075 113.48267549898635 9
1694492998421 109.13543348230647 10
1694492998752 104.96598113119323 11
1694492999080 100.96439148893465 12
1694492999399 97.12872526004602 13
1694492999799 93.44711948513405 14
1694493000174 89.9181515364592 15
1694493000480 86.53306652405055 16
1694493000841 83.2859094917765 17
1694493001186 80.16850741417784 18
1694493001572 77.18033457934179 19
1694493001938 74.31366682098069 20
1694493002332 71.56348235732456 21
1694493002644 68.92496638410883 22
1694493002943 66.39350475822388 23
1694493003273 63.96467559228617 24
1694493003585 61.6342412025591 25
1694493003910 59.39814039533137 26
1694493004246 57.2524810774872 27
1694493004574 55.19353317760648 28
1694493004927 53.217721864508874 29
1694493005297 51.32162105070913 30
1694493005613 49.5019471687799 31
1694493005949 47.75555320912504 32
1694493006270 46.079423008152034 33
1694493006590 44.47066577629694 34
1694493006912 42.9265108558002 35
1694493007281 41.4443026985588 36
1694493007670 40.02149605478748 37
1694493008026 38.65565136361389 38
1694493008375 37.34443033710658 39
1694493008734 36.0855917295931 40
1694493009082 34.876987284470125 41
1694493009488 33.71655785103532 42
1694493009839 32.60232966418651 43
1694493010163 31.53241078013544 44
1694493010497 30.50498766157218 45
1694493010810 29.51832190599341 46
1694493011112 28.570747111172636 47
1694493011455 27.660665872004568 48
1694493011806 26.786546903199 49
