1694492994803 169.35337134490703 0
1694492995156 162.70867850110014 1
1694492995489 156.4114813447969 2
1694492995892 150.3715710657138 3
1694492996207 144.57834461141218 4
1694492996620 139.02143418778033 5
1694492996978 133.69138873610044 6
1694492997303 128.57859943065554 7
1694492997598 123.67403305855136 8
1694492997954 118.96919956279959 9
1694492998294 114.45573230160603 10
1694492998626 110.12577150302708 11
1694492998957 105.97176196237922 12
1694492999279 101.98630180105941 13
1694492999622 98.16260303169462 14
1694493000033 94.49374645250955 15
1694493000364 90.973624203174 16
1694493000710 87.59598109236634 17
1694493001070 84.35493496868398 18
1694493001431 81.24457273490022 19
1694493001805 78.25999848751383 20
1694493002194 75.39580899415934 21
1694493002537 72.64704306745048 22
1694493002836 70.00894595863602 23
1694493003167 67.47696091770591 24
1694493003480 65.0467208952281 25
1694493003789 62.71404059339903 26
1694493004106 60.47490885159241 27
1694493004450 58.32548135228838 28
1694493004791 56.26207363386285 29
1694493005137 54.281154397288326 30
1694493005510 52.379339094345426 31
1694493005827 50.55338378546809 32
1694493006148 48.80017925584848 33
1694493006478 47.11674537890768 34
1694493006791 45.50022571669958 35
1694493007156 43.947882347255714 36
1694493007538 42.45709090930161 37
1694493007891 41.02533585517973 38
1694493008269 39.65020590320095 39
1694493008596 38.32938968101811 40
1694493008948 37.060671551969904 41
1694493009350 35.84192761668397 42
1694493009734 34.67112188255352 43
1694493010051 33.54630259401412 44
1694493010346 32.46559871684598 45
1694493010706 31.42721657001304 46
1694493011000 30.429436598824683 47
1694493011303 29.47061028346784 48
1694493011683 28.54915717720896 49
