1694508452886 13.49110566591571 0
1694508453381 6.457479984139169 1
1694508453868 5.427026313990115 2
1694508454264 5.048195437117667 3
1694508454732 4.892747121748504 4
1694508455237 4.811974309925027 5
1694508455620 4.68919477845508 6
1694508455997 4.622488810738261 7
1694508456407 4.5675515058286775 8
1694508456878 4.554128804370633 9
1694508457265 4.531301950185464 10
1694508457714 4.498552924616525 11
1694508458229 4.514195320591503 12
1694508458715 4.480242762353718 13
1694508459121 4.487939889909965 14
1694508459520 4.478309844351974 15
1694508459903 4.4229953934945705 16
1694508460320 4.444571033132448 17
1694508460804 4.4032419224808175 18
1694508461166 4.42103605010083 19
1694508461723 4.452807311460817 20
1694508462099 4.431902523493826 21
1694508462606 4.432084178768043 22
1694508462945 4.444513119190812 23
1694508463278 4.397353531476672 24
1694508463734 4.438249537347477 25
1694508464155 4.421713669746077 26
1694508464656 4.459724642829243 27
1694508465033 4.410508240666137 28
1694508465423 4.407382988814268 29
1694508465863 4.421274436659764 30
1694508466257 4.429027118729745 31
1694508466745 4.44068279900189 32
1694508467129 4.430756555215916 33
1694508467469 4.438998089921569 34
1694508467911 4.449637546099986 35
1694508468286 4.460589818099477 36
1694508468637 4.433418214373922 37
1694508469061 4.415883137281517 38
1694508469377 4.448345833274021 39
1694508469751 4.411356086911345 40
1694508470140 4.4135480134401925 41
1694508470573 4.460879938543098 42
1694508471073 4.485883438186288 43
1694508471431 4.424148194232473 44
1694508471758 4.3982662509825365 45
1694508472222 4.433557851745409 46
1694508472596 4.416310515730895 47
1694508473129 4.42803915332015 48
1694508473526 4.429651786565821 49
