1694508453062 -18.08977641431043 0
1694508453520 -8.137268074961336 1
1694508454014 -6.67918668003544 2
1694508454440 -6.143144867198498 3
1694508454912 -5.923187092212298 4
1694508455395 -5.808894390320493 5
1694508455765 -5.635162610134632 6
1694508456132 -5.540774348657188 7
1694508456633 -5.463038624580968 8
1694508457035 -5.44404563942057 9
1694508457402 -5.411745874417774 10
1694508457867 -5.365406338476179 11
1694508458367 -5.387540168655928 12
1694508458910 -5.339497646307989 13
1694508459287 -5.350389003007715 14
1694508459650 -5.336762587122017 15
1694508460036 -5.25849320539032 16
1694508460466 -5.289022514616872 17
1694508460928 -5.230542246114108 18
1694508461386 -5.255720754545179 19
1694508461884 -5.300676764140084 20
1694508462287 -5.271096703160602 21
1694508462723 -5.271353743514086 22
1694508463071 -5.288940566982299 23
1694508463435 -5.222210233120305 24
1694508463900 -5.280077662791718 25
1694508464304 -5.256679579406686 26
1694508464787 -5.310464717216498 27
1694508465175 -5.240824011963991 28
1694508465581 -5.2364018125855285 29
1694508466009 -5.256058069085805 30
1694508466420 -5.267028034853775 31
1694508466889 -5.283520703124404 32
1694508467248 -5.269475169778169 33
1694508467623 -5.28113685702143 34
1694508468044 -5.296191578602106 35
1694508468403 -5.311688931367433 36
1694508468772 -5.273241390240426 37
1694508469171 -5.248429435654124 38
1694508469529 -5.294363818176104 39
1694508469878 -5.242023705721904 40
1694508470284 -5.2451252593223625 41
1694508470754 -5.312099448825312 42
1694508471232 -5.347479144869772 43
1694508471575 -5.260124406633702 44
1694508471942 -5.223501721877964 45
1694508472368 -5.273438975691668 46
1694508472800 -5.249034171785094 47
1694508473286 -5.2656300739125985 48
1694508473700 -5.267911933447352 49
