1694508452710 9.845239353041109 0
1694508453263 5.235987368906066 1
1694508453698 4.4023029798420845 2
1694508454113 5.703078694940019 3
1694508454560 5.991271306280723 4
1694508455113 5.380181082521827 5
1694508455492 5.52905743262801 6
1694508455896 4.771057922515156 7
1694508456292 5.694713693796337 8
1694508456761 4.192118441960751 9
1694508457148 4.1855285301145075 10
1694508457557 2.728383068755475 11
1694508458059 5.747629578220678 12
1694508458565 4.100254077742182 13
1694508459015 4.628232968195738 14
1694508459403 5.834883100908414 15
1694508459780 4.546009735384105 16
1694508460168 3.7021323678330393 17
1694508460636 5.729890666858466 18
1694508461054 3.0000765765986483 19
1694508461519 2.9535258176436523 20
1694508461987 2.6577544058778964 21
1694508462450 6.282229601098105 22
1694508462831 3.914199441065241 23
1694508463173 5.698250052215442 24
1694508463558 4.472932466788679 25
1694508464025 3.427990243941311 26
1694508464450 4.894082190763287 27
1694508464907 3.3207796477706157 28
1694508465302 3.5371931819582825 29
1694508465715 3.7971524108258117 30
1694508466136 4.527897998207747 31
1694508466548 4.531418198752338 32
1694508467013 5.4789466900666515 33
1694508467359 4.8001187870554425 34
1694508467722 3.834834564428493 35
1694508468174 2.734552857782246 36
1694508468495 3.3540379182167133 37
1694508468898 4.573583842425625 38
1694508469279 2.5435705876027703 39
1694508469628 5.349532827337608 40
1694508470004 3.7940777680346143 41
1694508470426 3.9976621162587818 42
1694508470902 2.1960173441974824 43
1694508471347 4.768658363595092 44
1694508471663 6.14930710595665 45
1694508472088 3.9886059157499156 46
1694508472482 3.315885267134872 47
1694508472954 4.8090872785015515 48
1694508473408 3.1473536647964186 49
