1694491312709 43.13767221723557 0
1694491313092 16.675873840584405 1
1694491313531 9.810397717124149 2
1694491313870 7.4561005392468935 3
1694491314233 6.42843602807753 4
1694491314632 5.904052119357837 5
1694491315039 5.601809896874317 6
1694491315407 5.412643821554489 7
1694491315800 5.266912388207388 8
1694491316197 5.158307930628122 9
1694491316575 5.084663299759936 10
1694491317007 5.0245256499823965 11
1694491317379 4.975156187926069 12
1694491317797 4.925542411956729 13
1694491318262 4.898709573800441 14
1694491318648 4.873984579011763 15
1694491319045 4.85121209680857 16
1694491319415 4.816714865499192 17
1694491319830 4.797569410171435 18
1694491320265 4.776769759220356 19
1694491320679 4.750707509772519 20
1694491321123 4.733131104407113 21
1694491321553 4.725177697293037 22
1694491321972 4.715646367944202 23
1694491322387 4.70600895116176 24
1694491322863 4.690263718981059 25
1694491323222 4.686945489312322 26
1694491323697 4.688539450913061 27
1694491324225 4.679369286378493 28
1694491324675 4.674127847344227 29
1694491325136 4.66294951998285 30
1694491325560 4.660991351988543 31
1694491326015 4.650333615366603 32
1694491326495 4.652595086060266 33
1694491326943 4.650446295384938 34
1694491327360 4.647056156668695 35
1694491327768 4.63877338027568 36
1694491328209 4.618994726955225 37
1694491328706 4.629454299431351 38
1694491329168 4.6170439435592945 39
1694491329678 4.618003052034727 40
1694491330110 4.625562808085592 41
1694491330570 4.626917809356979 42
1694491330981 4.615131021585666 43
1694491331351 4.618783672264199 44
1694491331822 4.618310583243457 45
1694491332263 4.608388214172319 46
1694491332701 4.605755635023024 47
1694491333155 4.602293222960169 48
1694491333594 4.611702662523457 49
