1694491312813 -59.439247288755546 0
1694491313226 -22.364201427736642 1
1694491313640 -12.745133270992866 2
1694491314008 -9.446579083637106 3
1694491314362 -8.006740855749909 4
1694491314789 -7.272038051812084 5
1694491315169 -6.848573096777123 6
1694491315543 -6.583536653750641 7
1694491315938 -6.379355535829978 8
1694491316334 -6.227192210112283 9
1694491316732 -6.1240103315418155 10
1694491317143 -6.0397527882055515 11
1694491317542 -5.9705823167274215 12
1694491317969 -5.901069542379303 13
1694491318396 -5.863474640813449 14
1694491318781 -5.828832992401806 15
1694491319158 -5.79692696658923 16
1694491319561 -5.748593651722698 17
1694491319991 -5.72176937378802 18
1694491320422 -5.692627438613091 19
1694491320817 -5.656112192001112 20
1694491321276 -5.631486275586857 21
1694491321709 -5.620342931158464 22
1694491322133 -5.6069887944631915 23
1694491322568 -5.593486020989335 24
1694491322995 -5.571425721198564 25
1694491323359 -5.566776622320448 26
1694491323898 -5.569009886991538 27
1694491324381 -5.556161770403506 28
1694491324847 -5.548818105025699 29
1694491325292 -5.5331563955049194 30
1694491325749 -5.530412849236478 31
1694491326212 -5.515480527993272 32
1694491326661 -5.518649025027657 33
1694491327100 -5.515638401497861 34
1694491327514 -5.510888552428992 35
1694491327932 -5.499283735921185 36
1694491328391 -5.471572298153897 37
1694491328869 -5.486226975954677 38
1694491329365 -5.468839098284426 39
1694491329813 -5.470182884152878 40
1694491330305 -5.48077469270249 41
1694491330731 -5.482673155292348 42
1694491331123 -5.466158945224103 43
1694491331481 -5.47127659405104 44
1694491331971 -5.470613759390648 45
1694491332414 -5.45671174550912 46
1694491332849 -5.453023296549468 47
1694491333302 -5.448172186878352 48
1694491333719 -5.461355546466006 49
