1694491312592 27.377230639221743 0
1694491312957 13.546861556576308 1
1694491313425 1.6570661921837646 2
1694491313762 1.8599003010902113 3
1694491314134 2.069276061171748 4
1694491314512 1.2870885741647147 5
1694491314922 2.112077949326363 6
1694491315301 0.5473340557132379 7
1694491315692 24.919675029887735 8
1694491316065 0.848303216279084 9
1694491316479 0.6677285323184332 10
1694491316878 3.0877006190149165 11
1694491317276 0.15951201902679085 12
1694491317674 0.23973948053662417 13
1694491318140 3.0598188910315427 14
1694491318540 0.1072693870537103 15
1694491318922 0.01787225294765354 16
1694491319290 37.26503062050703 17
1694491319698 3.1660472444071663 18
1694491320143 3.6079453712695693 19
1694491320573 9.288583153004485 20
1694491320977 4.6585831428458775 21
1694491321420 0.7523499675493184 22
1694491321863 4.981594090593185 23
1694491322276 24.723858610165177 24
1694491322715 4.296611176687944 25
1694491323125 22.780758541320335 26
1694491323583 0.2527203415349721 27
1694491324053 5.488131899165476 28
1694491324537 4.927983811638946 29
1694491324995 0.6595734915694719 30
1694491325446 9.791005310124195 31
1694491325895 0.36489163140330666 32
1694491326360 22.93190570487543 33
1694491326817 4.535964687208165 34
1694491327251 4.737165896221574 35
1694491327643 2.7548829185677053 36
1694491328084 7.041130174632601 37
1694491328545 2.0112607575882264 38
1694491329042 1.874636505931174 39
1694491329523 1.5443994470829612 40
1694491329972 0.02195591819363639 41
1694491330457 3.1430141596714662 42
1694491330877 2.574403608218912 43
1694491331250 1.160651672306639 44
1694491331657 4.3146553097235785 45
1694491332129 5.503167564116401 46
1694491332590 4.882609553209338 47
1694491333013 0.49036289676913375 48
1694491333461 2.8059067294503173 49
