1694492350994 -56.29303047934348 0
1694492351423 -17.7885953724926 1
1694492351879 -8.675411230953975 2
1694492352357 -5.950250706929328 3
1694492352836 -4.8402575506947 4
1694492353331 -4.230845732447901 5
1694492353863 -3.8341886294926413 6
1694492354301 -3.5342814281021813 7
1694492354749 -3.2996203607660526 8
1694492355167 -3.0970832935211705 9
1694492355570 -2.923394722855222 10
1694492356032 -2.770451494898062 11
1694492356483 -2.629058980412109 12
1694492356969 -2.4977001569915083 13
1694492357389 -2.378466623653084 14
1694492357837 -2.264965079332779 15
1694492358352 -2.1598059233884856 16
1694492358768 -2.0599260242798394 17
1694492359342 -1.9670710856294242 18
1694492359800 -1.8767957768352237 19
1694492360252 -1.7917901070515634 20
1694492360780 -1.709194731921393 21
1694492361240 -1.6295732283719904 22
1694492361737 -1.5563853500032705 23
1694492362207 -1.485494450763058 24
1694492362715 -1.4191283678126312 25
1694492363140 -1.3537619880073546 26
1694492363572 -1.293609443509657 27
1694492364046 -1.2312023970780124 28
1694492364555 -1.1727643288953424 29
1694492364985 -1.1163814906405962 30
1694492365382 -1.0611338515176878 31
1694492365790 -1.0077219449142079 32
1694492366250 -0.9557503858050125 33
1694492366703 -0.9065015457809664 34
1694492367133 -0.8584176820171865 35
1694492367602 -0.812078137477996 36
1694492368005 -0.7661572762052455 37
1694492368452 -0.7224196842917243 38
1694492368947 -0.6804494663319205 39
1694492369373 -0.639290866734572 40
1694492369816 -0.6007118623291161 41
1694492370246 -0.5630722262789885 42
1694492370716 -0.5257045240872338 43
1694492371220 -0.48944041645681513 44
1694492371697 -0.4542522071169355 45
1694492372279 -0.41996862871063767 46
1694492372707 -0.3874188312850084 47
1694492373189 -0.35518611863777494 48
1694492373625 -0.3243187313957667 49
