1694492350652 108.07765991902322 0
1694492351158 4.754935272632429 1
1694492351624 46.44785670361586 2
1694492352028 0.9800191170139875 3
1694492352500 23.286240932247726 4
1694492353037 1.7326540140097428 5
1694492353519 0.36691854823858217 6
1694492354013 0.026081447206376455 7
1694492354444 1.968632414076524 8
1694492354891 0.5569005816375732 9
1694492355318 2.4497916834896984 10
1694492355726 0.17455052066846394 11
1694492356201 33.58862054477575 12
1694492356690 2.415236390588908 13
1694492357135 1.8581856671593633 14
1694492357543 0.045891252853747996 15
1694492357988 0.07761001398704982 16
1694492358486 1.2076037507672372 17
1694492358985 0.034934499543686014 18
1694492359501 0.1520408964752437 19
1694492359936 0.0076523924799515135 20
1694492360448 0.8803112922152503 21
1694492360925 0.32061282915588346 22
1694492361421 3.415881874189787 23
1694492361899 1.7181462454193948 24
1694492362372 2.016942399229443 25
1694492362852 0.5403452843299285 26
1694492363285 0.003653774015189593 27
1694492363740 0.08306435426917044 28
1694492364203 0.24314378267278874 29
1694492364713 0.15334963467378537 30
1694492365130 0.17531063490670937 31
1694492365529 0.048666172821461906 32
1694492365939 0.12942390655107583 33
1694492366411 1.924910015071877 34
1694492366829 1.1686950839587316 35
1694492367275 0.12072434560917487 36
1694492367753 0.026911206062647543 37
1694492368170 0.000621985704162987 38
1694492368626 1.0752558455466377 39
1694492369103 0.014385287252456757 40
1694492369530 0.029559022656883673 41
1694492369978 0.7839832457231853 42
1694492370393 0.006198624664437289 43
1694492370910 0.25996966270115085 44
1694492371391 0.2044396859350862 45
1694492371951 0.36446808267725694 46
1694492372445 0.11455316385094841 47
1694492372873 10.01112950271387 48
1694492373337 0.12682114731703412 49
