1694344371003 13.353129850095689 0
1694344371618 6.038282214856093 1
1694344372126 3.919612202536353 2
1694344372636 5.991014068847099 3
1694344373161 4.482184918582098 4
1694344373708 6.176217316147393 5
1694344374220 4.739556335898434 6
1694344374750 4.698298805871887 7
1694344375280 4.992418889339018 8
1694344375794 5.987274423882606 9
1694344376328 2.6892503670404486 10
1694344376887 4.295148530106783 11
1694344377407 1.8319751735662462 12
1694344377937 5.192386622301778 13
1694344378438 3.839271217453003 14
1694344378940 4.147367155380015 15
1694344379494 4.171622274063037 16
1694344380005 4.952222114612084 17
1694344380540 4.684092333894999 18
1694344381070 3.2842043851022735 19
1694344381594 2.482429404882498 20
1694344382126 4.9716381283949795 21
1694344382630 5.855293856402801 22
1694344383016 4.117902046989014 23
1694344383361 6.009127587570443 24
1694344383748 5.829858637260923 25
1694344384182 5.351804112162445 26
1694344384710 4.628197327157636 27
1694344385241 2.8631183343942115 28
1694344385820 3.445002923582057 29
1694344386317 5.941084201490253 30
1694344386807 7.537601816800786 31
1694344387324 4.545072332613323 32
1694344387802 3.4453167127222297 33
1694344388324 6.8840904261490365 34
1694344388822 5.247011141402442 35
1694344389298 3.70232029235984 36
1694344389748 4.399437058302659 37
1694344390234 3.6945422473847738 38
1694344390672 3.734162798108449 39
1694344391176 2.8498150264192206 40
1694344391683 2.728108972433078 41
1694344392234 3.178778769628827 42
1694344392686 4.756695193507884 43
1694344393168 5.537788292907335 44
1694344393623 5.005185859780795 45
1694344394087 4.287717996313268 46
1694344394572 4.517231632032602 47
1694344395033 4.787517745433991 48
1694344395522 2.6349950255297223 49
1694344396018 6.393851126852929 50
1694344396525 7.231890758414168 51
1694344397019 4.976428962768646 52
1694344397508 5.31049205838081 53
1694344397861 6.590620439708169 54
1694344398198 6.017702262422237 55
1694344398544 8.780644138257804 56
1694344398849 4.7844377858513605 57
1694344399187 3.662933709455209 58
1694344399496 5.035522328171416 59
1694344399887 6.213740929102969 60
1694344400347 4.382804623246813 61
1694344400867 3.930243779540827 62
1694344401393 4.059259154771387 63
1694344401895 4.32346205598863 64
1694344402406 5.555303965971017 65
1694344402916 3.9020813970999786 66
1694344403441 3.768384590617091 67
1694344403914 6.589094687882516 68
1694344404425 5.553806513345837 69
1694344404872 4.61694964253436 70
1694344405394 3.5763793929550975 71
1694344405897 3.48462857524059 72
1694344406402 3.6169081052161864 73
1694344406902 2.466097300219201 74
1694344407407 4.115051217903217 75
1694344407922 6.427012511255994 76
1694344408390 3.2972116325312975 77
1694344408880 5.05685872220048 78
1694344409383 2.423690467645328 79
1694344409856 4.171777522361061 80
1694344410320 5.8941087391449285 81
1694344410762 2.6217528703355195 82
1694344411221 6.282290808277388 83
1694344411724 4.299875603718841 84
1694344412229 4.719550588061506 85
1694344412635 2.396768169399708 86
1694344412962 4.3145889432769655 87
1694344413302 4.4913308676817305 88
1694344413626 4.604532515481938 89
1694344413939 3.9772415317769316 90
1694344414260 3.479265333802058 91
1694344414604 3.6356244589917286 92
1694344414951 6.263601370048527 93
1694344415292 3.62529361516002 94
1694344415635 3.5607601348010616 95
1694344415961 5.5560549238230825 96
1694344416380 7.7964580963042405 97
1694344416881 3.8315930312436253 98
1694344417379 4.715952657791914 99
