1694491335563 42.29520324110264 0
1694491336056 15.976652435674433 1
1694491336472 9.311889832801528 2
1694491336875 7.059858310626616 3
1694491337311 6.110951260690906 4
1694491337758 5.636522166437369 5
1694491338196 5.376165073344315 6
1694491338666 5.18669834587033 7
1694491339091 5.0647550181257435 8
1694491339534 4.974681292087958 9
1694491339979 4.897674906958328 10
1694491340394 4.846301737511443 11
1694491340820 4.807772391202948 12
1694491341284 4.760289681277315 13
1694491341712 4.7181543844799805 14
1694491342171 4.6859778010959126 15
1694491342562 4.658381127169697 16
1694491342968 4.632849278076526 17
1694491343353 4.603270749684893 18
1694491343754 4.600146773180953 19
1694491344216 4.573701780954828 20
1694491344621 4.559088575921196 21
1694491345104 4.5541512883332835 22
1694491345508 4.536850387240283 23
1694491345969 4.529092484465556 24
1694491346396 4.510256504425431 25
1694491346825 4.515845380534047 26
1694491347272 4.504177821305169 27
1694491347690 4.50122495651426 28
1694491348090 4.491196660518218 29
1694491348467 4.475195460769976 30
1694491348930 4.481464450388976 31
1694491349340 4.480144922118176 32
1694491349759 4.480121594344406 33
