1694491335763 -58.847279627371044 0
1694491336213 -21.606799649987902 1
1694491336603 -12.176228791386173 2
1694491337057 -8.989627240639203 3
1694491337422 -7.646933478555612 4
1694491337914 -6.97562116672449 5
1694491338343 -6.607218545167462 6
1694491338812 -6.339125065285585 7
1694491339267 -6.166576504811232 8
1694491339699 -6.0391231045158555 9
1694491340129 -5.930159857840466 10
1694491340539 -5.857467348959361 11
1694491340948 -5.802948718342083 12
1694491341470 -5.735761169858497 13
1694491341870 -5.676140156212161 14
1694491342295 -5.630610620102299 15
1694491342709 -5.591561608992628 16
1694491343102 -5.555434303884943 17
1694491343490 -5.5135809889941445 18
1694491343903 -5.509160594219946 19
1694491344344 -5.471741200926607 20
1694491344781 -5.451063665393453 21
1694491345226 -5.444077453997561 22
1694491345660 -5.419596856053251 23
1694491346133 -5.408619503041507 24
1694491346535 -5.381966784100995 25
1694491346971 -5.389874986583635 26
1694491347384 -5.373365509710831 27
1694491347823 -5.369187236258971 28
1694491348225 -5.354997300080157 29
1694491348632 -5.3323557662341665 30
1694491349090 -5.341226322371955 31
1694491349478 -5.339359203376247 32
1694491349917 -5.33932619481516 33
