1694491335414 25.567968746875728 0
1694491335916 17.695513711035858 1
1694491336349 13.513022467939845 2
1694491336767 10.664846870789658 3
1694491337202 6.727177276174267 4
1694491337587 0.0021288793837966192 5
1694491338065 3.6115524109804307 6
1694491338492 3.8971062478619314 7
1694491338964 6.559920909632343 8
1694491339401 1.6595261712554958 9
1694491339856 0.8933092331518953 10
1694491340260 1.186076085807041 11
1694491340689 0.188694312637061 12
1694491341151 0.006999441924236338 13
1694491341597 0.10318187204887594 14
1694491342019 8.374098731796373 15
1694491342433 0.583273406043166 16
1694491342843 0.7598110255261553 17
1694491343244 0.7047405073419818 18
1694491343630 29.5625893315277 19
1694491344054 10.704052373526086 20
1694491344507 0.02247038767442901 21
1694491344968 3.5070924163966235 22
1694491345381 4.92773744681225 23
1694491345826 6.279982303534684 24
1694491346279 0.10149339027421939 25
1694491346691 5.8957863258813396e-05 26
1694491347158 0.23446652084629913 27
1694491347530 4.626469607968952 28
1694491347972 0.2866361360331751 29
1694491348353 1.1799922791685218 30
1694491348811 0.26316888412028794 31
1694491349236 1.1869011738460504 32
1694491349626 0.4083057056033863 33
