1694492862607 120.2116377716047 0
1694492863032 86.6113869565843 1
1694492863439 62.965910415030294 2
1694492863832 46.286083307035454 3
1694492864237 34.4951178550105 4
1694492864651 26.128966882681844 5
1694492865055 20.17155621067188 6
1694492865436 15.90734021928504 7
1694492865771 12.84582495724766 8
1694492866139 10.629214719087171 9
1694492866493 9.018341880704979 10
1694492866892 7.828522953019478 11
1694492867344 6.946299842058751 12
1694492867781 6.281813069191152 13
1694492868205 5.773639894304761 14
1694492868575 5.382111325991955 15
1694492868917 5.071609109049649 16
1694492869311 4.8250183568571305 17
1694492869684 4.622877484715059 18
1694492870049 4.455638078429148 19
1694492870400 4.314444575895514 20
1694492870774 4.1933864056833725 21
1694492871189 4.08759915796345 22
1694492871626 3.9944007125611636 23
1694492872039 3.910116449851558 24
1694492872408 3.833926957900228 25
1694492872751 3.7647199664858464 26
1694492873133 3.70112699953892 27
1694492873497 3.6420153535979485 28
1694492873873 3.5868755547831936 29
1694492874220 3.5351018528064992 30
1694492874635 3.4860853103326415 31
1694492875062 3.439928046944967 32
1694492875393 3.39584181488135 33
1694492875734 3.3540555701728585 34
1694492876088 3.313966278748886 35
1694492876449 3.275550327844734 36
1694492876851 3.2387110116002966 37
1694492877198 3.203432448304458 38
1694492877566 3.1691045854845274 39
1694492877914 3.1369622114496405 40
1694492878262 3.1049623100590407 41
1694492878645 3.0739273527208852 42
1694492879137 3.043797656449623 43
1694492879577 3.0144331328408254 44
1694492880035 2.986104327558216 45
1694492880465 2.9585587789361663 46
1694492880892 2.9316364960523975 47
1694492881255 2.9054551434313667 48
1694492881702 2.879920511124381 49
