1694492862765 -176.27326096194983 0
1694492863176 -126.72376524311643 1
1694492863573 -91.85433985948943 2
1694492863990 -67.25699305905991 3
1694492864407 -49.86913499209421 4
1694492864800 -37.531769891200376 5
1694492865208 -28.7465171794518 6
1694492865549 -22.458178643748077 7
1694492865907 -17.943434447206215 8
1694492866270 -14.674651719639286 9
1694492866636 -12.299135618630828 10
1694492867051 -10.544537767915234 11
1694492867487 -9.2435441979487 12
1694492867962 -8.263641259465096 13
1694492868346 -7.514250289377365 14
1694492868711 -6.936872363652361 15
1694492869069 -6.478982083196676 16
1694492869436 -6.115340529229315 17
1694492869810 -5.8172481627780686 18
1694492870170 -5.570624163111984 19
1694492870522 -5.362409442101928 20
1694492870905 -5.183887819758118 21
1694492871375 -5.027885865877993 22
1694492871777 -4.890448321233292 23
1694492872170 -4.766156311114495 24
1694492872555 -4.65380146810913 25
1694492872905 -4.551743553610846 26
1694492873267 -4.457964508304552 27
1694492873640 -4.370793961167563 28
1694492874018 -4.289480603111091 29
1694492874387 -4.21313114850239 30
1694492874809 -4.140847611845732 31
1694492875196 -4.072780586477033 32
1694492875515 -4.0077676620521006 33
1694492875877 -3.946146474618466 34
1694492876239 -3.887027744085204 35
1694492876579 -3.8303766492663147 36
1694492876984 -3.776050580315588 37
1694492877349 -3.7240261168490134 38
1694492877690 -3.6734036289039986 39
1694492878054 -3.62600402961521 40
1694492878394 -3.5788145313675415 41
1694492878774 -3.5330480133070967 42
1694492879260 -3.4886164623457194 43
1694492879716 -3.445313293424454 44
1694492880189 -3.403537473839119 45
1694492880611 -3.3629167043384625 46
1694492881037 -3.323215050090864 47
1694492881418 -3.284606028189483 48
1694492881871 -3.2469507094496786 49
