1694492862500 120.42061676009925 0
1694492862873 87.03172036872871 1
1694492863295 67.27278814226715 2
1694492863696 46.437726118220176 3
1694492864112 30.51330863904666 4
1694492864533 27.673036909081137 5
1694492864923 20.481788302634175 6
1694492865329 28.61792949777059 7
1694492865662 11.98400539586481 8
1694492866016 11.466207716849885 9
1694492866385 5.193174299777314 10
1694492866749 10.872703582171724 11
1694492867201 7.229655835758218 12
1694492867618 5.071678826007402 13
1694492868083 10.098794634563186 14
1694492868456 3.3653882288668973 15
1694492868812 8.698662389040043 16
1694492869193 4.698729326660482 17
1694492869554 5.202551966294488 18
1694492869921 4.47467604881619 19
1694492870279 3.4672166610067308 20
1694492870626 3.1798197421197183 21
1694492871053 5.958779228550358 22
1694492871513 2.3090378030085725 23
1694492871898 4.444751780722308 24
1694492872280 5.504077780201946 25
1694492872651 2.6635217738973656 26
1694492873026 4.497912815300061 27
1694492873368 3.682617840156797 28
1694492873754 2.1761012873666092 29
1694492874126 2.9629557785623275 30
1694492874519 3.1649874828272004 31
1694492874951 3.769598059103384 32
1694492875293 2.972261608900278 33
1694492875619 2.649391771796157 34
1694492875968 2.9195969052718125 35
1694492876343 3.1212835774146095 36
1694492876713 2.490099778575751 37
1694492877095 4.554279809442468 38
1694492877451 3.918204626723834 39
1694492877811 2.921445642752543 40
1694492878160 1.3736820803602752 41
1694492878520 2.2432802280899433 42
1694492878926 1.5704777697190526 43
1694492879427 2.76798193316152 44
1694492879822 1.8799191017164316 45
1694492880300 2.04256364391096 46
1694492880734 2.2497062267773367 47
1694492881137 1.9776055065536524 48
1694492881555 1.5808826475994333 49
