1694490938699 4.109287159232577 0
1694490939087 4.388176651290476 1
1694490939594 4.247657536749353 2
1694490940001 4.900632657229745 3
1694490940455 4.808234049953746 4
1694490940879 3.9412095228333066 5
1694490941311 4.129755483964544 6
1694490941744 4.589594379498532 7
1694490942186 4.069197351533661 8
1694490942622 4.712860709659541 9
1694490942984 4.378119140066887 10
1694490943371 4.2094875524286985 11
1694490943813 4.212863134194144 12
1694490944168 4.225001637742776 13
1694490944607 5.08415886118446 14
1694490945040 4.319865602331997 15
1694490945428 4.042826331545019 16
1694490945807 4.425578274185905 17
1694490946159 4.45967112447017 18
1694490946548 4.704966035278136 19
1694490946928 4.234135140308226 20
1694490947281 4.078293908610794 21
1694490947605 4.416698937683704 22
1694490948022 4.56849973022152 23
1694490948423 4.46684742881098 24
1694490948772 4.365484418844083 25
1694490949146 3.962373873507171 26
1694490949537 4.377486085087759 27
1694490949933 4.588212968239018 28
1694490950322 3.7689505010390665 29
1694490950679 3.771694602095595 30
1694490950969 5.594541214072613 31
1694490951387 4.763403247407849 32
1694490951812 4.357222140534702 33
1694490952254 4.593192264923103 34
1694490952653 3.9770122612454215 35
1694490953057 4.649888885916843 36
1694490953541 5.853718813081785 37
1694490953967 4.433845885862944 38
1694490954482 4.05265922865054 39
1694490954888 4.722912895010884 40
1694490955287 3.8580322060720915 41
1694490955640 4.378121620573261 42
1694490956062 4.230579269426298 43
1694490956421 3.9256934169956517 44
1694490956830 3.9234523397961265 45
1694490957300 4.0817480361263865 46
1694490957686 4.476808848900773 47
1694490958094 4.252432335760134 48
1694490958468 4.590904940146681 49
