1694490938477 0.8099765498414924 0
1694490938981 18.254476033795918 1
1694490939463 2.5694561905407767 2
1694490939852 38.92674092465158 3
1694490940313 0.7605867914910462 4
1694490940752 3.963204728490362 5
1694490941149 0.11444738373540658 6
1694490941609 1.992515957907817 7
1694490942054 0.4400022984292707 8
1694490942453 0.10576822120556627 9
1694490942877 0.20742716887861723 10
1694490943244 1.2175524398166797 11
1694490943700 19.79988954596383 12
1694490944056 16.93292049183139 13
1694490944455 5.938568660532876 14
1694490944901 0.7857174905208717 15
1694490945317 1.5724370388610722 16
1694490945707 4.386248195472862 17
1694490946047 0.44860396710273287 18
1694490946424 3.4519517200738554 19
1694490946820 0.11175538906920247 20
1694490947187 15.535139600549465 21
1694490947510 0.4955855047858965 22
1694490947922 0.7630819304376669 23
1694490948293 0.12862761872624573 24
1694490948673 7.01536499207794 25
1694490949050 0.0012954230304738268 26
1694490949432 3.8260669615414606 27
1694490949818 7.13084833976829 28
1694490950205 6.122325559243626 29
1694490950572 6.170054074419049 30
1694490950903 0.6060754617511959 31
1694490951238 6.064823857874046 32
1694490951704 1.719928957294121 33
1694490952107 0.3858650358997203 34
1694490952510 0.16132928188303922 35
1694490952927 0.26910845729126437 36
1694490953330 9.946039992278045 37
1694490953838 1.1070773843704618 38
1694490954312 2.026294902200413 39
1694490954754 0.5601058979444579 40
1694490955178 0.8326049418254039 41
1694490955543 1.241389635183548 42
1694490955943 4.386533629510557 43
1694490956313 0.5382707065460306 44
1694490956722 2.483812916035738 45
1694490957126 1.427075760841636 46
1694490957536 0.565552296880339 47
1694490957983 24.200948256165315 48
1694490958335 1.0806549141096893 49
