1694508386464 163.3629906484644 0
1694508386830 157.88508761007415 1
1694508387227 152.60918702358796 2
1694508387609 147.52685935289435 3
1694508388013 142.63258523902266 4
1694508388452 137.91841846798908 5
1694508388854 133.3785030674 6
1694508389304 129.0041833235168 7
1694508389734 124.79105102027006 8
1694508390145 120.73139559915533 9
1694508390548 116.81980996075926 10
1694508390974 113.05125876085668 11
1694508391422 109.41989992058784 12
1694508391894 105.9208294904502 13
1694508392332 102.54869166961947 14
1694508392750 99.29962412284358 15
1694508393176 96.1675408016328 16
1694508393655 93.14856847095957 17
1694508394076 90.23853585270686 18
1694508394501 87.43375182671483 19
1694508394966 84.73012149109047 20
1694508395363 82.12319470369891 21
1694508395746 79.6100173538803 22
1694508396168 77.18656750139682 23
1694508396533 74.84985031737418 24
1694508396944 72.59665991360208 25
1694508397301 70.42386371725787 26
1694508397728 68.32814159969324 27
1694508398100 66.30668598605463 28
1694508398559 64.3566256364315 29
1694508399074 62.47536527179905 30
1694508399572 60.660784101390874 31
1694508399948 58.90999301304267 32
1694508400391 57.22065818963937 33
1694508400856 55.590405901777096 34
1694508401324 54.0173852504543 35
1694508401799 52.49902903089218 36
1694508402325 51.03373328288073 37
1694508402725 49.61935535881757 38
1694508403135 48.25389525494881 39
1694508403549 46.93554224381004 40
1694508403932 45.66264467337301 41
1694508404386 44.43390955847109 42
1694508404769 43.24705812947912 43
1694508405167 42.10108570553071 44
1694508405522 40.99425434844573 45
1694508405914 39.925146263996496 46
1694508406325 38.892159729176385 47
1694508406773 37.8943637750724 48
1694508407193 36.93023622841884 49
