1694508386606 -230.15695948710058 0
1694508386979 -222.4057827628433 1
1694508387396 -214.94043744021334 2
1694508387735 -207.74899581190263 3
1694508388187 -200.82364804146727 4
1694508388599 -194.15315031746215 5
1694508389031 -187.72921649889565 6
1694508389489 -181.53959883943259 7
1694508389889 -175.5780597584599 8
1694508390314 -169.83368889462358 9
1694508390720 -164.298835257604 10
1694508391161 -158.9663738868674 11
1694508391618 -153.8280383006301 12
1694508392061 -148.87688946054587 13
1694508392484 -144.10534896327343 14
1694508392908 -139.50795164396823 15
1694508393399 -135.07608580631774 16
1694508393820 -130.80427086240672 17
1694508394249 -126.68660449639918 18
1694508394697 -122.71786381105352 19
1694508395138 -118.89225456210893 20
1694508395522 -115.20347984399884 21
1694508395903 -111.64735962037963 22
1694508396301 -108.21820288698575 23
1694508396682 -104.9117719916169 24
1694508397103 -101.72353063527292 25
1694508397465 -98.6490462594766 26
1694508397889 -95.68362091617739 27
1694508398281 -92.8232819156975 28
1694508398739 -90.06396648295527 29
1694508399228 -87.40200232469738 30
1694508399735 -84.83438854369903 31
1694508400120 -82.35703707582246 32
1694508400588 -79.96664559374013 33
1694508401034 -77.65985529464446 34
1694508401474 -75.43404717539518 35
1694508402021 -73.28558866750971 36
1694508402502 -71.21221018370998 37
1694508402878 -69.21087989957202 38
1694508403290 -67.27876783025732 39
1694508403683 -65.4133118149394 40
1694508404116 -63.6121747829056 41
1694508404532 -61.873527173380886 42
1694508404932 -60.194144550672505 43
1694508405316 -58.572605301639 44
1694508405674 -57.00645026154608 45
1694508406066 -55.49367326607494 46
1694508406508 -54.0320078935674 47
1694508406937 -52.620136832541526 48
1694508407353 -51.25590622340822 49
