1694508386351 158.97376795823396 0
1694508386708 161.27106136980808 1
1694508387093 159.78754221874365 2
1694508387505 148.48350815507362 3
1694508387870 144.86490174866955 4
1694508388313 129.7151689942088 5
1694508388722 139.24287689969378 6
1694508389156 128.2684599708021 7
1694508389612 126.17247275615907 8
1694508390007 120.06562584199264 9
1694508390439 108.75005750564222 10
1694508390875 113.34707040626836 11
1694508391305 107.82255848977906 12
1694508391752 107.13857538454963 13
1694508392201 105.59290573181849 14
1694508392612 106.29488934576607 15
1694508393035 98.57941344867913 16
1694508393525 83.82325450382254 17
1694508393949 87.69036563633281 18
1694508394376 86.58487508503967 19
1694508394833 81.8669046529368 20
1694508395240 88.01596593596562 21
1694508395633 75.71083468436885 22
1694508396045 80.24823347094362 23
1694508396400 75.72903460255031 24
1694508396799 68.13837518721743 25
1694508397197 71.0526899945328 26
1694508397599 68.11167441974263 27
1694508397987 60.78717527987888 28
1694508398408 67.86239236917879 29
1694508398898 65.2622385197901 30
1694508399382 64.97399945090677 31
1694508399843 59.63929637119833 32
1694508400249 58.83571100225777 33
1694508400726 54.33590989880709 34
1694508401199 51.47775793432028 35
1694508401630 54.7921642455671 36
1694508402173 46.23122443071843 37
1694508402618 41.33123900539176 38
1694508403001 51.46988453059461 39
1694508403424 52.32551650879543 40
1694508403823 50.009789937018894 41
1694508404239 37.98500378502295 42
1694508404653 45.3943033078168 43
1694508405043 38.814698835429816 44
1694508405417 44.56852055779538 45
1694508405787 38.23507955785165 46
1694508406191 39.594081840423435 47
1694508406628 36.59315260066373 48
1694508407065 40.51005352686401 49
