1694509183496 168.70383913610107 0
1694509183775 168.6366094225919 1
1694509184040 168.56940918712257 2
1694509184371 168.5022384163531 3
1694509184696 168.4350970969497 4
1694509185002 168.36798521558458 5
1694509185339 168.30090275893616 6
1694509185697 168.23384971368898 7
1694509186002 168.16682606653367 8
1694509186338 168.09983180416708 9
1694509186653 168.03286691329203 10
1694509186964 167.96593138061752 11
1694509187280 167.8990251928587 12
1694509187590 167.8321483367368 13
1694509187921 167.76530079897913 14
1694509188237 167.6984825663191 15
1694509188572 167.6316936254963 16
1694509188913 167.56493396325632 17
1694509189224 167.49820356635087 18
1694509189547 167.4315024215378 19
1694509189883 167.36483051558102 20
1694509190195 167.29818783525047 21
1694509190526 167.23157436732225 22
1694509190831 167.16499009857856 23
1694509191152 167.09843501580755 24
1694509191493 167.03190910580358 25
1694509191786 166.96541235536696 26
1694509192117 166.8989447513042 27
1694509192478 166.83250628042782 28
1694509192840 166.76609692955634 29
1694509193207 166.69971668551443 30
1694509193572 166.63336553513275 31
1694509193920 166.56704346524805 32
1694509194267 166.50075046270317 33
1694509194657 166.43448651434693 34
1694509195012 166.3682516070342 35
1694509195390 166.30204572762597 36
1694509195741 166.23586886298918 37
1694509196108 166.16972099999683 38
1694509196487 166.103602125528 39
1694509196842 166.03751222646778 40
1694509197189 165.9714512897073 41
1694509197541 165.90541930214366 42
1694509197891 165.83941625068002 43
1694509198265 165.7734421222256 44
1694509198639 165.70749690369556 45
1694509199020 165.64158058201116 46
1694509199374 165.5756931440996 47
1694509199779 165.50983457689415 48
1694509200171 165.44400486733403 49
