1694509183597 -237.71420542501326 0
1694509183863 -237.61907606860103 1
1694509184162 -237.5239884233134 2
1694509184478 -237.42894247027445 3
1694509184796 -237.333938190617 4
1694509185113 -237.2389755654824 5
1694509185472 -237.1440545760207 6
1694509185806 -237.04917520339066 7
1694509186105 -236.95433742875974 8
1694509186454 -236.859541233304 9
1694509186747 -236.76478659820813 10
1694509187083 -236.67007350466554 11
1694509187411 -236.57540193387823 12
1694509187696 -236.48077186705692 13
1694509188033 -236.38618328542086 14
1694509188340 -236.29163617019796 15
1694509188724 -236.19713050262493 16
1694509189025 -236.10266626394684 17
1694509189350 -236.0082434354176 18
1694509189673 -235.91386199829958 19
1694509189987 -235.8195219338639 20
1694509190310 -235.72522322339017 21
1694509190642 -235.63096584816674 22
1694509190950 -235.5367497894905 23
1694509191274 -235.4425750286668 24
1694509191603 -235.34844154700986 25
1694509191892 -235.25434932584224 26
1694509192242 -235.1602983464953 27
1694509192600 -235.06628859030877 28
1694509192973 -234.97232003863115 29
1694509193333 -234.8783926728194 30
1694509193685 -234.78450647423907 31
1694509194037 -234.69066142426425 32
1694509194406 -234.59685750427772 33
1694509194783 -234.50309469567074 34
1694509195156 -234.40937297984303 35
1694509195504 -234.315692338203 36
1694509195869 -234.2220527521676 37
1694509196254 -234.12845420316222 38
1694509196628 -234.03489667262085 39
1694509196967 -233.94138014198606 40
1694509197302 -233.8479045927089 41
1694509197675 -233.75447000624894 42
1694509198031 -233.66107636407426 43
1694509198415 -233.56772364766155 44
1694509198767 -233.47441183849594 45
1694509199132 -233.38114091807108 46
1694509199526 -233.28791086788914 47
1694509199920 -233.19472166946076 48
1694509200313 -233.10157330430516 49
