1694509183341 168.89031865416038 0
1694509183666 168.82286140628733 1
1694509183939 168.75543376653516 2
1694509184256 168.6880357215056 3
1694509184573 168.6206672578068 4
1694509184887 168.5533283620529 5
1694509185215 168.48601902086418 6
1694509185567 168.41873922086717 7
1694509185891 168.35148894869457 8
1694509186204 168.28426819098505 9
1694509186538 168.2170769343835 10
1694509186851 168.14991516554102 11
1694509187177 168.08278287111477 12
1694509187488 168.01568003776808 13
1694509187788 167.94860665217038 14
1694509188112 167.8815627009972 15
1694509188445 167.81454817093024 16
1694509188805 167.7475630486573 17
1694509189123 167.68060732087235 18
1694509189433 167.61368097427533 19
1694509189761 167.54678399557247 20
1694509190072 167.47991637147598 21
1694509190403 167.41307808870422 22
1694509190736 167.3462691339817 23
1694509191044 167.2794894940389 24
1694509191352 167.21273915561252 25
1694509191682 167.14601810544536 26
1694509191985 167.07932633028616 27
1694509192337 167.01266381688993 28
1694509192704 166.94603055201767 29
1694509193065 166.87942652243646 30
1694509193424 166.81285171491947 31
1694509193774 166.74630611624602 32
1694509194130 166.67978971320136 33
1694509194503 166.61330249257696 34
1694509194880 166.5468444411703 35
1694509195250 166.4804155457848 36
1694509195608 166.4140157932302 37
1694509195974 166.3476451703221 38
1694509196347 166.28130366388223 39
1694509196719 166.21499126073832 40
1694509197065 166.1487079477242 41
1694509197412 166.08245371167985 42
1694509197768 166.01622853945108 43
1694509198132 165.9500324178899 44
1694509198513 165.88386533385423 45
1694509198865 165.81772727420827 46
1694509199232 165.75161822582191 47
1694509199637 165.68553817557145 48
1694509200036 165.61948711033892 49
