1694510284000 -49.06304029054138 0
1694510284335 -15.363766464169796 1
1694510284668 -7.984148514818353 2
1694510284999 -5.783984523926053 3
1694510285367 -4.797094924096916 4
1694510285712 -4.22487902545711 5
1694510286070 -3.8295171090696876 6
1694510286450 -3.5292135732017282 7
1694510286789 -3.28949568269426 8
1694510287138 -3.090348011911157 9
1694510287507 -2.913271520750585 10
1694510287853 -2.7559146683552553 11
1694510288170 -2.614795925800377 12
1694510288467 -2.4862558427443173 13
1694510288820 -2.3607472547029458 14
1694510289119 -2.249979664394055 15
1694510289469 -2.1426665963317144 16
1694510289799 -2.040178362531509 17
1694510290095 -1.9479355108282337 18
1694510290434 -1.8543290145326519 19
1694510290748 -1.7658878069343835 20
1694510291083 -1.68079729797416 21
1694510291403 -1.6021505420147628 22
1694510291733 -1.52700194301282 23
1694510292069 -1.4509018735427697 24
1694510292370 -1.3797201160468155 25
1694510292705 -1.3081868114988375 26
1694510293078 -1.2390985969489234 27
1694510293387 -1.1751264698312647 28
1694510293706 -1.1117519178213096 29
1694510294042 -1.0511121074445984 30
1694510294368 -0.9933796041263026 31
1694510294702 -0.9346655430062765 32
1694510294991 -0.8817488658135726 33
1694510295330 -0.8285939156711353 34
1694510295646 -0.775521687398274 35
1694510295970 -0.7254466150023267 36
1694510296323 -0.6755440278044609 37
1694510296638 -0.630497655006113 38
1694510296944 -0.5843655237037026 39
1694510297277 -0.5445997064943491 40
1694510297595 -0.5039707715081148 41
1694510297892 -0.4671039114210831 42
1694510298212 -0.42654288097015547 43
1694510298548 -0.38617987433462386 44
1694510298848 -0.3503915821462864 45
1694510299143 -0.31725140139627594 46
1694510299462 -0.28395909924638607 47
1694510299760 -0.2509746041088361 48
1694510300067 -0.22027726280495719 49
