1694510283773 38.94825192732382 0
1694510284129 1.9288994125955035 1
1694510284462 0.4112770247539732 2
1694510284793 20.81377550494422 3
1694510285134 11.322046217030548 4
1694510285502 0.019251062984348907 5
1694510285834 4.548375990828963 6
1694510286208 0.4806260760923788 7
1694510286580 0.6413984063248598 8
1694510286911 1.8392650168460294 9
1694510287273 2.0415911177799426 10
1694510287636 0.004229104087688709 11
1694510287986 0.30815601840862034 12
1694510288284 1.7469014638100953 13
1694510288593 3.93404549661649e-07 14
1694510288931 1.103279613687114 15
1694510289251 1.6676418982216707 16
1694510289589 6.018426894449282 17
1694510289920 8.953790656634476 18
1694510290223 0.018442288899986958 19
1694510290554 0.8942238713784451 20
1694510290869 0.12894883443860763 21
1694510291211 3.275305843217312 22
1694510291530 0.034855004814056664 23
1694510291866 0.019008285255082566 24
1694510292184 1.0210447813233325 25
1694510292491 3.8428870454662207 26
1694510292824 0.0023527470961304856 27
1694510293194 0.010776047764233222 28
1694510293506 9.857884036180764 29
1694510293835 0.013204663894443535 30
1694510294173 0.24110529933840516 31
1694510294495 0.1855192465326999 32
1694510294814 0.03739921017781919 33
1694510295120 0.20423337505883393 34
1694510295451 1.2597781065861533 35
1694510295775 1.1216279056909226 36
1694510296084 0.16311261757585446 37
1694510296448 0.1286299349635131 38
1694510296756 0.027157902062400464 39
1694510297062 0.016952935147263346 40
1694510297409 0.012094007914847762 41
1694510297707 0.3553274303293559 42
1694510298011 0.18900712069743383 43
1694510298341 0.003923726823817521 44
1694510298662 0.00519552464666225 45
1694510298955 0.2592375990241868 46
1694510299256 2.2502384344938586 47
1694510299582 0.01653962581178471 48
1694510299874 0.06266457618810557 49
