1694511569006 168.75199437079257 0
1694511569348 168.68443730372906 1
1694511569631 168.6169084597679 2
1694511569911 168.54940782700797 3
1694511570184 168.48193539355327 4
1694511570463 168.41449114751276 5
1694511570764 168.34707507700054 6
1694511571049 168.28020501579832 7
1694511571336 168.21336279305567 8
1694511571626 168.14654839705477 9
1694511571927 168.07976181608282 10
1694511572231 168.01300303843195 11
1694511572537 167.94627205239922 12
1694511572866 167.87956884628676 13
1694511573195 167.8128934084015 14
1694511573547 167.7462457270554 15
1694511573896 167.6796257905654 16
1694511574204 167.6130335872533 17
1694511574533 167.546469105446 18
1694511574834 167.4799323334751 19
1694511575137 167.4134232596773 20
1694511575448 167.34694187239435 21
1694511575784 167.28048815997263 22
1694511576101 167.2140621107637 23
1694511576388 167.147663713124 24
1694511576719 167.08129295541485 25
1694511577033 167.01494982600255 26
1694511577365 166.94863431325828 27
1694511577678 166.88248119965925 28
1694511577991 166.8163555880943 29
1694511578332 166.75025746699416 30
1694511578652 166.68418682479458 31
1694511578961 166.61814364993603 32
1694511579306 166.552127930864 33
1694511579659 166.48613965602888 34
1694511580011 166.4201788138859 35
1694511580330 166.3542453928952 36
1694511580678 166.28833938152178 37
1694511580968 166.22246076823552 38
1694511581304 166.15660954151127 39
1694511581614 166.0907856898286 40
1694511581924 166.0249892016721 41
1694511582311 165.9592200655311 42
1694511582683 165.89347826990002 43
1694511582995 165.8277638032779 44
1694511583287 165.76207665416877 45
1694511583634 165.69641681108155 46
1694511583987 165.63078426252994 47
1694511584338 165.5651789970326 48
1694511584674 165.499601003113 49
