1694511569129 -247.85457756411418 0
1694511569440 -247.7549527540594 1
1694511569747 -247.65536956394652 2
1694511569998 -247.55582797622537 3
1694511570268 -247.45632797335313 4
1694511570576 -247.35686953779432 5
1694511570863 -247.2574526520212 6
1694511571179 -247.15884095327232 7
1694511571434 -247.06027030724178 8
1694511571721 -246.96174069664963 9
1694511572008 -246.86325210422325 10
1694511572325 -246.76480451269728 11
1694511572639 -246.66639790481378 12
1694511572978 -246.56803226332204 13
1694511573324 -246.46970757097864 14
1694511573655 -246.37142381054755 15
1694511574000 -246.2731809648 16
1694511574322 -246.17497901651436 17
1694511574661 -246.07681794847662 18
1694511574925 -245.9786977434797 19
1694511575229 -245.88061838432407 20
1694511575575 -245.78257985381742 21
1694511575893 -245.68458213477456 22
1694511576200 -245.58662521001776 23
1694511576513 -245.48870906237653 24
1694511576835 -245.3908336746876 25
1694511577146 -245.292999029795 26
1694511577473 -245.19520511055003 27
1694511577798 -245.0976506774862 28
1694511578094 -245.00013680102197 29
1694511578461 -244.90266346409646 30
1694511578740 -244.80523064965612 31
1694511579078 -244.7078383406544 32
1694511579428 -244.61048652005215 33
1694511579808 -244.5131751708174 34
1694511580120 -244.41590427592536 35
1694511580476 -244.31867381835843 36
1694511580780 -244.22148378110631 37
1694511581071 -244.12433414716577 38
1694511581390 -244.0272248995409 39
1694511581730 -243.93015602124282 40
1694511582054 -243.83312749529006 41
1694511582434 -243.73613930470808 42
1694511582793 -243.63919143252983 43
1694511583097 -243.54228386179517 44
1694511583408 -243.4454165755513 45
1694511583774 -243.34858955685252 46
1694511584098 -243.25180278876033 47
1694511584462 -243.1550562543434 48
1694511584790 -243.05834993667756 49
