1694511568857 169.47472126466204 0
1694511569221 169.40758058374882 1
1694511569510 169.34046781815942 2
1694511569825 169.27338295613984 3
1694511570073 169.20632598594108 4
1694511570347 169.13929689581914 5
1694511570655 169.07229567403508 6
1694511570938 169.00532230885474 7
1694511571255 168.93889560163174 8
1694511571506 168.8724964166182 9
1694511571826 168.8061247422463 10
1694511572107 168.73978056695316 11
1694511572430 168.67346387918087 12
1694511572736 168.60717466737628 13
1694511573074 168.54091291999123 14
1694511573426 168.47467862548245 15
1694511573752 168.4084717723115 16
1694511574092 168.3422923489448 17
1694511574422 168.27614034385383 18
1694511574742 168.21001574551477 19
1694511575026 168.1439185424087 20
1694511575326 168.07784872302167 21
1694511575667 168.01180627584458 22
1694511575972 167.94579118937318 23
1694511576293 167.87980345210806 24
1694511576618 167.8138430525547 25
1694511576932 167.74790997922352 26
1694511577259 167.6820042206297 27
1694511577559 167.61612576529336 28
1694511577889 167.55040393406077 29
1694511578186 167.484709295538 30
1694511578548 167.41904183830292 31
1694511578832 167.35340155093834 32
1694511579177 167.2877884220319 33
1694511579518 167.22220244017603 34
1694511579908 167.156643593968 35
1694511580214 167.09111187200998 36
1694511580578 167.0256072629089 37
1694511580863 166.96012975527648 38
1694511581170 166.89467933772934 39
1694511581490 166.8292559988889 40
1694511581816 166.76385972738132 41
1694511582144 166.69849051183775 42
1694511582532 166.63314834089388 43
1694511582890 166.5678332031905 44
1694511583189 166.50254508737305 45
1694511583508 166.43728398209177 46
1694511583869 166.37204987600182 47
1694511584208 166.306842757763 48
1694511584551 166.24166261604003 49
