1694396195352 4.163895942179949 0
1694396196044 4.535536549206251 1
1694396196624 5.0536388601412 2
1694396197322 4.807569158759805 3
1694396197915 4.410326741951072 4
1694396198487 4.834426017416803 5
1694396198937 4.4347435943992535 6
1694396199502 4.993523493854803 7
1694396200334 4.780416256625488 8
1694396201015 4.336510127171096 9
1694396201486 3.395464864314111 10
1694396201997 4.226698415846496 11
1694396202651 4.815875775994517 12
1694396203273 3.996891711343154 13
1694396204003 4.126173855699273 14
1694396204695 4.704103546946719 15
1694396205394 4.376049540908474 16
1694396206004 4.3094946600292685 17
1694396206616 4.505073276768628 18
1694396207250 5.030077995762542 19
1694396207924 3.965794150676702 20
1694396208672 4.3754258957144545 21
1694396209526 6.0472125708966935 22
1694396210202 4.690701907994893 23
1694396210946 4.549566928996339 24
1694396211695 4.311877170484393 25
1694396212371 4.577790679919029 26
1694396213104 4.290597347776851 27
1694396213758 4.193167250208345 28
1694396214241 4.496721851704729 29
1694396214783 4.197438256492471 30
1694396215522 4.535681666444157 31
1694396216291 4.064919815330879 32
1694396216915 7.93358946016535 33
1694396217622 4.637256180949706 34
1694396218399 4.266736890145893 35
1694396219103 6.74819745908476 36
1694396219822 4.405294216068963 37
1694396220607 3.97964777082154 38
1694396221444 4.513105135562427 39
1694396222195 4.405577895892605 40
1694396222916 3.8209211619774908 41
1694396223677 4.121020460544205 42
1694396224460 4.023845469078249 43
1694396225189 9.913887253173906 44
1694396225991 4.184130557036116 45
1694396226829 4.377265718697752 46
1694396227514 5.082718542663528 47
1694396228227 5.388415742079854 48
1694396228878 4.6425201849188085 49
1694396229585 3.728367310486759 50
1694396230177 4.101556309717553 51
1694396230588 4.711311721047246 52
1694396231199 4.44805271352885 53
1694396231907 4.068475069363086 54
1694396232684 4.424916991108194 55
1694396233418 4.62364368319344 56
1694396234103 4.367751934936453 57
1694396234759 4.098717663528351 58
1694396235473 4.745388170615858 59
1694396236156 4.802633524120657 60
1694396236809 4.520646052115315 61
1694396237530 4.315244204544517 62
1694396238300 4.53456371975959 63
1694396238989 4.867953036316705 64
1694396239721 4.179291875807212 65
1694396240518 4.174944166788931 66
1694396241238 4.573453869387423 67
1694396242023 4.709089804010268 68
1694396242824 4.118179191024362 69
1694396243526 4.790933664978563 70
1694396244191 5.094139590387849 71
1694396244826 4.67376025909612 72
1694396245348 4.368965182069372 73
1694396245807 3.9169586695828316 74
1694396246540 4.837643995857444 75
1694396247291 4.507856287257846 76
1694396248018 4.425169149956628 77
1694396248726 4.4845031649071885 78
1694396249421 4.174138160143547 79
1694396250069 4.556399590946838 80
1694396250725 3.85623079047209 81
1694396251451 4.506182411313214 82
1694396252194 4.136407072092732 83
1694396252873 4.269596723428294 84
1694396253552 4.726922194077924 85
1694396254223 4.983336269702016 86
1694396254867 4.165470718327242 87
1694396255524 4.508043095573833 88
1694396256230 4.2343805727493775 89
1694396256970 3.7270054245176385 90
1694396257693 4.600315450900306 91
1694396258380 4.514996377459941 92
1694396259028 4.01791056348741 93
1694396259707 4.390278379190339 94
1694396260198 3.934720795817588 95
1694396260684 4.576618158787882 96
1694396261237 5.320838375357099 97
1694396261788 3.8067985104658204 98
1694396262388 4.526521892014329 99
