1694396195574 -5.140398930250899 0
1694396196195 -5.688448549528219 1
1694396196851 -6.452481781866855 2
1694396197456 -6.089608609215373 3
1694396198131 -5.50380460616298 4
1694396198624 -6.129213783902085 5
1694396199047 -5.539811561364271 6
1694396199782 -6.363831072059882 7
1694396200561 -6.049566866209787 8
1694396201181 -5.394948989038119 9
1694396201619 -4.0072117819600015 10
1694396202197 -5.233012253800305 11
1694396202800 -6.101858181320511 12
1694396203531 -4.8941217382611395 13
1694396204210 -5.0847710608974905 14
1694396204868 -5.937030316934077 15
1694396205531 -5.453256827943581 16
1694396206253 -5.3551099181676145 17
1694396206758 -5.6435250816785425 18
1694396207450 -6.417737132040003 19
1694396208105 -4.848262900552116 20
1694396208950 -5.452337153116115 21
1694396209672 -7.917681449525791 22
1694396210418 -5.917267236725999 23
1694396211167 -5.709138818989892 24
1694396211840 -5.358623350024007 25
1694396212562 -5.750759717393665 26
1694396213300 -5.327242498436032 27
1694396213914 -5.18356463635894 28
1694396214389 -5.631209432526756 29
1694396215009 -5.189862988378855 30
1694396215743 -5.688662550489044 31
1694396216476 -4.994441175334904 32
1694396217131 -10.699476862705858 33
1694396217925 -5.838452086267906 34
1694396218645 -5.292056045521043 35
1694396219320 -8.951407296021987 36
1694396220091 -5.496383259190803 37
1694396220861 -4.868692506742737 38
1694396221661 -5.655369474004915 39
1694396222400 -5.496801595121817 40
1694396223121 -4.634622128260107 41
1694396223942 -5.077171470865283 42
1694396224674 -4.933869807728065 43
1694396225461 -13.619775212765454 44
1694396226224 -5.17023843852444 45
1694396226972 -5.455050296584484 46
1694396227771 -6.49536490237026 47
1694396228397 -6.946169337049281 48
1694396229058 -5.846214788503878 49
1694396229795 -4.498135151021488 50
1694396230269 -5.04846814768578 51
1694396230710 -5.947660040911465 52
1694396231349 -5.559438204777259 53
1694396232138 -4.999684024426062 54
1694396232891 -5.525320501747437 55
1694396233559 -5.818378057564668 56
1694396234255 -5.441020544534548 57
1694396234894 -5.04428206324333 58
1694396235692 -5.997911775677034 59
1694396236314 -6.082330145469117 60
1694396237040 -5.666489885412271 61
1694396237778 -5.363588635571005 62
1694396238459 -5.687013940936519 63
1694396239173 -6.178655286246564 64
1694396239954 -5.163102949680733 65
1694396240661 -5.156691485951667 66
1694396241453 -5.744364325405306 67
1694396242233 -5.944383432373111 68
1694396243022 -5.072981517859142 69
1694396243698 -6.065076639724065 70
1694396244347 -6.5122072515073635 71
1694396244989 -5.892283787518991 72
1694396245479 -5.442809691405785 73
1694396245991 -4.776246370833052 74
1694396246771 -6.133959260650032 75
1694396247501 -5.647629121469201 76
1694396248236 -5.525692354441326 77
1694396248864 -5.613190823900957 78
1694396249603 -5.155502887002074 79
1694396250235 -5.719214784075043 80
1694396250920 -4.686692402841052 81
1694396251634 -5.645160696176514 82
1694396252398 -5.0998617432459366 83
1694396253011 -5.296273374069066 84
1694396253741 -5.970680436528773 85
1694396254392 -6.348808213381705 86
1694396255039 -5.142721215414721 87
1694396255724 -5.647904603277484 88
1694396256500 -5.244340949013514 89
1694396257206 -4.496126809971655 90
1694396257829 -5.783976464775965 91
1694396258554 -5.658158443730766 92
1694396259260 -4.925117742727601 93
1694396259870 -5.474239759452417 94
1694396260353 -4.802439758575057 95
1694396260810 -5.749030628194663 96
1694396261364 -6.846514591566777 97
1694396261947 -4.613795787871503 98
1694396262520 -5.6751548476330465 99
