1694396195102 7.154090058398367 0
1694396195809 6.288409752530252 1
1694396196430 0.11875025711091204 2
1694396197111 1.1096574547219904 3
1694396197693 0.7778624934844666 4
1694396198360 0.5207674636758878 5
1694396198814 2.7214417152182504 6
1694396199295 1.0978128749354723 7
1694396200048 0.5224835946593448 8
1694396200821 1.6766695266953837 9
1694396201352 3.077352462103311 10
1694396201797 0.03916573445039928 11
1694396202450 2.092075555146875 12
1694396203083 20.552139224357923 13
1694396203786 8.153313509239243 14
1694396204471 0.36885759850320504 15
1694396205188 0.030620999750816474 16
1694396205789 0.14251304213877386 17
1694396206473 0.39481285213783884 18
1694396206984 0.5248537918030807 19
1694396207705 2.2739169136742046 20
1694396208410 1.0302098646336142 21
1694396209275 3.6923820864509294 22
1694396209966 0.0811786675631825 23
1694396210690 1.068590329717107 24
1694396211464 0.37115524364965224 25
1694396212158 1.3907409155614159 26
1694396212836 21.933993826313642 27
1694396213592 15.533353315804598 28
1694396214081 0.07030343863618839 29
1694396214577 0.6894716285394169 30
1694396215291 18.30615200924736 31
1694396216030 2.0773329835195096 32
1694396216705 4.168973713472489 33
1694396217415 0.9199081745246678 34
1694396218172 0.26686993355027794 35
1694396218887 3.4039839932245304 36
1694396219584 0.17885505791453987 37
1694396220379 19.29672299768276 38
1694396221162 0.4407008996390969 39
1694396221982 1.0537987028539708 40
1694396222674 0.33398871627917825 41
1694396223427 0.7897273955197504 42
1694396224236 1.9493443988125694 43
1694396224923 10.963269133202513 44
1694396225778 6.3365605327500685 45
1694396226557 0.3194111204802609 46
1694396227252 2.403411927453926 47
1694396228051 0.24562544733061004 48
1694396228645 0.34412477848254924 49
1694396229336 12.734451556513992 50
1694396230056 27.805479000254163 51
1694396230427 0.9319878369332565 52
1694396230976 0.22390669572345487 53
1694396231663 0.04617909844544311 54
1694396232434 7.147846500365955 55
1694396233167 7.328008170766972 56
1694396233860 1.1860522652477796 57
1694396234537 24.392725913163787 58
1694396235199 0.0030341520625140057 59
1694396235978 0.8695227341763146 60
1694396236568 11.521428834344219 61
1694396237289 0.7085191337016712 62
1694396238042 22.807109961954655 63
1694396238726 26.07454468553818 64
1694396239463 15.275337500342184 65
1694396240263 2.0936060851962606 66
1694396240963 1.8816381414998162 67
1694396241747 0.0009312676010418862 68
1694396242556 0.84747776237947 69
1694396243297 5.49878866477065 70
1694396243957 1.0876615941193957 71
1694396244576 0.29300776524647054 72
1694396245199 1.0581013384849203 73
1694396245658 9.537966448227277 74
1694396246291 5.258748647503171 75
1694396247071 3.9700943415521883 76
1694396247783 21.293518217079253 77
1694396248484 2.797057221171983 78
1694396249143 3.6083154517322904 79
1694396249852 0.6319773253210756 80
1694396250475 0.5309862359115746 81
1694396251226 0.2162513254115052 82
1694396251935 2.057332440476631 83
1694396252645 0.03691109013208806 84
1694396253343 0.7666218427012668 85
1694396254002 17.98413081116977 86
1694396254636 0.08849044699678547 87
1694396255291 0.011107154576360993 88
1694396255973 0.027248243088149954 89
1694396256759 9.450325017117315 90
1694396257477 1.3529851847350685 91
1694396258144 3.957751517554402 92
1694396258812 1.2159866346657413 93
1694396259513 1.9307150653178795 94
1694396260070 0.1856933673487481 95
1694396260535 32.49489808099791 96
1694396261039 8.78571282211898 97
1694396261595 6.472823004081837 98
1694396262188 1.7131164057386812 99
