1694510373598 120.2716613138038 0
1694510373865 86.36125939552052 1
1694510374142 62.6033681484701 2
1694510374431 45.89297310085661 3
1694510374695 34.118556267871 4
1694510374972 25.79682176062337 5
1694510375252 19.889106217127384 6
1694510375543 15.678367913086248 7
1694510375828 12.656939472304519 8
1694510376093 10.47892284870334 9
1694510376380 8.8940873073037 10
1694510376653 7.729181243247095 11
1694510376931 6.864263839015993 12
1694510377222 6.214253165035849 13
1694510377556 5.719983635655616 14
1694510377853 5.3358010951691295 15
1694510378126 5.034661419197592 16
1694510378405 4.792749040361144 17
1694510378714 4.595519259286461 18
1694510379000 4.431740044049762 19
1694510379273 4.292076600020769 20
1694510379551 4.173223375716665 21
1694510379822 4.069320153314422 22
1694510380076 3.976874022768923 23
1694510380329 3.8938892021315947 24
1694510380643 3.8181756373867444 25
1694510380944 3.7494837259712943 26
1694510381214 3.6863368343351826 27
1694510381534 3.6274246843686373 28
1694510381805 3.5726002267334653 29
1694510382096 3.5209494182827195 30
1694510382396 3.4721737713346132 31
1694510382700 3.4261050663711763 32
1694510382998 3.3823381592095565 33
1694510383280 3.3403455503703383 34
1694510383562 3.300373744739118 35
1694510383842 3.26228845556542 36
1694510384136 3.2253576602797254 37
1694510384435 3.1897409530315186 38
1694510384700 3.155532652209165 39
1694510384961 3.1224824187179716 40
1694510385252 3.0904280149124443 41
1694510385544 3.059381528055985 42
1694510385843 3.029321215124657 43
1694510386134 3.0000695089365923 44
1694510386401 2.971822684973908 45
1694510386673 2.944179671859722 46
1694510386972 2.9173785089472797 47
1694510387260 2.8912365693147364 48
1694510387564 2.8654038535199007 49
