1694510373701 -176.3617762609456 0
1694510374003 -126.35490804070079 1
1694510374250 -91.31970734785384 2
1694510374542 -66.67728272935663 3
1694510374790 -49.31382851975369 4
1694510375095 -37.041963330110335 5
1694510375380 -28.329994849813083 6
1694510375680 -22.120518595667225 7
1694510375924 -17.664889486959783 8
1694510376220 -14.45301985060484 9
1694510376489 -12.115900336052524 10
1694510376752 -10.398040896502957 11
1694510377047 -9.122567643221903 12
1694510377364 -8.164012265618076 13
1694510377665 -7.435124672938933 14
1694510377948 -6.868579760822503 15
1694510378247 -6.424496198248255 16
1694510378538 -6.067753730893488 17
1694510378822 -5.7769036343633235 18
1694510379114 -5.53538229665423 19
1694510379394 -5.3294239167573005 20
1694510379656 -5.154153876029119 21
1694510379940 -5.000930249755132 22
1694510380165 -4.864602126048412 23
1694510380473 -4.742226372440664 24
1694510380785 -4.6305733680379255 25
1694510381057 -4.529275029839903 26
1694510381358 -4.436153801251264 27
1694510381649 -4.349277446112578 28
1694510381915 -4.268429114240397 29
1694510382223 -4.192260887809764 30
1694510382525 -4.12033259409125 31
1694510382813 -4.0523961637376535 32
1694510383108 -3.9878541401982988 33
1694510383413 -3.9259286324585965 34
1694510383671 -3.8669831554470733 35
1694510383975 -3.8108196796667357 36
1694510384247 -3.756358708736018 37
1694510384529 -3.703835592375081 38
1694510384802 -3.6533894196819876 39
1694510385092 -3.604651021510678 40
1694510385384 -3.557381149839908 41
1694510385696 -3.511597629471326 42
1694510385969 -3.4672683964814404 43
1694510386244 -3.4241315967440364 44
1694510386521 -3.3824766730735254 45
1694510386786 -3.3417121749899374 46
1694510387097 -3.302189133501325 47
1694510387364 -3.2636382330025206 48
1694510387666 -3.2255433375885305 49
