1694510373523 119.65721649530212 0
1694510373780 91.3782399800343 1
1694510374072 64.32190209707831 2
1694510374331 51.94883866490449 3
1694510374617 35.64430318261235 4
1694510374890 24.964662362522933 5
1694510375173 20.15697704477716 6
1694510375460 12.943547685676476 7
1694510375753 18.274938453511027 8
1694510376006 9.085349825208242 9
1694510376305 9.042330778351667 10
1694510376570 11.34685275806172 11
1694510376843 9.47908984669964 12
1694510377137 7.606954226500003 13
1694510377463 4.495893549177013 14
1694510377751 7.399227590761813 15
1694510378038 2.552830696456928 16
1694510378323 4.494797933347689 17
1694510378632 3.735021759962725 18
1694510378905 4.60734046173344 19
1694510379197 9.904460389410065 20
1694510379478 2.561307616689024 21
1694510379745 1.1911668338325614 22
1694510380008 4.9365187786702736 23
1694510380240 4.379256738173416 24
1694510380556 5.726501395134503 25
1694510380865 3.7022739335088115 26
1694510381129 2.5910831420390985 27
1694510381449 4.905341953554431 28
1694510381723 2.4448047791590586 29
1694510381994 2.643078800668263 30
1694510382305 3.759633004144693 31
1694510382609 2.6945541862886184 32
1694510382915 3.4214129334675523 33
1694510383192 1.6803870417231799 34
1694510383484 1.5694887750144813 35
1694510383752 1.9448105062892422 36
1694510384048 2.3838618437945436 37
1694510384330 4.2257644406958175 38
1694510384615 2.2365109279048743 39
1694510384880 2.9912241321667183 40
1694510385168 3.2498941721654773 41
1694510385461 2.100648992058583 42
1694510385767 2.966622716211275 43
1694510386047 2.971685232579252 44
1694510386325 3.1639467355610353 45
1694510386595 1.9465070630828052 46
1694510386881 2.9657448056736047 47
1694510387180 2.6628006089506546 48
1694510387470 3.7372902646468495 49
