1694493648557 0.4060347978764665 0
1694493648955 0.227858564257647 1
1694493649447 0.24161841668705575 2
1694493649866 0.2397099563367516 3
1694493650268 0.2531285619348876 4
1694493650766 0.8074817145377943 5
1694493651249 0.23554550029887758 6
1694493651690 0.23141822761341074 7
1694493652167 0.24271514702604532 8
1694493652603 0.2571831406695874 9
1694493653076 0.2548168751244502 10
1694493653501 0.22553985717145042 11
1694493653913 0.23187369545791894 12
1694493654367 0.23645019842826806 13
1694493654840 0.245521201736298 14
1694493655299 0.2402118584870281 15
1694493655745 0.23404990073844045 16
1694493656163 0.2618148251487672 17
1694493656607 0.23005799158474444 18
1694493657073 0.2858348448576756 19
1694493657487 0.24395279564509817 20
1694493657949 0.25745145231873023 21
1694493658423 0.2410702976383562 22
1694493658891 0.2577994184000739 23
1694493659291 0.22352233450816006 24
1694493659692 0.22067629519973087 25
1694493660184 0.22154230139449058 26
1694493660578 0.2308012418843218 27
1694493661010 0.22684088303578873 28
1694493661450 0.2528696056964097 29
1694493661922 0.2508054196902182 30
1694493662380 0.2165191134067692 31
1694493662821 0.24966423035408356 32
1694493663356 0.23211092926038693 33
1694493663857 0.2357103332227044 34
1694493664297 0.21388461412168744 35
1694493664727 0.22108919532638607 36
1694493665155 0.2386371387637346 37
1694493665594 0.21777110816906006 38
1694493666031 0.2178955480846492 39
1694493666408 0.22471405122624316 40
1694493666819 0.24336009150008708 41
1694493667282 0.26510138115417753 42
1694493667713 0.2165929928965752 43
1694493668120 0.2266830220160666 44
1694493668561 0.6654309893739015 45
1694493669038 0.27763773696749183 46
1694493669476 0.21102006012111565 47
1694493669893 0.24567939757884755 48
1694493670326 0.2430383103310072 49
