1694493648377 0.004038095236741045 0
1694493648839 0.3233736910951059 1
1694493649333 0.001072482361794949 2
1694493649707 0.006175258473604228 3
1694493650138 0.00327658864618144 4
1694493650607 0.02569346495787881 5
1694493651129 0.022505956836695165 6
1694493651557 0.026485338586757567 7
1694493652023 0.03753321023271897 8
1694493652442 0.4054715812015022 9
1694493652938 0.026267541916574166 10
1694493653366 0.0017465753909640086 11
1694493653774 0.05934838275173964 12
1694493654227 0.1621001166166681 13
1694493654670 0.24848565930470906 14
1694493655179 0.7028580928423289 15
1694493655618 0.04005364299298386 16
1694493656059 0.00032269329973524924 17
1694493656469 0.24522194328716126 18
1694493656926 1.089298963832726 19
1694493657382 0.001189258585015287 20
1694493657803 0.30117779278328016 21
1694493658291 0.3090423955600491 22
1694493658778 0.002072462369724833 23
1694493659182 0.25408650273568345 24
1694493659569 0.004462928017783215 25
1694493660011 0.008344500259765304 26
1694493660475 0.00012990521036481507 27
1694493660879 0.9405393260399544 28
1694493661295 0.1467357036259852 29
1694493661762 0.008400798470142376 30
1694493662267 1.2725847916592703 31
1694493662699 0.002286875014337018 32
1694493663196 0.06371316423946453 33
1694493663720 0.5367648631088057 34
1694493664191 2.9002499418538664e-05 35
1694493664604 0.02468503215160805 36
1694493665014 0.0009844334838793615 37
1694493665464 0.0005785472578246335 38
1694493665911 0.004555687055532847 39
1694493666304 0.111297326364223 40
1694493666700 0.15905027889694948 41
1694493667182 0.0857355913330091 42
1694493667580 0.6939905040359654 43
1694493668001 0.6422129134182799 44
1694493668441 1.4198612341762298 45
1694493668887 0.39202830174962 46
1694493669352 0.2750643255649923 47
1694493669760 0.0026300383619333617 48
1694493670208 0.12948216416203537 49
