1694513179524 161.637845270725 0
1694513179920 155.243131400181 1
1694513180289 149.1126302937986 2
1694513180695 143.23532531537785 3
1694513181106 137.60066151240454 4
1694513181538 132.19852619939894 5
1694513181881 127.0192303600591 6
1694513182252 122.05349083359724 7
1694513182616 117.29241325213096 8
1694513182948 112.72747569739536 9
1694513183259 108.35051304638404 10
1694513183631 104.15370197681412 11
1694513184018 100.12954660454217 12
1694513184391 96.2708647262366 13
1694513184718 92.57077464174323 14
1694513185080 89.02268253166076 15
1694513185458 85.62027036668006 16
1694513185842 82.3574843262327 17
1694513186211 79.22852370494363 18
1694513186582 76.22783028629378 19
1694513186934 73.35007816376807 20
1694513187273 70.59016399059988 21
1694513187619 67.94319764002115 22
1694513187993 65.40449325869263 23
1694513188362 62.96956069672134 24
1694513188710 60.634097298374165 25
1694513189061 58.39398003826814 26
1694513189420 56.24525798846174 27
1694513189765 54.184145102487356 28
1694513190121 52.20701330295561 29
1694513190502 50.31038585992699 30
1694513190834 48.490931047787775 31
1694513191206 46.74545606888522 32
1694513191498 45.07090123267351 33
1694513191849 43.46433437959734 34
1694513192232 41.92294553939507 35
1694513192586 40.44404181393931 36
1694513192942 39.025042475150606 37
1694513193267 37.66347426891936 38
1694513193628 36.35696691635408 39
1694513194023 35.10324880404113 40
1694513194436 33.90014285535164 41
1694513194797 32.74556257516836 42
1694513195121 31.637508260726655 43
1694513195454 30.574063371572755 44
1694513195804 29.553391051937577 45
1694513196135 28.57373079910741 46
1694513196462 27.633395271643746 47
1694513196778 26.730767231564013 48
1694513197121 25.86429661484339 49
