1694513179664 -237.36351003257775 0
1694513180053 -227.93337662982233 1
1694513180459 -218.8928715455803 2
1694513180851 -210.22574880683118 3
1694513181242 -201.91644327457362 4
1694513181660 -193.95004201054877 5
1694513182012 -186.31225685142078 6
1694513182370 -178.98939813938784 7
1694513182744 -171.96834956035647 8
1694513183058 -165.236544042881 9
1694513183386 -158.78194067305057 10
1694513183762 -152.59300258240253 11
1694513184150 -146.65867576775943 12
1694513184507 -140.96836880362298 13
1694513184839 -135.5119334094281 14
1694513185219 -130.27964583555183 15
1694513185610 -125.2621890335016 16
1694513185979 -120.4506355771701 17
1694513186336 -115.83643130344328 18
1694513186717 -111.41137964179151 19
1694513187072 -107.16762660375738 20
1694513187399 -103.09764640448422 21
1694513187742 -99.19422768960767 22
1694513188125 -95.45046034196072 23
1694513188476 -91.85972284362306 24
1694513188839 -88.41567016988039 25
1694513189190 -85.11222219265012 26
1694513189570 -81.94355257187901 27
1694513189912 -78.90407811432628 28
1694513190249 -75.98844858001715 29
1694513190636 -73.19153691748403 30
1694513190978 -70.5084299097113 31
1694513191307 -67.93441921346374 32
1694513191638 -65.46499277541072 33
1694513191988 -63.09582660915902 34
1694513192368 -60.822776917978814 35
1694513192737 -58.64187254864955 36
1694513193057 -56.54930776246923 37
1694513193380 -54.541435310058965 38
1694513193799 -52.614759797160175 39
1694513194190 -50.76593132916242 40
1694513194572 -48.991739422617364 41
1694513194900 -47.28910717249093 42
1694513195243 -45.65508566438003 43
1694513195573 -44.08684862137585 44
1694513195921 -42.58168727569069 45
1694513196254 -41.137005455582965 46
1694513196579 -39.750314878514445 47
1694513196880 -38.419230641856416 48
1694513197303 -37.141466902827986 49
