1694494807264 4.783894734187553 0
1694494807678 4.695680782037633 1
1694494808129 4.512221079492239 2
1694494808518 4.624195377878865 3
1694494808942 4.408118804182606 4
1694494809393 4.294531492713087 5
1694494809850 4.395086090200247 6
1694494810395 4.410711698327726 7
1694494810809 4.23465949724942 8
1694494811222 4.484914601583796 9
1694494811635 4.467650901534031 10
1694494812010 4.486938906541607 11
1694494812441 4.242722401361712 12
1694494812896 4.553046353490266 13
1694494813355 4.394393666221636 14
1694494813802 4.230433494989245 15
1694494814407 4.531293357680735 16
1694494814920 4.433469685089555 17
1694494815382 4.6749356976101035 18
1694494815811 4.421488430135296 19
