1694494807410 -5.76916207809116 0
1694494807838 -5.644340238809365 1
1694494808267 -5.384746637709973 2
1694494808677 -5.543189123691709 3
1694494809091 -5.237442983799483 4
1694494809539 -5.076718100817214 5
1694494810042 -5.219001826925038 6
1694494810522 -5.241111902472427 7
1694494810955 -4.991999840121385 8
1694494811368 -5.346108250994831 9
1694494811761 -5.321680292145889 10
1694494812187 -5.348972621788148 11
1694494812600 -5.003408766903609 12
1694494813062 -5.44251398250546 13
1694494813504 -5.218022054083365 14
1694494813982 -4.986020090183103 15
1694494814630 -5.4117337161115415 16
1694494815103 -5.273314220776163 17
1694494815506 -5.6149861567034005 18
1694494816037 -5.256360867663119 19
