1694494807110 0.01799665596625155 0
1694494807552 0.5619463582669032 1
1694494807988 0.09688164581105349 2
1694494808399 0.7125047680112995 3
1694494808824 3.0602419042142563 4
1694494809250 13.967012551334953 5
1694494809689 5.248811627467396 6
1694494810266 0.5706904079483629 7
1694494810678 0.5580188031900339 8
1694494811100 0.4584019290101228 9
1694494811507 1.0347789652855137 10
1694494811888 20.420965851331925 11
1694494812335 1.9089886000171938 12
1694494812758 0.5161365748480511 13
1694494813224 21.333195194748583 14
1694494813654 23.444365333766275 15
1694494814252 0.19050082107059627 16
1694494814791 0.1660370193059969 17
1694494815263 5.280083325343448 18
1694494815651 1.930915761060632 19
