1694492430162 0.366683784171755 0
1694492430601 0.32031915187982646 1
1694492431045 0.3237138068040901 2
1694492431462 0.30754590687007655 3
1694492431925 0.3261266655842837 4
1694492432337 0.3514039816893986 5
1694492432797 0.33015316562762714 6
1694492433252 0.33290756693540596 7
1694492433717 0.3546285356772068 8
1694492434153 0.2993055569296295 9
1694492434560 0.37871672831707237 10
1694492434980 0.3327144111018533 11
1694492435412 0.31188877942381465 12
1694492435801 0.32245039289511634 13
1694492436186 0.3269832175031937 14
1694492436636 0.3162500551202362 15
1694492437045 0.3275490489174412 16
1694492437492 0.33973098975948623 17
1694492437938 0.3346858035151354 18
1694492438427 0.343909246093564 19
1694492438841 0.3212398784983611 20
1694492439273 0.33210526417503805 21
1694492439635 0.329284273346779 22
1694492440026 0.3312624519139335 23
1694492440349 0.30518429081750803 24
1694492440698 0.3030996009781023 25
1694492441077 0.2957233976802664 26
1694492441462 0.35105919327585106 27
1694492441827 0.3124374689063969 28
1694492442170 0.3072427323988385 29
1694492442592 0.33036653213130746 30
1694492442941 0.31250291087978727 31
1694492443314 0.33526716747213564 32
1694492443770 0.32232568627957037 33
1694492444184 0.32121454903311314 34
1694492444551 0.32109298489863763 35
1694492444970 0.3184906680470828 36
1694492445314 0.3061761799878039 37
1694492445714 0.34554982843653115 38
1694492446153 0.3361236288339864 39
1694492446519 0.3101092301057554 40
1694492446955 0.31063055304517934 41
1694492447331 0.3054459706202941 42
1694492447696 0.30153224882821206 43
1694492448058 0.3309790752403654 44
1694492448428 0.3207507644080559 45
1694492448812 0.30351048707766853 46
1694492449213 0.33770066908407925 47
1694492449590 0.348025345744207 48
1694492450002 0.30184207442126043 49
