1694492430301 0.48114619898969224 0
1694492430759 0.5467516790668923 1
1694492431192 0.5419482770987607 2
1694492431645 0.5648256900011757 3
1694492432042 0.5385341066242404 4
1694492432501 0.5027669630891045 5
1694492432963 0.5328366502805524 6
1694492433420 0.528939200625731 7
1694492433869 0.49820425220480336 8
1694492434293 0.5764857008137981 9
1694492434710 0.4641197062004222 10
1694492435127 0.5292125141529505 11
1694492435555 0.5586805697938557 12
1694492435937 0.5437359948469044 13
1694492436331 0.5373220944271564 14
1694492436775 0.5525094093280244 15
1694492437187 0.5365214487681822 16
1694492437676 0.519284127178261 17
1694492438145 0.5264230140684983 18
1694492438533 0.5133719372366513 19
1694492439009 0.5454488603267695 20
1694492439398 0.5300744508188047 21
1694492439791 0.5340661239634557 22
1694492440135 0.5312670215407413 23
1694492440476 0.5681673525406572 24
1694492440833 0.5711171673232946 25
1694492441220 0.5815544194825399 26
1694492441585 0.5032548351648156 27
1694492441940 0.5579041797927129 28
1694492442339 0.5652546787745037 29
1694492442722 0.5325347388619909 30
1694492443069 0.5578115800702684 31
1694492443447 0.5256003900205293 32
1694492443932 0.5439124534313311 33
1694492444313 0.545484701260808 34
1694492444714 0.5456567132666883 35
1694492445095 0.5493389649727795 36
1694492445438 0.5667638395182546 37
1694492445860 0.5110505300153269 38
1694492446275 0.524388505960757 39
1694492446647 0.5611986138623871 40
1694492447085 0.5604609472396731 41
1694492447454 0.5677970782984247 42
1694492447814 0.5733349545710429 43
1694492448181 0.5316679966330284 44
1694492448566 0.5461409517576894 45
1694492448952 0.5705357676984821 46
1694492449315 0.5221570101503951 47
1694492449699 0.5075476983658291 48
1694492450117 0.572896554528438 49
