1694492430062 1.770017495438715 0
1694492430473 0.08017412738445039 1
1694492430906 0.2350974869708347 2
1694492431337 0.250471148863289 3
1694492431799 0.010817653010561245 4
1694492432213 0.5604651926106009 5
1694492432664 0.2655170933794266 6
1694492433134 0.8751212268484316 7
1694492433595 0.3457685372082268 8
1694492434001 0.2859050505346355 9
1694492434419 2.2158777161446688 10
1694492434839 0.22405185931347027 11
1694492435270 0.26778175792916786 12
1694492435684 1.5868939941390805 13
1694492436076 0.434518859203476 14
1694492436466 0.006310717334863388 15
1694492436903 0.6412815475512122 16
1694492437319 0.3095754745182354 17
1694492437841 0.044846178368370265 18
1694492438319 1.8984905920844082 19
1694492438675 0.4440856391085677 20
1694492439148 0.00016115009726415546 21
1694492439510 0.0364401872316385 22
1694492439918 0.18806531851356753 23
1694492440259 0.051115216581848595 24
1694492440599 1.0403690861537642 25
1694492440952 0.9625960944517433 26
1694492441361 0.2834917034504825 27
1694492441710 0.06029387930422792 28
1694492442077 0.02840064938664263 29
1694492442482 0.4574648162741011 30
1694492442839 0.2285116277071715 31
1694492443205 0.1275213203877429 32
1694492443627 0.04821836195452916 33
1694492444071 0.06057104153638829 34
1694492444452 0.1026591168952629 35
1694492444860 0.3685646869904302 36
1694492445214 0.012929711727340783 37
1694492445572 0.04806404772640289 38
1694492446002 0.1260149362072456 39
1694492446411 0.7027332772375778 40
1694492446783 0.002006853878388037 41
1694492447223 0.00027925090234084537 42
1694492447580 0.31837437462422125 43
1694492447951 0.6046769049146041 44
1694492448315 0.11141529303504762 45
1694492448699 0.13417171877088233 46
1694492449098 0.16378305329480222 47
1694492449490 0.04842669385382455 48
1694492449865 0.007496270872411063 49
