1694492180977 2.509517657117202 0
1694492181373 0.31380723654453957 1
1694492181836 0.3050979967883265 2
1694492182199 0.3212678755633457 3
1694492182611 0.2969680777698296 4
1694492183072 0.3024242711420664 5
1694492183467 0.4987853385275709 6
1694492183859 0.31367575124955177 7
1694492184261 0.32111189900696896 8
1694492184666 0.305324564975398 9
1694492185100 1.8231060893210187 10
1694492185469 0.30413717362123593 11
1694492185873 0.31554830963663605 12
1694492186257 0.35132507062577045 13
1694492186665 0.338164830975346 14
1694492187055 0.3324960379848016 15
1694492187404 0.3049799101698864 16
1694492187806 0.3454001636268658 17
1694492188217 0.3338830214879333 18
1694492188577 0.31531435248904 19
1694492189000 0.30823090902694544 20
1694492189478 0.30904823999635006 21
1694492189981 0.2971198275919512 22
1694492190390 0.3219828253078211 23
1694492190746 0.3006226261584715 24
1694492191152 0.33684547207823573 25
1694492191586 0.3117742713649184 26
1694492191968 0.32905574313985664 27
1694492192362 4.015941626270673 28
1694492192764 0.3026014225002722 29
1694492193230 0.324272940574503 30
1694492193594 0.3042933579464053 31
1694492194100 0.32567556448869134 32
1694492194598 0.32240589295147914 33
1694492195054 0.31385241015288984 34
1694492195425 0.3148801356891566 35
1694492195856 0.32567670291545536 36
1694492196253 0.2986573118296656 37
1694492196668 0.34597938675755474 38
1694492197055 0.30725266054622785 39
1694492197441 0.3211392743710754 40
1694492197866 0.3179828058864996 41
1694492198262 0.30578304243049387 42
1694492198634 0.33112226273565165 43
1694492199009 0.34066947400509157 44
1694492199395 0.2944815311917921 45
1694492199797 0.3086007254407675 46
1694492200168 0.33656187871075005 47
1694492200556 0.31802478688415375 48
1694492200947 0.2980271503933175 49
