1694492181115 -2.516030199548047 0
1694492181535 0.5603315571826684 1
1694492181941 0.5725338821637671 2
1694492182342 0.5498786193347702 3
1694492182771 0.5839245335536251 4
1694492183221 0.5762799805786936 5
1694492183602 0.30116279182935024 6
1694492184005 0.5605157783483026 7
1694492184393 0.5500971546700714 8
1694492184807 0.5722164424415396 9
1694492185222 -1.5543139929113758 10
1694492185596 0.5738800704491274 11
1694492186002 0.5578921778246191 12
1694492186397 0.5077661419614914 13
1694492186796 0.5262046653617757 14
1694492187179 0.534147087003326 15
1694492187552 0.572699330737289 16
1694492187963 0.5160673993280538 17
1694492188346 0.5322038148093826 18
1694492188728 0.5582199700575268 19
1694492189200 0.568144427476219 20
1694492189644 0.5669992829647619 21
1694492190125 0.5837119202030705 22
1694492190515 0.5488769189141316 23
1694492190877 0.5788042258866388 24
1694492191341 0.5280531902020476 25
1694492191729 0.5631799001484591 26
1694492192091 0.5389672087250721 27
1694492192487 -4.62664781319382 28
1694492192901 0.5760317776925428 29
1694492193369 0.5456682885961646 30
1694492193740 0.5736612440135237 31
1694492194291 0.5437031029650103 32
1694492194767 0.5482841681090775 33
1694492195177 0.5602682654298761 34
1694492195584 0.558828341701062 35
1694492195985 0.5437015079402171 36
1694492196410 0.5815577847277524 37
1694492196793 0.51525586249188 38
1694492197176 0.5695150299866696 39
1694492197567 0.5500587996472849 40
1694492198020 0.5544812584748666 41
1694492198384 0.5715740797255981 42
1694492198761 0.5360718534020417 43
1694492199122 0.5226954648958227 44
1694492199528 0.5874083794776286 45
1694492199931 0.5676262858024199 46
1694492200297 0.5284505266549884 47
1694492200664 0.5544224398189626 48
1694492201089 0.582440690107799 49
