1694492180811 1.1192858003575428 0
1694492181253 0.009461077012960003 1
1694492181704 0.021100165286260745 2
1694492182079 0.04651443506449947 3
1694492182497 0.1907342923032593 4
1694492182948 0.00024583290315904487 5
1694492183354 0.08350775571120635 6
1694492183736 0.2425181278969077 7
1694492184142 0.13809685849993975 8
1694492184529 0.06830643151536665 9
1694492184948 1.7193819125569263 10
1694492185358 0.04332055635769242 11
1694492185745 0.10720645965680593 12
1694492186155 0.014119740280273456 13
1694492186530 0.02376143859229646 14
1694492186942 0.12520151302783816 15
1694492187307 0.036820846186229834 16
1694492187701 0.09767194988236755 17
1694492188093 0.03128402766451078 18
1694492188483 0.8773185122944609 19
1694492188889 0.4410809736440565 20
1694492189386 0.016108335374827382 21
1694492189814 0.13291767864266513 22
1694492190276 0.037438488129703 23
1694492190639 0.1745750200644742 24
1694492191038 0.23664132946934102 25
1694492191470 0.0005861141165121036 26
1694492191848 0.7791649124874863 27
1694492192232 0.6314242923915404 28
1694492192626 0.005005751372494421 29
1694492193074 0.07223890259106629 30
1694492193488 0.09130374362253312 31
1694492193926 0.20745153181956832 32
1694492194462 0.23041878790910114 33
1694492194910 0.2748504829360221 34
1694492195317 0.014300059325914431 35
1694492195745 0.4092187013766081 36
1694492196123 0.8993527474000034 37
1694492196551 0.14473328998639376 38
1694492196942 0.06906665021410519 39
1694492197325 0.13665003134471274 40
1694492197712 1.3782917817122806 41
1694492198154 0.2384569699293282 42
1694492198518 0.21834078173589935 43
1694492198899 1.4400111310214383 44
1694492199254 0.1591360796577296 45
1694492199653 0.04995440740186123 46
1694492200053 0.336134654141307 47
1694492200430 0.2879447528580455 48
1694492200823 0.17298460879875127 49
