1694494590207 168.67506569693498 0
1694494590602 168.0103557227798 1
1694494591045 167.34839639385672 2
1694494591531 166.68917633844416 3
1694494591952 166.03268409114207 4
1694494592522 165.37890823479106 5
1694494592911 164.72783740026568 6
1694494593359 164.07946026627175 7
1694494593792 163.43376555914472 8
1694494594173 162.79074205264862 9
1694494594572 162.15037856777602 10
1694494595007 161.5126639725487 11
1694494595487 160.87758718181948 12
1694494595973 160.2451371570743 13
1694494596419 159.61530290623583 14
1694494596813 158.98807348346736 15
1694494597270 158.3634379889779 16
1694494597725 157.74138556882775 17
1694494598248 157.1219054147352 18
1694494598654 156.50498676388398 19
1694494599039 155.89061889873122 20
1694494599422 155.27879114681681 21
1694494599889 154.6694928805729 22
1694494600268 154.06271351713477 23
1694494600688 153.45844251815217 24
1694494601075 152.85666938960154 25
1694494601492 152.25738368159892 26
1694494601862 151.66057498821408 27
1694494602318 151.0662329472848 28
1694494602735 150.47434724023228 29
1694494603155 149.88490759187752 30
1694494603572 149.29790377025807 31
1694494603977 148.71332558644582 32
1694494604334 148.13116289436536 33
1694494604766 147.55140559061343 34
1694494605194 146.97404361427874 35
1694494605691 146.39906694676284 36
1694494606107 145.82646561160163 37
1694494606554 145.25622967428768 38
1694494606910 144.68834924209324 39
1694494607297 144.12281446389386 40
1694494607689 143.55961552999324 41
1694494608099 142.99874267194824 42
1694494608566 142.440186162395 43
1694494609056 141.88393631487565 44
1694494609481 141.32998348366576 45
1694494609936 140.77831806360257 46
1694494610396 140.22893048991395 47
1694494610882 139.68181123804794 48
1694494611299 139.13695082350333 49
