1694494590342 -237.67349130313522 0
1694494590737 -236.73293349407123 1
1694494591202 -235.79626781985345 2
1694494591687 -234.86347818961218 3
1694494592139 -233.9345483799238 4
1694494592672 -233.00946223562457 5
1694494593040 -232.08820366951844 6
1694494593527 -231.17075666208999 7
1694494593931 -230.25710526121927 8
1694494594322 -229.34723358189737 9
1694494594710 -228.4411258059431 10
1694494595147 -227.53876618172131 11
1694494595625 -226.64013902386225 12
1694494596146 -225.74522871298143 13
1694494596565 -224.85401969540195 14
1694494596944 -223.96649648287703 15
1694494597401 -223.0826436523139 16
1694494597870 -222.202445845499 17
1694494598378 -221.32588776882434 18
1694494598800 -220.4529541930151 19
1694494599165 -219.58362995285788 20
1694494599557 -218.71789994693077 21
1694494600004 -217.8557491373341 22
1694494600413 -216.99716254942265 23
1694494600801 -216.14212527153867 24
1694494601214 -215.29062245474623 25
1694494601641 -214.44263931256654 26
1694494602010 -213.59816112071476 27
1694494602464 -212.75717321683751 28
1694494602868 -211.91966100025138 29
1694494603294 -211.0856099316833 30
1694494603731 -210.25500553301111 31
1694494604101 -209.42783338700582 32
1694494604476 -208.60407913707462 33
1694494604903 -207.7837284870053 34
1694494605352 -206.9667672007114 35
1694494605832 -206.15318110197862 36
1694494606283 -205.34295607421245 37
1694494606667 -204.53607806018653 38
1694494607037 -203.73253306179234 39
1694494607430 -202.93230713978966 40
1694494607820 -202.13538641355865 41
1694494608263 -201.34175706085227 42
1694494608725 -200.5514053175502 43
1694494609212 -199.76431747741373 44
1694494609644 -198.9804798918415 45
1694494610074 -198.19987896962655 46
1694494610548 -197.42250117671423 47
1694494611025 -196.64833303596106 48
1694494611439 -195.8773611268948 49
