1694494590067 169.47704091448495 0
1694494590453 168.8007566405041 1
1694494590872 168.13404414422877 2
1694494591371 167.47009350708296 3
1694494591808 166.8088933126778 4
1694494592370 166.15043205080835 5
1694494592773 165.49469825965895 6
1694494593160 164.84168052559633 7
1694494593634 164.19136748296646 8
1694494594022 163.54374781389245 9
1694494594426 162.89881024807323 10
1694494594852 162.2565435625829 11
1694494595305 161.61693658167124 12
1694494595818 160.9799781765648 13
1694494596260 160.34565726526907 14
1694494596687 159.71396281237116 15
1694494597114 159.0848838288437 16
1694494597521 158.4584093718492 17
1694494598076 157.83452854454558 18
1694494598487 157.2132304958921 19
1694494598898 156.5945044204567 20
1694494599282 155.9783395582235 21
1694494599709 155.3647251944016 22
1694494600100 154.75365065923432 23
1694494600523 154.14510532780983 24
1694494600945 153.53907861987162 25
1694494601334 152.9355599996309 26
1694494601738 152.33453897557877 27
1694494602114 151.7360051002999 28
1694494602571 151.13994797028673 29
1694494602976 150.54635722575426 30
1694494603412 149.95522255045606 31
1694494603848 149.36653367150066 32
1694494604208 148.78028035916898 33
1694494604615 148.1964524267323 34
1694494605052 147.61503973027126 35
1694494605542 147.0360321684953 36
1694494605952 146.45941968256332 37
1694494606413 145.88519225590454 38
1694494606766 145.31333991404054 39
1694494607155 144.743852724408 40
1694494607531 144.17672079618188 41
1694494607938 143.6119342800997 42
1694494608382 143.04948336828645 43
1694494608862 142.48935829408018 44
1694494609336 141.93154933185832 45
1694494609792 141.37604679686476 46
1694494610243 140.82284104503788 47
1694494610677 140.27192247283884 48
1694494611153 139.72328151708095 49
