1694493483103 2.9821449187690936 0
1694493483512 2.1697676926606846 1
1694493483985 1.6333150181390879 2
1694493484345 1.2451455780608933 3
1694493484779 0.9651352275172903 4
1694493485170 0.7612077091073499 5
1694493485562 0.6103211216661529 6
1694493486015 0.500098259210979 7
1694493486380 0.44072814444657293 8
1694493486844 0.36250921959482274 9
1694493487221 0.33399842468746826 10
1694493487658 0.31603313827606 11
1694493488045 0.2660403622912157 12
1694493488440 0.24666958579590814 13
1694493488811 0.23304682904534132 14
1694493489178 0.2258648105412447 15
1694493489581 0.2552112360650383 16
1694493490002 0.2133186333910383 17
1694493490417 0.2181559127596019 18
1694493490791 0.20793312744166886 19
1694493491171 0.20818245367579302 20
1694493491557 0.20902459572633186 21
1694493492073 0.20585533286545607 22
1694493492414 0.2019965146661802 23
1694493492823 0.2034254659550812 24
1694493493260 0.20060560692597854 25
1694493493659 0.20499340163252583 26
1694493494042 0.20014702309181664 27
1694493494486 0.20611295393971293 28
1694493494894 0.20147184577148614 29
1694493495284 0.2001891841599981 30
1694493495717 0.20791712726641456 31
1694493496118 0.20041984022810366 32
1694493496516 0.19972079523218883 33
1694493496923 0.216973540553696 34
1694493497309 0.22417448255969866 35
1694493497706 0.19922195237952217 36
1694493498156 0.21455364762307344 37
1694493498553 0.20876181752290748 38
1694493499007 0.19881782645589305 39
1694493499415 0.20237845056801787 40
1694493499800 0.2167497205900675 41
1694493500219 0.21341648096813262 42
1694493500576 0.20134863231963557 43
1694493500993 0.2007214884300415 44
1694493501348 0.20084734492524564 45
1694493501724 0.2007664717952667 46
1694493502075 0.23219432914632945 47
1694493502473 0.19904633640388136 48
1694493502857 0.1994453099397803 49
