1694493483228 -3.1782178993973877 0
1694493483677 -2.040013969123612 1
1694493484118 -1.2884018818777307 2
1694493484484 -0.744546185152164 3
1694493484906 -0.3522298187360329 4
1694493485309 -0.06651144125631081 5
1694493485732 0.14489245010320673 6
1694493486144 0.2993232874292191 7
1694493486532 0.38250545427720306 8
1694493486980 0.4920962759137646 9
1694493487392 0.5320421259152883 10
1694493487821 0.5572128950417362 11
1694493488171 0.6272566780067363 12
1694493488554 0.6543966484919155 13
1694493488944 0.6734831944662971 14
1694493489320 0.6835457632163114 15
1694493489738 0.6424291294688618 16
1694493490152 0.7011239371031928 17
1694493490551 0.6943465309768466 18
1694493490915 0.708669451478884 19
1694493491307 0.708320125955617 20
1694493491789 0.7071402191820558 21
1694493492185 0.7115806039299146 22
1694493492541 0.7169871095525151 23
1694493492964 0.71498503721355 24
1694493493400 0.7189358799090274 25
1694493493786 0.7127882368932936 26
1694493494182 0.7195783916703473 27
1694493494622 0.7112196566878984 28
1694493495026 0.7177222116440569 29
1694493495423 0.7195193207215733 30
1694493495841 0.7086918689738287 31
1694493496242 0.7191961535588047 32
1694493496646 0.7201755701847483 33
1694493497082 0.6960031267657947 34
1694493497447 0.6859140447119213 35
1694493497867 0.7208744879747189 36
1694493498306 0.699393585724954 37
1694493498679 0.7075083919647429 38
1694493499132 0.721440699950901 39
1694493499535 0.7164519875296259 40
1694493499945 0.6963167160123767 41
1694493500336 0.7009868450070122 42
1694493500715 0.7178948433115283 43
1694493501110 0.7187735208729398 44
1694493501485 0.7185971860953414 45
1694493501848 0.7187104956656214 46
1694493502193 0.6746776133943874 47
1694493502599 0.7211205396700018 48
1694493502999 0.7205615465913667 49
