1694493482982 0.4703650327991791 0
1694493483379 0.19752913154137414 1
1694493483843 0.0842828691447941 2
1694493484239 0.5598668043908807 3
1694493484608 0.19601640329787284 4
1694493485045 0.004608108953077999 5
1694493485449 0.07480522746794058 6
1694493485882 0.14952374829872705 7
1694493486283 0.05842256073775537 8
1694493486674 0.04102651376617434 9
1694493487119 0.02218369201182473 10
1694493487531 0.14050700511326042 11
1694493487954 0.0022526180461021404 12
1694493488300 0.8200781159929869 13
1694493488700 0.23644806763459827 14
1694493489081 0.005411394137859889 15
1694493489462 0.189339927936366 16
1694493489874 0.04146546729516717 17
1694493490288 0.7883981480818499 18
1694493490675 0.0001893487828450697 19
1694493491055 0.05359556364286693 20
1694493491445 0.2304071031285685 21
1694493491929 0.003163393742299461 22
1694493492318 0.002085539125263989 23
1694493492690 0.20982166372627647 24
1694493493129 0.02514641586410449 25
1694493493540 0.24846920255454516 26
1694493493922 0.008136457909146645 27
1694493494336 0.11548000608350012 28
1694493494761 0.5887028405420609 29
1694493495159 8.508091809416004e-07 30
1694493495594 0.6410659033576764 31
1694493495978 0.554485696591958 32
1694493496387 0.0031485990840129452 33
1694493496806 0.0001853940495933901 34
1694493497217 0.043014105734164275 35
1694493497589 0.443813780858086 36
1694493498006 0.032594769972100604 37
1694493498456 0.0008711931588144369 38
1694493498864 0.011912273532872811 39
1694493499302 0.3454949070391256 40
1694493499667 0.12254297718755003 41
1694493500084 0.03742246538289323 42
1694493500471 0.0013435325608208953 43
1694493500883 0.1027331927147579 44
1694493501253 0.11908329130362505 45
1694493501601 0.016431624617598457 46
1694493501978 0.20624968565951243 47
1694493502328 0.4361796964734627 48
1694493502740 2.522319131470698e-07 49
