1694491809847 168.02646685215834 0
1694491810207 167.36101565535913 1
1694491810635 166.69844512361377 2
1694491811025 166.0387425649833 3
1694491811423 165.38189519075215 4
1694491811828 164.72789027014153 5
1694491812172 164.0767151300412 6
1694491812591 163.42835715474587 7
1694491812980 162.78280378569295 8
1694491813345 162.1400425212011 9
1694491813705 161.50006091621069 10
1694491814065 160.86284658202467 11
1694491814408 160.22838718605126 12
1694491814768 159.59667045154748 13
1694491815180 158.96768415736398 14
1694491815559 158.3414161376909 15
1694491816004 157.7178542818052 16
1694491816364 157.09698653381867 17
1694491816741 156.4788008924277 18
1694491817166 155.8632854106637 19
1694491817572 155.25042819564487 20
1694491817954 154.6402174083292 21
1694491818352 154.03264126326832 22
1694491818772 153.42768802836267 23
1694491819166 152.8253460246181 24
1694491819550 152.2256036259028 25
1694491819879 151.6284492587062 26
1694491820248 151.03387140189827 27
1694491820564 150.44185858649055 28
1694491820908 149.85239939539773 29
1694491821259 149.2654824632008 30
1694491821631 148.68109647591095 31
1694491822003 148.09923017073447 32
1694491822376 147.51987233583927 33
1694491822721 146.9430118101219 34
1694491823099 146.36863748297594 35
1694491823490 145.79673829406138 36
1694491823941 145.22730323307508 37
1694491824324 144.66032133952214 38
1694491824669 144.0957817024886 39
1694491825051 143.53367346041492 40
1694491825417 142.97398580087068 41
1694491825794 142.4167079603302 42
1694491826238 141.8618292239492 43
1694491826639 141.30933892534262 44
1694491827039 140.75922644636324 45
1694491827467 140.21148121688148 46
1694491827867 139.6660927145662 47
1694491828275 139.1230504646665 48
1694491828632 138.58234403979426 49
