1694491809966 -246.78465928057588 0
1694491810321 -245.80333412891494 1
1694491810753 -244.826257025923 2
1694491811163 -243.85340925509774 3
1694491811543 -242.88477195722243 4
1694491811938 -241.92032635851857 5
1694491812297 -240.96005377025006 6
1694491812736 -240.0039355883344 7
1694491813106 -239.0519532929562 8
1694491813457 -238.10408844818147 9
1694491813815 -237.16032270157493 10
1694491814180 -236.22063778381786 11
1694491814516 -235.28501550832868 12
1694491814915 -234.35343777088457 13
1694491815310 -233.42588654924555 14
1694491815732 -232.5023439027793 15
1694491816131 -231.5827919720888 16
1694491816486 -230.6672129786407 17
1694491816874 -229.75558922439618 18
1694491817310 -228.84790309144307 19
1694491817722 -227.9441370416296 20
1694491818078 -227.04427361620046 21
1694491818493 -226.14829543543334 22
1694491818922 -225.25618519827847 23
1694491819316 -224.36792568199914 24
1694491819656 -223.48349974181355 25
1694491820014 -222.60289031053918 26
1694491820356 -221.7260803982379 27
1694491820688 -220.8530530918636 28
1694491821023 -219.98379155491028 29
1694491821392 -219.1182790270633 30
1694491821752 -218.25649882385062 31
1694491822120 -217.39843433629662 32
1694491822498 -216.54406903057753 33
1694491822838 -215.69338644767794 34
1694491823259 -214.84637020304908 35
1694491823644 -214.003003986269 36
1694491824073 -213.16327156070383 37
1694491824434 -212.32715676317088 38
1694491824807 -211.49464350360319 39
1694491825167 -210.66571576471557 40
1694491825540 -209.8403576016725 41
1694491825962 -209.01855314175708 42
1694491826396 -208.20028658404163 43
1694491826780 -207.38554219906024 44
1694491827162 -206.57430432848219 45
1694491827592 -205.7665573847872 46
1694491828017 -204.96228585094224 47
1694491828407 -204.16147428007974 48
1694491828760 -203.3641072951769 49
