1694491809688 169.35337134490706 0
1694491810088 168.68262012654688 1
1694491810442 168.02147541184684 2
1694491810893 167.36317932942904 3
1694491811285 166.7077193505665 4
1694491811689 166.05508285021705 5
1694491812041 165.40525726052942 6
1694491812405 164.75823007057815 7
1694491812859 164.11398882610322 8
1694491813207 163.47252112925085 9
1694491813576 162.83381463831557 10
1694491813932 162.19785706748343 11
1694491814286 161.56463618657634 12
1694491814628 160.93413982079772 13
1694491815032 160.30635585047918 14
1694491815428 159.6812722108284 15
1694491815859 159.05887689167827 16
1694491816237 158.43915793723704 17
1694491816608 157.82210344583967 18
1694491816991 157.2077015697005 19
1694491817419 156.59594051466667 20
1694491817828 155.986808539973 21
1694491818184 155.38029395799794 22
1694491818639 154.77638513402056 23
1694491819024 154.17507048597872 24
1694491819422 153.57633848422827 25
1694491819760 152.98017765130342 26
1694491820129 152.38657656167837 27
1694491820448 151.79552384152964 28
1694491820783 151.20700816849987 29
1694491821131 150.62101827146253 30
1694491821526 150.03754293028783 31
1694491821865 149.45657097560934 32
1694491822236 148.8780912885924 33
1694491822598 148.30209280070275 34
1694491822962 147.72856449347697 35
1694491823355 147.15749539829335 36
1694491823784 146.58887459614422 37
1694491824171 146.02269121740937 38
1694491824541 145.45893444163005 39
1694491824918 144.89759349728456 40
1694491825285 144.33865766156455 41
1694491825645 143.78211626015232 42
1694491826092 143.22795866699934 43
1694491826525 142.67617430410576 44
1694491826878 142.12675264130064 45
1694491827306 141.5796831960237 46
1694491827709 141.0349555331076 47
1694491828134 140.49255926456135 48
1694491828525 139.95248404935512 49
