1694508022711 12.811869431205723 0
1694508023015 6.2059734411969965 1
1694508023332 5.238085892319758 2
1694508023649 4.90970683796307 3
1694508023913 4.727281779407418 4
1694508024208 4.649860754001491 5
1694508024561 4.512424527548495 6
1694508024878 4.492412304041598 7
1694508025147 4.482212868825878 8
1694508025449 4.438481593206992 9
1694508025755 4.4110258157603806 10
1694508026068 4.394963551573441 11
1694508026361 4.340731708568638 12
1694508026706 4.345779356493411 13
1694508027032 4.344981392609489 14
1694508027324 4.324886518378464 15
1694508027614 4.335778659316351 16
1694508027957 4.327363253043685 17
1694508028243 4.312377816467091 18
1694508028546 4.289019514022309 19
1694508028898 4.336421368709534 20
1694508029244 4.329360297881396 21
1694508029545 4.334599522899362 22
1694508029881 4.296431709460244 23
1694508030176 4.299052181680714 24
1694508030529 4.296647562138215 25
1694508030863 4.335994999233359 26
1694508031218 4.305374287207814 27
1694508031523 4.314629753649989 28
1694508031827 4.292361367291726 29
1694508032131 4.307478441624478 30
1694508032468 4.28987965111041 31
1694508032802 4.312788552735427 32
1694508033123 4.329833528826761 33
1694508033454 4.3216446945581755 34
1694508033759 4.27509008191275 35
1694508034080 4.291177654669358 36
1694508034402 4.303909225402286 37
1694508034765 4.305879562913664 38
1694508035106 4.2992536943151665 39
1694508035496 4.297362249500608 40
1694508035833 4.299083145548446 41
1694508036162 4.307175168536873 42
1694508036536 4.317952705463119 43
1694508036893 4.304194902768843 44
1694508037219 4.289930083734156 45
1694508037561 4.311332005390488 46
1694508037898 4.2917638895866395 47
1694508038239 4.340167685131415 48
1694508038534 4.296238789320509 49
