1694508022608 10.78871031221371 0
1694508022918 4.811736260816277 1
1694508023235 4.3194729213955325 2
1694508023563 4.626944378978886 3
1694508023838 5.371634213357569 4
1694508024121 3.8437148564101986 5
1694508024457 5.171373830077126 6
1694508024792 4.038207429306002 7
1694508025061 1.9298027707444063 8
1694508025361 3.944867467039414 9
1694508025657 6.257311618368051 10
1694508025976 4.94523798163803 11
1694508026274 3.3088081150850206 12
1694508026604 4.942024160116533 13
1694508026930 6.3503317712806435 14
1694508027244 3.77317272120463 15
1694508027529 3.7314230470385885 16
1694508027865 5.745600936876741 17
1694508028154 4.196692587459639 18
1694508028451 4.8879542886560055 19
1694508028799 3.0628233228903428 20
1694508029147 4.369008633829181 21
1694508029458 3.4366282133668067 22
1694508029785 6.348443356069642 23
1694508030090 4.123546130579962 24
1694508030427 5.3451492944864105 25
1694508030765 6.2365160551738485 26
1694508031112 4.448683232649624 27
1694508031430 5.714360479109344 28
1694508031728 6.444490277774684 29
1694508032037 6.021153087921734 30
1694508032355 3.8485729481072237 31
1694508032700 4.8394643104102775 32
1694508033019 4.680181700846165 33
1694508033357 2.9778725970608138 34
1694508033668 5.537858616232126 35
1694508033975 4.331946422649745 36
1694508034303 3.839270900029266 37
1694508034644 7.465977389212828 38
1694508035001 3.7616696349950165 39
1694508035390 6.716070329682072 40
1694508035735 4.910870731464213 41
1694508036058 5.111802485327841 42
1694508036406 2.3954911391937563 43
1694508036781 5.273607922057888 44
1694508037126 4.642965197905458 45
1694508037460 2.364531285886929 46
1694508037802 2.7721820262847268 47
1694508038140 4.044911661391818 48
1694508038443 4.499525854672154 49
