1694511646982 10.805381448578837 0
1694511647305 0.31197538554317766 1
1694511647650 0.2039867559286743 2
1694511647987 0.2035789750824769 3
1694511648303 0.19878707946466925 4
1694511648611 0.21605984769739894 5
1694511648926 0.31783314277493663 6
1694511649246 0.22080813041000347 7
1694511649592 0.439359452780827 8
1694511649932 0.21463473745205963 9
1694511650244 0.2008237769214371 10
1694511650581 0.2027869381786987 11
1694511650904 0.21548494132900606 12
1694511651248 0.19985543350511895 13
1694511651569 0.20891844720076258 14
1694511651896 0.20618601416640936 15
1694511652257 0.21415075478963386 16
1694511652596 0.20582948094082165 17
1694511652983 0.20518726408900506 18
1694511653317 0.20187540069487228 19
1694511653661 0.2079927947280849 20
1694511654055 0.27618357341160493 21
1694511654388 0.21239633372089892 22
1694511654710 0.21442063425470578 23
1694511655042 0.1990328050975844 24
1694511655416 0.2053380458796728 25
1694511655759 0.38222705852454436 26
1694511656114 0.20406091191413192 27
1694511656464 0.22430096097947763 28
1694511656799 0.3090438165545945 29
1694511657137 0.2167667051469786 30
1694511657490 0.2244224640860799 31
1694511657833 0.9243489871809702 32
1694511658180 0.2089981812132487 33
1694511658552 0.19899501565959415 34
1694511658897 0.2482764791050206 35
1694511659241 1.6498311565891361 36
1694511659564 0.1978885632090983 37
1694511659893 0.20779045631678317 38
1694511660246 0.2030498254561742 39
1694511660628 0.211762696894317 40
1694511660960 0.23206800550751489 41
1694511661325 0.20200451817128998 42
1694511661688 0.20536910335421935 43
1694511662024 0.22412365469470358 44
1694511662387 0.21402304931461455 45
1694511662731 0.20601936160458678 46
1694511663060 0.2198656087288574 47
1694511663378 0.20393686300753763 48
1694511663696 0.20236932604278446 49
