1694511646899 0.3215715952201153 0
1694511647213 0.003029852584661301 1
1694511647554 0.0388278177291449 2
1694511647895 0.01525169296199597 3
1694511648222 0.24792635623113354 4
1694511648532 0.2360810377008263 5
1694511648849 0.21906124186530984 6
1694511649152 0.03844989856225405 7
1694511649463 0.13290658328509908 8
1694511649840 0.01271707179181534 9
1694511650155 0.13352857082269423 10
1694511650490 0.016552392430648644 11
1694511650821 0.22871973712566787 12
1694511651159 0.03809490660743909 13
1694511651478 6.434164969116452e-06 14
1694511651808 0.23424269924281135 15
1694511652129 0.044663225000262735 16
1694511652504 0.03774201381201676 17
1694511652894 0.017315845025539935 18
1694511653224 0.2910817517527088 19
1694511653573 0.17289689819282314 20
1694511653964 0.024879100635353472 21
1694511654302 0.01733994769013074 22
1694511654626 0.0022483815612518413 23
1694511654948 0.12758383869672543 24
1694511655322 5.294620392699403e-05 25
1694511655668 0.37492174646296905 26
1694511656003 0.007203062825368389 27
1694511656371 0.06554542995402486 28
1694511656708 0.2093544589712087 29
1694511657037 0.12739747413328453 30
1694511657403 1.6189037675856848 31
1694511657749 0.03162729605104674 32
1694511658069 1.1087842659413314 33
1694511658452 0.09007721950526451 34
1694511658802 1.3461499827601997 35
1694511659141 0.03372695955362336 36
1694511659481 0.4035237566167782 37
1694511659808 0.07264716145862163 38
1694511660147 0.35666671512389875 39
1694511660533 0.28904883922258207 40
1694511660869 8.568808810516722e-06 41
1694511661229 0.027461608988193203 42
1694511661588 0.23715385581206042 43
1694511661929 0.0370920079114528 44
1694511662291 0.3701530458794103 45
1694511662634 0.03367683957913943 46
1694511662974 0.0011757627652536195 47
1694511663297 0.17105670755008387 48
1694511663607 0.041793720852131296 49
