1694492567085 40.443658538750086 0
1694492567465 13.325444323552802 1
1694492567881 6.861064153313378 2
1694492568261 4.942665915988414 3
1694492568691 4.151901325250882 4
1694492569078 3.716834800147532 5
1694492569451 3.4317900968384794 6
1694492569872 3.2182251721834323 7
1694492570286 3.049432646269395 8
1694492570686 2.90518636871514 9
1694492571104 2.780961829820946 10
1694492571479 2.6712549991610963 11
1694492571843 2.5700980406229634 12
1694492572202 2.478234127214546 13
1694492572674 2.3918440105056065 14
1694492573035 2.312975680700604 15
1694492573391 2.238152305285251 16
1694492573832 2.1674527107441666 17
1694492574235 2.099189388584498 18
1694492574712 2.036407356349811 19
1694492575127 1.9752641052031539 20
1694492575529 1.9188392294864332 21
1694492575963 1.864293322660716 22
1694492576346 1.8121488371815848 23
1694492576808 1.7613768181485723 24
1694492577195 1.7140055044966935 25
1694492577589 1.6675316474182955 26
1694492578016 1.6228301007461037 27
1694492578401 1.5797952580935761 28
1694492578859 1.5375854912156472 29
1694492579238 1.4974132831426905 30
1694492579646 1.4586572305165977 31
1694492580027 1.4214951880227833 32
1694492580424 1.3857864366407093 33
1694492580823 1.3497533657331546 34
1694492581222 1.315262837632926 35
1694492581637 1.2832129951090707 36
1694492582026 1.2505626159147274 37
1694492582515 1.2205248758537441 38
1694492582935 1.1903714785979387 39
1694492583279 1.161110197683915 40
1694492583726 1.1334023851989066 41
1694492584099 1.1061435432263564 42
1694492584488 1.0800887949257494 43
1694492584869 1.0545344064541766 44
1694492585203 1.0298665829436133 45
1694492585610 1.0051093249047245 46
1694492586034 0.982274937057353 47
1694492586393 0.9593864653974009 48
1694492586790 0.936908507276862 49
