1694492567226 -56.227362827052055 0
1694492567579 -17.855367310674684 1
1694492567995 -8.708335543015885 2
1694492568390 -5.993821675063381 3
1694492568828 -4.874897873905193 4
1694492569192 -4.259283194482978 5
1694492569601 -3.855947857187336 6
1694492570034 -3.5537556749776957 7
1694492570418 -3.3149159786697524 8
1694492570826 -3.1108089725209433 9
1694492571230 -2.9350325216217277 10
1694492571607 -2.7797984792622352 11
1694492571966 -2.636662418433409 12
1694492572381 -2.506675921334008 13
1694492572811 -2.3844347905313388 14
1694492573160 -2.272836911200268 15
1694492573511 -2.1669626009239984 16
1694492573996 -2.066923398371351 17
1694492574407 -1.9703314962992784 18
1694492574856 -1.88149556336132 19
1694492575254 -1.7949784888873874 20
1694492575656 -1.715137867346726 21
1694492576069 -1.6379559675525939 22
1694492576531 -1.5641720543815079 23
1694492576955 -1.492330167182299 24
1694492577312 -1.4253002432857573 25
1694492577753 -1.3595402112537927 26
1694492578142 -1.2962879803041893 27
1694492578523 -1.2353941184810395 28
1694492578983 -1.1756677304329823 29
1694492579372 -1.1188244672363 30
1694492579779 -1.0639850495003227 31
1694492580151 -1.0114011397842861 32
1694492580571 -0.9608736221146124 33
1694492580955 -0.9098871956363106 34
1694492581366 -0.8610834514399921 35
1694492581776 -0.8157332523499361 36
1694492582153 -0.7695333000185893 37
1694492582659 -0.7270302053164233 38
1694492583050 -0.6843634568675194 39
1694492583445 -0.6429590439100048 40
1694492583833 -0.6037527728773222 41
1694492584227 -0.5651817905238397 42
1694492584635 -0.5283145883903395 43
1694492584990 -0.49215539029294275 44
1694492585335 -0.45725067253996987 45
1694492585760 -0.4222194058449211 46
1694492586148 -0.38990898078722935 47
1694492586515 -0.35752202768837016 48
1694492586960 -0.32571594704552065 49
