1694492566979 48.68389735393891 0
1694492567361 20.177955199596425 1
1694492567743 8.694823288953513 2
1694492568133 4.905493505852962 3
1694492568549 34.51005761956193 4
1694492568963 0.16585162386971805 5
1694492569325 2.3403721254950476 6
1694492569750 0.19938544472822792 7
1694492570167 2.0394569548093266 8
1694492570560 0.0021837516689321604 9
1694492570961 1.1041697617199762 10
1694492571368 1.6375159751746522 11
1694492571740 1.5620116298274034 12
1694492572111 0.13302039618435146 13
1694492572552 0.49271730757735727 14
1694492572944 0.7447578359589676 15
1694492573286 0.5600931849861818 16
1694492573690 0.004359871490898999 17
1694492574125 1.4647611882650984 18
1694492574563 0.1697905602386374 19
1694492575016 1.985907103981051 20
1694492575401 0.5960138531111067 21
1694492575827 2.151544921484388 22
1694492576227 2.7317853253467526 23
1694492576706 0.7592971314344228 24
1694492577088 0.010173012656030055 25
1694492577462 1.4645248373532957 26
1694492577895 0.2651738578215199 27
1694492578295 0.00011507316404309771 28
1694492578680 0.0031024186988526468 29
1694492579124 0.39923435693493353 30
1694492579506 0.2633239983754901 31
1694492579906 0.33018601092184136 32
1694492580292 0.0878725269245745 33
1694492580716 0.12633161662978717 34
1694492581109 7.8953328587027 35
1694492581522 0.1774458751254476 36
1694492581909 0.16482746796253542 37
1694492582351 0.6515788287924471 38
1694492582826 10.162361965356585 39
1694492583177 1.3869983064594866 40
1694492583615 0.025858254513751015 41
1694492583957 0.19756168844410693 42
1694492584351 0.0002391324274608312 43
1694492584759 0.08191622052449989 44
1694492585110 9.027111210056198e-05 45
1694492585483 0.07505338492308782 46
1694492585894 0.2626005974524262 47
1694492586285 0.00025130363352705105 48
1694492586647 0.24555156721884783 49
