1694510426928 163.0477093805454 0
1694510427215 157.59429076066945 1
1694510427516 152.33171524296722 2
1694510427792 147.25354747289472 3
1694510428081 142.35390516533326 4
1694510428369 137.62626798491195 5
1694510428639 133.06396874422688 6
1694510428906 128.66069931737462 7
1694510429202 124.41440032773268 8
1694510429491 120.3154174313438 9
1694510429739 116.35961442720692 10
1694510430010 112.54327258268482 11
1694510430305 108.8590629770316 12
1694510430587 105.30450676155475 13
1694510430858 101.87290318047152 14
1694510431118 98.56265626017012 15
1694510431434 95.36734642309534 16
1694510431692 92.2839573631068 17
1694510431958 89.3077229095543 18
1694510432205 86.4347696834894 19
1694510432478 83.66251220976244 20
1694510432768 80.98591329269586 21
1694510433024 78.40287594324379 22
1694510433273 75.90955704237493 23
1694510433530 73.50337939198802 24
1694510433783 71.18055444998119 25
1694510434070 68.93846346384616 26
1694510434337 66.77385542026762 27
1694510434623 64.68456173608527 28
1694510434939 62.66747848309106 29
1694510435186 60.7198151069348 30
1694510435451 58.83996104410879 31
1694510435757 57.02503088742716 32
1694510436033 55.272580537033825 33
1694510436311 53.58097480597552 34
1694510436596 51.947511222508474 35
1694510436861 50.37047973944728 36
1694510437154 48.847501986397866 37
1694510437419 47.376892507530435 38
1694510437700 45.95706765343987 39
1694510437980 44.58587984571168 40
1694510438265 43.26204941658225 41
1694510438545 41.983205275694914 42
1694510438861 40.74834325207723 43
1694510439191 39.555546263977554 44
1694510439516 38.403728121925546 45
1694510439811 37.29113161889672 46
1694510440097 36.216507205695564 47
1694510440397 35.17866179854999 48
1694510440693 34.1759544467025 49
