1694510427043 -239.44260331251405 0
1694510427329 -231.40057576795311 1
1694510427633 -223.63998003549935 2
1694510427919 -216.1513260499094 3
1694510428214 -208.92593934434933 4
1694510428496 -201.954204534359 5
1694510428750 -195.22628967625604 6
1694510429047 -188.73289232586623 7
1694510429329 -182.47097556915878 8
1694510429593 -176.42630237328493 9
1694510429859 -170.59277318038957 10
1694510430146 -164.96490406334655 11
1694510430437 -159.53188723595449 12
1694510430692 -154.29006719863534 13
1694510430958 -149.22956250521187 14
1694510431252 -144.34801961112032 15
1694510431553 -139.63597171706994 16
1694510431793 -135.0889707476872 17
1694510432057 -130.6999881437651 18
1694510432311 -126.46331192491752 19
1694510432609 -122.37512935205018 20
1694510432868 -118.42801219175392 21
1694510433122 -114.61886806384618 22
1694510433367 -110.94202961152547 23
1694510433639 -107.39369630166513 24
1694510433918 -103.96828126077156 25
1694510434172 -100.66192267641631 26
1694510434443 -97.46982635610252 27
1694510434759 -94.3887943414992 28
1694510435036 -91.4142493430408 29
1694510435284 -88.54207619618315 30
1694510435584 -85.76989984098792 31
1694510435885 -83.09346523567606 32
1694510436141 -80.50916812395732 33
1694510436419 -78.01459713428014 34
1694510436702 -75.60576699543816 35
1694510436995 -73.28015594126488 36
1694510437257 -71.03425664515407 37
1694510437514 -68.86558360523013 38
1694510437805 -66.7718014511456 39
1694510438093 -64.7497431997717 40
1694510438365 -62.797521755302995 41
1694510438679 -60.91164052683236 42
1694510439003 -59.09061868716079 43
1694510439308 -57.33162916114031 44
1694510439633 -55.633070170831594 45
1694510439920 -53.99235040456807 46
1694510440237 -52.40762718168482 47
1694510440522 -50.87714108974226 48
1694510440799 -49.398472257442954 49
