1694510426851 161.86501308637875 0
1694510427118 156.65775747543154 1
1694510427411 152.80103494915372 2
1694510427710 143.23178034215255 3
1694510427997 148.84478427947408 4
1694510428286 130.2536289328912 5
1694510428568 134.65802182889695 6
1694510428826 131.8344869249116 7
1694510429124 126.29734948773037 8
1694510429407 120.71498092283926 9
1694510429670 126.94366328365135 10
1694510429930 115.48306956277314 11
1694510430225 108.44466787092084 12
1694510430508 100.40928653631057 13
1694510430769 97.97295422460894 14
1694510431036 92.27076078000832 15
1694510431332 104.02179670444659 16
1694510431622 94.33252868769331 17
1694510431876 87.09453243020056 18
1694510432130 89.21285897114215 19
1694510432390 80.74224871105946 20
1694510432687 76.34959141332057 21
1694510432948 76.47993582094115 22
1694510433198 75.95102088837972 23
1694510433454 71.65580974757226 24
1694510433711 73.56057224879365 25
1694510433989 64.94362826449442 26
1694510434256 67.34485406651011 27
1694510434533 60.830977739050745 28
1694510434844 59.72383734588541 29
1694510435120 60.86857782306061 30
1694510435367 61.889423720913065 31
1694510435671 62.51505501602104 32
1694510435961 61.865119220590245 33
1694510436219 50.62254859854997 34
1694510436507 48.56723631598503 35
1694510436780 50.29521277473268 36
1694510437076 53.711086383836594 37
1694510437340 47.933867571812726 38
1694510437606 48.43847429083786 39
1694510437900 41.97969400261351 40
1694510438184 39.083670126557166 41
1694510438452 45.946378966834416 42
1694510438772 40.773602530341364 43
1694510439099 44.09576596545075 44
1694510439407 46.0522498747041 45
1694510439726 37.63546489400007 46
1694510440012 33.970657470045 47
1694510440320 37.414992193481496 48
1694510440605 36.35953487368935 49
