1694491168429 5.1405255516235675 0
1694491168824 4.0551544728465965 1
1694491169194 5.35815321489057 2
1694491169563 4.3525893010966765 3
1694491169927 4.600871990646559 4
1694491170375 4.485287587976415 5
1694491170819 4.4725635119110665 6
1694491171196 5.5130305489133375 7
1694491171598 4.767462553569997 8
1694491171942 4.3544359722735395 9
1694491172356 4.3564106740197985 10
1694491172797 4.798061200984167 11
1694491173218 4.963561485420078 12
1694491173609 4.651827243732607 13
1694491173969 4.797134326666307 14
1694491174363 4.28872484471716 15
1694491174723 4.964655384676258 16
1694491175127 4.626304532837224 17
1694491175508 8.548489744910425 18
1694491175912 5.028826560735177 19
1694491176348 4.325089182583961 20
1694491176766 5.109785315351946 21
1694491177172 4.920305713248265 22
1694491177526 4.959620201718961 23
1694491177920 4.622885089254933 24
1694491178309 4.314338439221392 25
1694491178726 5.405479357748512 26
1694491179139 5.05217594294563 27
1694491179589 4.5375333438881 28
1694491179997 4.568923374137847 29
1694491180463 5.134418914108032 30
1694491180904 4.564385914943184 31
1694491181313 5.216267553058577 32
1694491181714 4.9478335526062 33
1694491182144 5.149756183833772 34
1694491182615 5.0044287956973195 35
1694491183051 4.658477773512936 36
1694491183501 4.980906213777953 37
1694491183988 4.934701722187187 38
1694491184364 4.912533494752769 39
1694491184829 4.8927324126267315 40
1694491185210 5.401095582485409 41
1694491185650 5.213951936567022 42
1694491186023 4.717321978414858 43
1694491186438 4.7714386730172835 44
1694491186869 4.780713073602873 45
1694491187300 4.202877441668617 46
1694491187687 4.9219721868629405 47
1694491188136 4.095520803533941 48
1694491188593 4.145536977598869 49
