1694491168540 -6.202277708545616 0
1694491168952 -4.681588073279327 1
1694491169327 -6.507191058779963 2
1694491169667 -5.098317493595904 3
1694491170122 -5.446180929426525 4
1694491170543 -5.284238155590139 5
1694491170924 -5.266410731431464 6
1694491171326 -6.724186297727631 7
1694491171706 -5.6795873167206405 8
1694491172065 -5.1009048241166 9
1694491172495 -5.103671535462606 10
1694491172943 -5.722458411119367 11
1694491173354 -5.95433723311535 12
1694491173751 -5.51757321796773 13
1694491174086 -5.721159787822759 14
1694491174499 -5.008838403193311 15
1694491174873 -5.955869871393102 16
1694491175283 -5.481813906998949 17
1694491175639 -10.977101662699356 18
1694491176060 -6.045778700017508 19
1694491176508 -5.059787680144449 20
1694491176898 -6.159208237101281 21
1694491177287 -5.893732518568103 22
1694491177634 -5.948815186885146 23
1694491178048 -5.4770229995244035 24
1694491178452 -5.044725049194961 25
1694491178877 -6.573498680503494 26
1694491179310 -6.078493007788928 27
1694491179729 -5.3574385393621835 28
1694491180197 -5.40141842291065 29
1694491180609 -6.193721832534375 30
1694491181061 -5.395061088260143 31
1694491181461 -6.308398167058599 32
1694491181884 -5.932301171088361 33
1694491182335 -6.2152105450689845 34
1694491182784 -6.011595526039316 35
1694491183232 -5.526891129513126 36
1694491183658 -5.9786385519509775 37
1694491184113 -5.913902451239689 38
1694491184506 -5.882843033542904 39
1694491184954 -5.855100171267587 40
1694491185373 -6.567356669041894 41
1694491185755 -6.305153807533259 42
1694491186152 -5.609336455576791 43
1694491186558 -5.685158170551462 44
1694491186992 -5.698152329986506 45
1694491187429 -4.888559487914351 46
1694491187848 -5.896067378232999 47
1694491188282 -4.7381444546776095 48
1694491188738 -4.808221020179905 49
