1694491168261 0.504360482991619 0
1694491168696 24.61132620374592 1
1694491169072 0.5728715825826238 2
1694491169448 5.306112761792866 3
1694491169793 21.651661350723376 4
1694491170250 1.1645212983470261 5
1694491170674 3.9327899985259203 6
1694491171054 0.12090817434352254 7
1694491171468 0.19280616256695926 8
1694491171835 5.097938952353862 9
1694491172217 3.368801919683595 10
1694491172627 4.624058395877029 11
1694491173094 1.5722407706516959 12
1694491173481 0.033121422192658144 13
1694491173873 2.4040826222243545 14
1694491174238 0.19271357492149482 15
1694491174619 0.2357187536160328 16
1694491175009 6.284260078806753 17
1694491175414 0.3762588435729252 18
1694491175783 0.9017410424310928 19
1694491176209 0.0021744719675108504 20
1694491176648 3.520984150110909 21
1694491177050 0.025163352364256097 22
1694491177423 22.735438326153485 23
1694491177780 1.3962071965981127 24
1694491178186 6.819564937313608 25
1694491178604 3.6619325361668342 26
1694491179035 0.6848018879947119 27
1694491179443 2.779786751229896 28
1694491179883 0.3584850127979834 29
1694491180342 7.188565408157236 30
1694491180771 0.1679617662672074 31
1694491181195 0.2541868311653155 32
1694491181595 16.232869358076417 33
1694491182026 0.1352809575072469 34
1694491182493 4.889734995586147 35
1694491182930 25.828438887014002 36
1694491183386 0.016458715295721845 37
1694491183851 0.22530405975771364 38
1694491184239 2.5586249469217313 39
1694491184688 1.1872174993942644 40
1694491185082 1.3153506694025863 41
1694491185529 0.8010001028226954 42
1694491185909 0.0025053085822812344 43
1694491186307 0.0045387721878455975 44
1694491186717 0.2787929016060253 45
1694491187184 19.732332559669484 46
1694491187576 0.4043307277101834 47
1694491187988 29.399541241130123 48
1694491188434 7.851255532528738 49
