1694492951764 164.49131512026304 0
1694492952159 159.58371511445617 1
1694492952514 154.83038012118763 2
1694492952881 150.2265138370639 3
1694492953259 145.77123846405604 4
1694492953581 141.45602236681466 5
1694492953961 137.27777026593174 6
1694492954338 133.2320689433495 7
1694492954744 129.31454019882173 8
1694492955121 125.52098350937501 9
1694492955454 121.84676605559994 10
1694492955786 118.28839426454186 11
1694492956144 114.84224750132721 12
1694492956512 111.50490273924206 13
1694492956895 108.27283088272745 14
1694492957252 105.14209049031805 15
1694492957586 102.11031873008358 16
1694492957888 99.17435893657411 17
1694492958301 96.33051390331649 18
1694492958702 93.57542958005757 19
1694492959130 90.90747461330896 20
1694492959495 88.32257300064698 21
1694492959909 85.81847938575261 22
1694492960279 83.39346918925771 23
1694492960684 81.04421520037076 24
1694492961090 78.7683386331577 25
1694492961463 76.56332420021806 26
1694492961907 74.42724684049362 27
1694492962272 72.35746359330288 28
1694492962707 70.352340772268 29
1694492963033 68.41021604516884 30
1694492963355 66.52814149964982 31
1694492963761 64.70412689856282 32
1694492964154 62.937639275888 33
1694492964535 61.2256618834264 34
1694492964946 59.56694988113967 35
1694492965294 57.959037174607396 36
1694492965689 56.401570770475956 37
1694492966030 54.89146885965417 38
1694492966382 53.428323783733596 39
1694492966749 52.01012990842201 40
1694492967084 50.63540091365107 41
1694492967437 49.30333822027011 42
1694492967752 48.01207511329482 43
1694492968115 46.76037189683719 44
1694492968522 45.54756885117457 45
1694492968896 44.371624200235715 46
1694492969278 43.23197982852229 47
1694492969673 42.12692486847288 48
1694492970013 41.055563662608584 49
