1694492951905 -229.4651771968816 0
1694492952282 -222.5892463665957 1
1694492952661 -215.92945286504306 2
1694492953029 -209.47907669663812 3
1694492953393 -203.2368879977974 4
1694492953735 -197.1909332811823 5
1694492954097 -191.3368758186397 6
1694492954488 -185.66853234705349 7
1694492954901 -180.17976866599608 8
1694492955235 -174.86469951477343 9
1694492955592 -169.71683395162776 10
1694492955934 -164.73127720804524 11
1694492956280 -159.90295649184173 12
1694492956642 -155.22707587529547 13
1694492957031 -150.69869081995017 14
1694492957395 -146.31227905853564 15
1694492957707 -142.06453007900993 16
1694492958017 -137.9510211465816 17
1694492958447 -133.96657218627627 18
1694492958840 -130.10648391177992 19
1694492959270 -126.36847066946693 20
1694492959680 -122.74682166165702 21
1694492960055 -119.238390968813 22
1694492960452 -115.840762320572 23
1694492960842 -112.5492740348016 24
1694492961230 -109.36059324665477 25
1694492961692 -106.271195842071 26
1694492962046 -103.27838466018449 27
1694492962419 -100.37845670669832 28
1694492962819 -97.56912305942669 29
1694492963150 -94.84805466112184 30
1694492963507 -92.21112125637852 31
1694492963922 -89.65553436753962 32
1694492964302 -87.18054726759333 33
1694492964662 -84.78193325674263 34
1694492965090 -82.45794821688739 35
1694492965459 -80.20513695717348 36
1694492965800 -78.0230049063481 37
1694492966164 -75.9072342092238 38
1694492966509 -73.85725370453733 39
1694492966854 -71.87025334203031 40
1694492967206 -69.94415067122404 41
1694492967549 -68.07782682036938 42
1694492967898 -66.26866637600621 43
1694492968251 -64.51493242739072 44
1694492968663 -62.8157006556756 45
1694492969076 -61.1681103731479 46
1694492969392 -59.57137961641259 47
1694492969823 -58.023111326418785 48
1694492970165 -56.522050617098934 49
