1694492951632 162.41154763422585 0
1694492952021 163.80869784398502 1
1694492952403 161.90158493346334 2
1694492952782 138.09370652063998 3
1694492953151 142.4513143431066 4
1694492953486 145.89930276406167 5
1694492953865 135.68483850101305 6
1694492954203 126.07273637025564 7
1694492954600 134.6523825005186 8
1694492955000 129.07305235311193 9
1694492955344 123.08575940340205 10
1694492955691 115.031496543437 11
1694492956034 112.18348796641689 12
1694492956399 110.85935551905007 13
1694492956747 108.91422145305502 14
1694492957139 106.0143392605396 15
1694492957488 97.82439738122712 16
1694492957793 96.55338679797329 17
1694492958123 88.52449566146149 18
1694492958564 96.78690530795319 19
1694492958969 89.89989171561483 20
1694492959382 86.31519456400811 21
1694492959787 83.52324669501134 22
1694492960149 86.75651561737646 23
1694492960554 85.29268517916431 24
1694492960984 77.99278012957663 25
1694492961344 72.061056263932 26
1694492961805 78.54684980965746 27
1694492962153 72.24780773284802 28
1694492962557 68.7451004598473 29
1694492962929 69.44110566562607 30
1694492963248 60.65325404372677 31
1694492963656 63.06288294989168 32
1694492964037 60.626985480075376 33
1694492964409 64.06388016847532 34
1694492964780 59.18674799513246 35
1694492965188 56.084809017994495 36
1694492965564 50.1130930058971 37
1694492965891 54.2631640870605 38
1694492966276 55.551354005538066 39
1694492966632 53.02447812667305 40
1694492966951 57.29461450914343 41
1694492967322 49.84825912703725 42
1694492967649 48.59544696289384 43
1694492968007 49.1991565041121 44
1694492968354 44.030096261199205 45
1694492968786 42.9860407049372 46
1694492969172 39.02478090774736 47
1694492969507 35.25928656254201 48
1694492969920 37.064692988528186 49
