1694353173715 33.48993932694331 0
1694353173994 81.49085870131836 1
1694353174285 4.928406250703986 2
1694353174603 4.988161645883818 3
1694353174918 0.044123056349344436 4
1694353175197 0.41972058239917803 5
1694353175507 0.496240122459588 6
1694353175799 15.494649113464833 7
1694353176084 2.6025741365552855 8
1694353176390 19.587221561568203 9
1694353176730 3.357221995411909 10
1694353176967 0.01653542066112716 11
1694353177242 1.1317856575489644 12
1694353177479 0.3716085172110982 13
1694353177743 25.70452392016209 14
1694353178004 0.7392306351460912 15
1694353178286 3.739897767253744 16
1694353178553 4.735900130320763 17
1694353178802 3.548894877253166 18
1694353179055 0.5293211920072596 19
1694353179308 0.3589809927373216 20
1694353179546 0.06461802585024787 21
1694353179855 1.7291783172041602 22
1694353180118 0.026109123826585378 23
1694353180425 0.004039027588858426 24
1694353180683 1.3427699561980526 25
1694353180952 4.32190081822749 26
1694353181236 0.6230991859288263 27
1694353181496 2.650412493142489e-05 28
1694353181758 1.6412705539797685 29
1694353182053 14.108362599053454 30
1694353182297 5.4715091986504305 31
1694353182571 3.7429197512583037 32
1694353182861 4.527519408159424 33
1694353183173 0.09053838732288536 34
1694353183472 1.2429534546220544 35
1694353183737 6.079076855808087 36
1694353183997 5.818950128008249 37
1694353184261 0.0009812584061048 38
1694353184510 5.8005306338405 39
1694353184802 0.10314450419993515 40
1694353185047 17.714360125719214 41
1694353185316 20.43125556344001 42
1694353185571 0.8215303878186214 43
1694353185803 1.7813435515018257 44
1694353186057 4.347714292646816 45
1694353186326 4.855525871775041 46
1694353186587 1.6704034794121307 47
1694353186838 4.133845182903497 48
1694353187119 2.4918601137023937 49
1694353187369 28.22773604519582 50
1694353187628 5.867621633426887 51
1694353187907 0.09132497188448621 52
1694353188167 5.764555880505534 53
1694353188420 0.9677126955703873 54
1694353188703 0.14995699193002668 55
1694353188973 7.024667827794539 56
1694353189244 2.7572250039068735 57
1694353189501 6.255328928609896 58
1694353189744 0.3340639853339271 59
1694353189992 0.8536694579488615 60
1694353190232 0.7887421727911872 61
1694353190495 0.898115579606435 62
1694353190775 0.7211331666173707 63
1694353191034 4.655338735136312 64
1694353191304 3.655394660183428 65
1694353191562 0.7695811628760197 66
1694353191804 0.11879059485725413 67
1694353192042 2.756666055424594 68
1694353192293 5.003799104131578 69
1694353192549 0.18694151274352747 70
1694353192803 1.0372111805046729 71
1694353193066 29.001403645847113 72
1694353193314 0.3041065350539419 73
1694353193636 1.873388841348407 74
1694353193872 1.6682953614338656 75
1694353194153 4.988764452506014 76
1694353194411 0.36150618843456367 77
1694353194683 1.108413409872564 78
1694353194940 22.48771214005997 79
1694353195214 0.2118110713203344 80
1694353195465 0.8114442328298782 81
1694353195721 1.0460053466647636 82
1694353195964 1.214266288731902 83
1694353196244 4.690728622321159 84
1694353196522 6.6680892288782045 85
1694353196790 3.340971020120256 86
1694353197094 0.12620200158507802 87
1694353197382 4.014024509149274 88
1694353197659 3.288911315032201 89
1694353197887 0.24458140242991858 90
1694353198138 5.079935341756608 91
1694353198429 0.050118561066820604 92
1694353198702 0.07416165295689574 93
1694353198969 3.1731703489174894 94
1694353199236 1.0875680561426657 95
1694353199511 4.566027517981126 96
1694353199807 20.097384860075312 97
1694353200095 4.177113266746199 98
1694353200377 1.1095147657509423 99
