1694492613544 11.429315610991853 0
1694492613916 4.81794525425223 1
1694492614264 3.714069410530862 2
1694492614670 3.213804130612619 3
1694492615024 2.903168612099705 4
1694492615364 2.667698996781567 5
1694492615673 2.4755009921442257 6
1694492616048 2.311485834263039 7
1694492616408 2.1661516812552932 8
1694492616772 2.0311992444980045 9
1694492617150 1.9074269103224972 10
1694492617491 1.8016717365289634 11
1694492617811 1.6945127583527053 12
1694492618221 1.589476238326945 13
1694492618561 1.5028979108061895 14
1694492618930 1.416608158000683 15
1694492619267 1.3417879988366876 16
1694492619621 1.2680600286943635 17
1694492619996 1.2001591963983496 18
1694492620334 1.1388043474747382 19
1694492620645 1.0753208526623461 20
1694492620940 1.011147726625465 21
1694492621301 0.9618116258835231 22
1694492621695 0.9078921376118062 23
1694492622005 0.8615567913773803 24
1694492622365 0.8277732012765079 25
1694492622725 0.7816849057989912 26
1694492623080 0.7517012744301294 27
1694492623526 0.7194405929145767 28
1694492623925 0.6881932206916407 29
1694492624280 0.6577196184257692 30
1694492624611 0.6237218535735989 31
1694492625035 0.5998783326881311 32
1694492625389 0.57760423942426 33
1694492625704 0.5523672438301572 34
1694492626102 0.5308333484468234 35
1694492626548 0.5108977680358517 36
1694492626913 0.49583230977419457 37
1694492627306 0.48244037040757404 38
1694492627618 0.464833236098396 39
1694492628013 0.45585452430416057 40
1694492628362 0.44002126305281736 41
1694492628747 0.42748292211457506 42
1694492629143 0.4178837106317637 43
1694492629504 0.4077500982505783 44
1694492629928 0.39777161005956496 45
1694492630269 0.38858313199811556 46
1694492630724 0.3825681628069148 47
1694492631072 0.37871746329953593 48
1694492631463 0.37110805106660405 49
