1694492613694 -15.01336365753114 0
1694492614065 -5.75031752244367 1
1694492614403 -4.203701266499692 2
1694492614819 -3.5027905448758077 3
1694492615154 -3.0675659266922723 4
1694492615471 -2.7376546084010904 5
1694492615823 -2.4683701956450315 6
1694492616156 -2.2385721519220176 7
1694492616518 -2.034947654779416 8
1694492616893 -1.8458687527858348 9
1694492617287 -1.6724540475354415 10
1694492617598 -1.5242827908949663 11
1694492617942 -1.374144694694738 12
1694492618361 -1.22698032810078 13
1694492618683 -1.105677330560197 14
1694492619055 -0.9847786487297518 15
1694492619415 -0.8799497632228053 16
1694492619745 -0.7766511198215162 17
1694492620136 -0.6815167515694573 18
1694492620453 -0.5955538171815242 19
1694492620752 -0.5066084836828018 20
1694492621079 -0.416696922987001 21
1694492621469 -0.34757319331542624 22
1694492621830 -0.27202777980942394 23
1694492622150 -0.2071083415242574 24
1694492622515 -0.15977489371729003 25
1694492622864 -0.09520159283412588 26
1694492623198 -0.053192183939932525 27
1694492623680 -0.007992449981102379 28
1694492624044 0.03578755853199611 29
1694492624404 0.07848345491349573 30
1694492624787 0.12611697827139945 31
1694492625168 0.15952361291256145 32
1694492625513 0.19073135690320797 33
1694492625874 0.2260903584241054 34
1694492626253 0.256261027383927 35
1694492626696 0.2841923322590698 36
1694492627067 0.30530021570742427 37
1694492627422 0.3240633685029477 38
1694492627784 0.3487323385669735 39
1694492628157 0.36131221491573584 40
1694492628525 0.38349585030844613 41
1694492628880 0.40106304505045576 42
1694492629288 0.41451228991617406 43
1694492629648 0.4287102721705376 44
1694492630069 0.4426909133212119 45
1694492630455 0.4555646885904615 46
1694492630845 0.4639921301211609 47
1694492631218 0.46938726082244553 48
1694492631610 0.4800486415606602 49
