1694492613443 10.698582705098282 0
1694492613810 5.051506321822048 1
1694492614170 4.5986521464132775 2
1694492614536 3.0429171150154053 3
1694492614919 3.55676454727054 4
1694492615267 2.629356449870708 5
1694492615580 2.140754828190362 6
1694492615920 2.133158147121919 7
1694492616272 1.7758215321693442 8
1694492616625 1.636463340684881 9
1694492617019 1.731101979526369 10
1694492617388 0.47638466865947227 11
1694492617715 1.4909769551188508 12
1694492618094 2.2056313489223345 13
1694492618464 0.989850381908527 14
1694492618811 0.5424574157255229 15
1694492619156 1.7697827066883984 16
1694492619516 0.9201235702272791 17
1694492619836 0.6950930823661954 18
1694492620240 1.3745566348680935 19
1694492620549 0.7546830967926204 20
1694492620843 1.3320934274192595 21
1694492621179 1.1247773814836948 22
1694492621573 0.9089822321971776 23
1694492621917 0.6566233194522428 24
1694492622266 0.6271783758559542 25
1694492622630 1.0407030057238404 26
1694492622972 0.5012947052912391 27
1694492623319 0.5393522101107294 28
1694492623802 0.917085084375176 29
1694492624151 0.4827624463554287 30
1694492624503 0.3700830151508036 31
1694492624891 0.1675718804966842 32
1694492625258 0.49222618019455505 33
1694492625604 0.38869239173102094 34
1694492625987 0.6450029493236376 35
1694492626379 0.36541194736114624 36
1694492626804 0.6183889894454095 37
1694492627195 0.47596889730812003 38
1694492627529 0.5375288777436842 39
1694492627884 0.557624589500652 40
1694492628267 0.3754319935721546 41
1694492628619 0.34043022098999487 42
1694492628991 0.23779820182544545 43
1694492629391 0.43036455361627435 44
1694492629782 0.3081609753456097 45
1694492630163 0.4798534175463439 46
1694492630580 0.31135905556069043 47
1694492630949 0.45137539217865086 48
1694492631347 0.4172337792248529 49
