1694494442235 168.98455732222033 0
1694494442627 168.92394149481535 1
1694494442975 168.8633483557057 2
1694494443324 168.80277803755644 3
1694494443695 168.74223053167185 4
1694494444061 168.68170582936258 5
1694494444508 168.62120392194265 6
1694494444945 168.56072480072933 7
1694494445328 168.5002684570433 8
1694494445745 168.43983488220837 9
1694494446183 168.3794240675519 10
1694494446556 168.3190360044045 11
1694494446964 168.25867068410005 12
1694494447406 168.19832809797578 13
1694494447805 168.1380082373722 14
1694494448227 168.07771109363324 15
1694494448683 168.017436658106 16
1694494449073 167.95718492214098 17
1694494449453 167.896955877092 18
1694494449818 167.83674951431618 19
1694494450207 167.77656582517395 20
1694494450650 167.71640480102892 21
1694494451075 167.6562664332482 22
1694494451455 167.59615071320215 23
1694494451902 167.53605763226437 24
1694494452286 167.47598718181183 25
1694494452684 167.41593935322473 26
1694494453042 167.35591413788666 27
1694494453383 167.2959115271844 28
1694494453785 167.2359315125082 29
1694494454164 167.17597408525137 30
1694494454572 167.1160392368107 31
1694494454982 167.05612695858625 32
1694494455360 166.99623724198128 33
1694494455810 166.9363700784024 34
1694494456132 166.87652545925954 35
1694494456503 166.81670337596586 36
1694494457009 166.75690381993786 37
1694494457357 166.6971267825953 38
1694494457773 166.6373722553612 39
1694494458167 166.5776402296619 40
1694494458513 166.51793069692707 41
1694494458905 166.4582436485895 42
1694494459314 166.3985790760854 43
1694494459760 166.3389369708543 44
1694494460221 166.2793173243388 45
1694494460575 166.219720127985 46
1694494461034 166.16014537324213 47
1694494461498 166.1005930515628 48
1694494461970 166.04106315440276 49
