1694494442372 -238.11141878477412 0
1694494442755 -238.02564800949568 1
1694494443098 -237.93990933792284 2
1694494443486 -237.85420295777533 3
1694494443816 -237.76852885674882 4
1694494444201 -237.682887022548 5
1694494444686 -237.5972774428822 6
1694494445074 -237.51170010546548 7
1694494445497 -237.42615499801673 8
1694494445854 -237.34064210825926 9
1694494446318 -237.25516142392127 10
1694494446688 -237.1697129327357 11
1694494447133 -237.08429662244018 12
1694494447549 -236.99891248077682 13
1694494447937 -236.91356049549262 14
1694494448358 -236.8282406543393 15
1694494448825 -236.74295294507317 16
1694494449208 -236.65769735545518 17
1694494449593 -236.5724738732511 18
1694494449927 -236.48728248623135 19
1694494450357 -236.40212318217104 20
1694494450775 -236.31699594884975 21
1694494451205 -236.23190077405204 22
1694494451601 -236.14683764556705 23
1694494452031 -236.06180655118854 24
1694494452402 -235.9768074787149 25
1694494452816 -235.8918404159494 26
1694494453143 -235.80690535069974 27
1694494453544 -235.72200227077832 28
1694494453909 -235.6371311640025 29
1694494454296 -235.5522920181939 30
1694494454715 -235.46748482117903 31
1694494455113 -235.38270956078904 32
1694494455545 -235.29796622485966 33
1694494455928 -235.21325480123136 34
1694494456251 -235.1285752777492 35
1694494456656 -235.04392764226301 36
1694494457143 -234.9593118826271 37
1694494457486 -234.8747279867006 38
1694494457911 -234.79017594234716 39
1694494458301 -234.7056557374351 40
1694494458653 -234.62116735983747 41
1694494459057 -234.53671079743185 42
1694494459448 -234.45228603810054 43
1694494459932 -234.36789306973048 44
1694494460349 -234.2835318802131 45
1694494460725 -234.19920245744473 46
1694494461172 -234.1149047893261 47
1694494461637 -234.03063886376273 48
1694494462154 -233.94640466866463 49
