1694494442079 169.17813275916612 0
1694494442508 169.1105505899712 1
1694494442846 169.0497528966346 2
1694494443193 168.9889779839189 3
1694494443586 168.92822598473958 4
1694494443925 168.86749689036725 5
1694494444316 168.80679069207886 6
1694494444803 168.7461073811547 7
1694494445183 168.68544694887834 8
1694494445615 168.6248093865367 9
1694494445977 168.5641946854201 10
1694494446425 168.50360283682213 11
1694494446810 168.44303383203967 12
1694494447259 168.382487662373 13
1694494447658 168.3219643191258 14
1694494448048 168.26146379360486 15
1694494448471 168.20098607712055 16
1694494448933 168.1405311609863 17
1694494449306 168.08009903651913 18
1694494449713 168.01968969503912 19
1694494450049 167.95930312786993 20
1694494450500 167.8989393263383 21
1694494450887 167.8385982817745 22
1694494451324 167.77827998551194 23
1694494451768 167.7179844288875 24
1694494452138 167.65771160324118 25
1694494452501 167.59746149991648 26
1694494452914 167.53723411026013 27
1694494453237 167.4770294256222 28
1694494453676 167.416847437356 29
1694494454024 167.35668813681826 30
1694494454401 167.29655151536892 31
1694494454853 167.2364375643712 32
1694494455211 167.17634627519178 33
1694494455685 167.11627763920046 34
1694494456031 167.0562316477705 35
1694494456375 166.99620829227834 36
1694494456800 166.93620756410374 37
1694494457236 166.87622945462985 38
1694494457623 166.816273955243 39
1694494458029 166.75634105733286 40
1694494458387 166.69643075229246 41
1694494458759 166.63654303151796 42
1694494459193 166.57667788640896 43
1694494459591 166.51683530836831 44
1694494460045 166.45701528880215 45
1694494460470 166.3972178191199 46
1694494460843 166.3374428907342 47
1694494461305 166.27769049506114 48
1694494461790 166.21796062351984 49
