1694491612256 120.73502411186759 0
1694491612611 87.41710100084049 1
1694491612976 64.26335278672003 2
1694491613468 48.06965363765632 3
1694491613812 36.65807609682134 4
1694491614234 28.561557028964142 5
1694491614681 22.762591249665522 6
1694491615021 18.571745473855856 7
1694491615418 15.50680656909143 8
1694491615829 13.239721732522057 9
1694491616204 11.545924904654365 10
1694491616570 10.263682350735337 11
1694491616893 9.28304374089095 12
1694491617217 8.517130587873275 13
1694491617573 7.915260453838948 14
1694491617916 7.436649656812827 15
1694491618246 7.053008487097083 16
1694491618584 6.737492843938367 17
1694491618940 6.478178310720568 18
1694491619265 6.264331103642463 19
1694491619656 6.085912166394798 20
1694491619993 5.93153558354268 21
1694491620346 5.799889015177172 22
1694491620721 5.68791893672813 23
1694491621083 5.5892219747524265 24
1694491621431 5.5035964096860175 25
1694491621764 5.429151904100644 26
1694491622117 5.362537210211672 27
1694491622458 5.30239300959761 28
1694491622802 5.248037743278936 29
1694491623154 5.2008437417261275 30
1694491623501 5.159932060616949 31
1694491623830 5.121177577353978 32
1694491624152 5.085208403421049 33
1694491624535 5.0520313577303675 34
1694491624899 5.020937318778663 35
1694491625263 4.992984553751184 36
1694491625712 4.9664066217717755 37
1694491626087 4.941591761538665 38
1694491626416 4.919964534827768 39
1694491626758 4.898312343758564 40
1694491627098 4.87914072870289 41
1694491627426 4.860602048031761 42
1694491627813 4.8424073566188035 43
1694491628165 4.825228604507347 44
1694491628536 4.808848143035311 45
1694491628877 4.793749737910443 46
1694491629201 4.778815275076666 47
1694491629586 4.765648703133785 48
1694491629931 4.752939635263897 49
