1694491612373 -177.0450864274478 0
1694491612744 -127.91193270074234 1
1694491613177 -93.76764745934625 2
1694491613578 -69.8871820700845 3
1694491613945 -53.05879838873504 4
1694491614407 -41.1190530844856 5
1694491614799 -32.567455311097255 6
1694491615161 -26.387314098164882 7
1694491615568 -21.86752113661289 8
1694491615971 -18.52430471176377 9
1694491616347 -16.02650256340939 10
1694491616685 -14.135609775564046 11
1694491617012 -12.68948519549139 12
1694491617365 -11.560011171461715 13
1694491617695 -10.672447510291185 14
1694491618054 -9.966651480112986 15
1694491618389 -9.400904914676614 16
1694491618710 -8.935621453074326 17
1694491619050 -8.553216439961664 18
1694491619425 -8.237861018065102 19
1694491619773 -7.974750828323305 20
1694491620125 -7.74709533035602 21
1694491620503 -7.552959247517322 22
1694491620844 -7.387839619295141 23
1694491621201 -7.242293542219702 24
1694491621566 -7.116023545217653 25
1694491621892 -7.006241992362572 26
1694491622239 -6.908006877754811 27
1694491622579 -6.819313646646344 28
1694491622923 -6.739157220119039 29
1694491623282 -6.669561341482021 30
1694491623618 -6.609229852317562 31
1694491623952 -6.552079531830498 32
1694491624278 -6.499036641180321 33
1694491624665 -6.450111236055693 34
1694491625025 -6.40425759173617 35
1694491625411 -6.363036309827184 36
1694491625865 -6.323842461719345 37
1694491626200 -6.2872485738447255 38
1694491626542 -6.255355413784064 39
1694491626884 -6.2234254393742505 40
1694491627230 -6.195153511781985 41
1694491627571 -6.167814957566898 42
1694491627953 -6.140983676180486 43
1694491628286 -6.115650576469784 44
1694491628646 -6.091494697097052 45
1694491628994 -6.069229435917472 46
1694491629328 -6.047205936559709 47
1694491629706 -6.027789504113796 48
1694491630065 -6.009047742111 49
