1694491612073 119.6444280313857 0
1694491612492 86.70305555137492 1
1694491612843 66.50966142716962 2
1694491613344 46.342459464805714 3
1694491613707 45.22357589879387 4
1694491614084 31.73130095400282 5
1694491614547 23.123991511725198 6
1694491614928 17.989230374697822 7
1694491615294 16.551914386019764 8
1694491615688 18.119831539862677 9
1694491616080 14.826395440953446 10
1694491616463 10.20266728294563 11
1694491616777 8.6286686317785 12
1694491617119 12.66629183896351 13
1694491617471 12.774296862701718 14
1694491617800 10.256472236939643 15
1694491618156 5.517172390874471 16
1694491618487 5.609615454511507 17
1694491618809 9.22067480157567 18
1694491619155 6.196934122756611 19
1694491619541 3.8581349098603015 20
1694491619870 7.482792427136738 21
1694491620238 6.3262433241020934 22
1694491620601 5.391408814597297 23
1694491620961 5.994176616612555 24
1694491621312 4.5138384260751865 25
1694491621666 4.487588135383113 26
1694491622000 7.747146040728823 27
1694491622350 6.661642262135271 28
1694491622688 7.063231833216064 29
1694491623033 4.750420908561083 30
1694491623383 2.4299972763873177 31
1694491623714 3.7352431341673524 32
1694491624045 4.448838101323083 33
1694491624386 2.4206928927128684 34
1694491624766 7.265979078800778 35
1694491625137 4.360864490683947 36
1694491625529 8.401155491112238 37
1694491625965 5.915440566895328 38
1694491626302 6.5461439869732985 39
1694491626640 6.500329630059734 40
1694491626992 4.474761195074169 41
1694491627326 5.839696642969174 42
1694491627679 3.5649295631223614 43
1694491628050 4.151070821931531 44
1694491628417 3.6485702857065534 45
1694491628757 5.998062736821144 46
1694491629103 4.006096048416272 47
1694491629446 4.0683028595694255 48
1694491629802 4.85802812311203 49
