1694508702167 162.99509864976406 0
1694508702574 156.62446435674022 1
1694508702915 150.52980180003004 2
1694508703235 144.69874235087656 3
1694508703581 139.11948144254043 4
1694508703929 133.78075260633608 5
1694508704294 128.67180270901048 6
1694508704650 123.78236833571003 7
1694508705035 119.10265326537352 8
1694508705394 114.62330698786093 9
1694508705755 110.3354042144846 10
1694508706156 106.23042533585588 11
1694508706509 102.30023778310297 12
1694508706857 98.53707825055889 13
1694508707223 94.93353573996457 14
1694508707571 91.48253538809084 15
1694508707888 88.17732304145238 16
1694508708265 85.01145054347471 17
1694508708605 81.97876170108628 18
1694508708934 79.07337889924037 19
1694508709352 76.2896903333364 20
1694508709686 73.62233783090463 21
1694508710029 71.06620523524846 22
1694508710384 68.61640732500757 23
1694508710719 66.2682792448133 24
1694508711065 64.01736642336223 25
1694508711485 61.85941495633205 26
1694508711869 59.79036243261302 27
1694508712235 57.80632918332742 28
1694508712621 55.90360993406272 29
1694508712973 54.078665841652686 30
1694508713327 52.32811689770724 31
1694508713713 50.648734681918356 32
1694508714095 49.03743544895633 33
1694508714486 47.49127353352276 34
1694508714917 46.007435058842205 35
1694508715282 44.5832319345575 36
1694508715660 43.21609613064519 37
1694508716068 41.903574214587955 38
1694508716452 40.643322139633455 39
1694508716835 39.43310027253305 40
1694508717252 38.27076864969259 41
1694508717635 37.15428245118035 42
1694508718036 36.081687682526805 43
1694508718418 35.051117054717785 44
1694508718811 34.06078605322695 45
1694508719236 33.10898918735856 46
1694508719616 32.19409641157565 47
1694508720010 31.314549710874644 48
1694508720428 30.468859842635336 49
