1694508702326 -227.36886108592867 0
1694508702707 -218.44310497458125 1
1694508703039 -209.90400681574852 2
1694508703359 -201.73423719470688 3
1694508703721 -193.91725699166562 4
1694508704070 -186.43728100422598 5
1694508704413 -179.2792432530153 6
1694508704817 -172.42876389237944 7
1694508705154 -165.87211765164932 8
1694508705528 -159.596203735961 9
1694508705930 -153.5885171189097 10
1694508706288 -147.83712116246699 11
1694508706645 -142.3306215025916 12
1694508707015 -137.05814114182715 13
1694508707353 -132.0092966929064 14
1694508707696 -127.174175719987 15
1694508708039 -122.54331512662112 16
1694508708388 -118.1076805419276 17
1694508708715 -113.85864665869157 18
1694508709080 -109.78797847926434 19
1694508709476 -105.8878134271888 20
1694508709820 -102.15064428442865 21
1694508710163 -98.56930291594414 22
1694508710509 -95.13694474513474 23
1694508710849 -91.84703394536218 24
1694508711209 -88.69332931438407 25
1694508711633 -85.66987080006815 26
1694508712000 -82.77096664722622 27
1694508712393 -79.99118113680699 28
1694508712743 -77.32532289002295 29
1694508713108 -74.76843371125881 30
1694508713476 -72.31577794482374 31
1694508713863 -69.96283232176697 32
1694508714223 -67.70527627407964 33
1694508714663 -65.53898269465908 34
1694508715052 -63.46000912241436 35
1694508715416 -61.464589332848874 36
1694508715841 -59.54912531536873 37
1694508716209 -57.71017961943478 38
1694508716578 -55.944468052506295 39
1694508716999 -54.2488527135146 40
1694508717387 -52.620335346359894 41
1694508717777 -51.05605099864299 42
1694508718169 -49.55326197152957 43
1694508718580 -48.10935204729887 44
1694508718968 -46.72182098175123 45
1694508719362 -45.38827924924445 46
1694508719760 -44.10644302869507 47
1694508720171 -42.8741294194216 48
1694508720572 -41.68925187622194 49
