1694508702058 168.8767281972115 0
1694508702428 162.17452296512252 1
1694508702784 155.76463962336294 2
1694508703118 149.63392756456463 3
1694508703439 143.7698371682722 4
1694508703803 138.1603921048601 5
1694508704157 132.79416292173704 6
1694508704514 127.66024185230891 7
1694508704905 122.74821879094011 8
1694508705242 118.04815837979227 9
1694508705613 113.55057815593497 10
1694508706016 109.24642770952374 11
1694508706372 105.1270688061273 12
1694508706727 101.18425642846736 13
1694508707100 97.41012069491406 14
1694508707445 93.79714961406268 15
1694508707780 90.33817263660833 16
1694508708129 87.02634496753713 17
1694508708478 83.85513260337177 18
1694508708803 80.8182980608478 19
1694508709193 77.90988676495905 20
1694508709557 75.12421406580133 21
1694508709898 72.45585285506277 22
1694508710254 69.89962175436439 23
1694508710594 67.45057384894571 24
1694508710928 65.10398594142086 25
1694508711326 62.85534830150569 26
1694508711716 60.70035488873457 27
1694508712095 58.63489402625396 28
1694508712493 56.65503950479666 29
1694508712840 54.75704209691161 30
1694508713198 52.93732146244874 31
1694508713574 51.19245842718113 32
1694508713958 49.51918761728741 33
1694508714322 47.914390433219616 34
1694508714762 46.37508834724643 35
1694508715145 44.89843650969088 36
1694508715520 43.48171764957692 37
1694508715938 42.12233625606208 38
1694508716315 40.817813027665835 39
1694508716664 39.56577957690594 40
1694508717097 38.36397337852939 41
1694508717493 37.21023295007347 42
1694508717885 36.102493254014 43
1694508718275 35.0387813112568 44
1694508718669 34.01721201620334 45
1694508719070 33.03598414407433 46
1694508719457 32.09337654160732 47
1694508719863 31.187744492656137 48
1694508720274 30.317516250612673 49
