1694507443200 37.80209699039303 0
1694507443562 14.32438066341309 1
1694507443925 8.747236977812468 2
1694507444270 6.903767049575702 3
1694507444621 6.1077463481333805 4
1694507445000 5.702178314418001 5
1694507445316 5.4581263289505815 6
1694507445647 5.292925484793636 7
1694507445965 5.1899549762004105 8
1694507446326 5.093303786427533 9
1694507446643 5.010578543812158 10
1694507446971 4.954951761004171 11
1694507447342 4.916658780867761 12
1694507447713 4.889006449957633 13
1694507448071 4.850845853540479 14
1694507448470 4.820152477023975 15
1694507448831 4.811066287498909 16
1694507449241 4.783834708562756 17
1694507449638 4.75315458939144 18
1694507450163 4.738757925498921 19
1694507450692 4.719263721909785 20
1694507451230 4.71432742246089 21
1694507451661 4.706451899378492 22
1694507452114 4.68267503910422 23
1694507452523 4.69308972278474 24
1694507452869 4.683729501618556 25
1694507453239 4.6766228345427905 26
1694507453563 4.662274530328137 27
1694507453888 4.656680255871399 28
1694507454193 4.657140061191507 29
1694507454509 4.639560709878182 30
1694507454828 4.627707787347333 31
1694507455184 4.628987048405336 32
1694507455488 4.637649580087641 33
1694507455850 4.6350940866886 34
1694507456133 4.63626847951085 35
1694507456444 4.626724482343015 36
1694507456796 4.615679229307342 37
1694507457161 4.611396381836898 38
1694507457494 4.618181235970799 39
1694507457877 4.611465090758816 40
1694507458218 4.6152955358077214 41
1694507458553 4.618629972859813 42
1694507458878 4.628825741852667 43
1694507459195 4.611981709427355 44
1694507459490 4.607624317677361 45
1694507459798 4.603241257492793 46
1694507460121 4.601197334009775 47
1694507460434 4.61119029684717 48
1694507460746 4.608789194247136 49
