1694507443354 -51.96368975428922 0
1694507443697 -19.06957586432727 1
1694507444073 -11.255562055667038 2
1694507444400 -8.672716734273699 3
1694507444787 -7.557429572297014 4
1694507445100 -6.989197087273302 5
1694507445425 -6.647261198227262 6
1694507445758 -6.415801915444647 7
1694507446083 -6.271532192197311 8
1694507446435 -6.136116328077007 9
1694507446775 -6.020211803366578 10
1694507447108 -5.942274336896922 11
1694507447468 -5.888622881523232 12
1694507447841 -5.849879806617119 13
1694507448236 -5.796413831171618 14
1694507448600 -5.7534100139033635 15
1694507449008 -5.740679552861043 16
1694507449382 -5.7025259843259315 17
1694507449854 -5.659540741633518 18
1694507450378 -5.639369891320798 19
1694507450892 -5.612056989839053 20
1694507451416 -5.605140848847934 21
1694507451831 -5.5941066260296894 22
1694507452321 -5.560793388110173 23
1694507452671 -5.575385173203055 24
1694507453040 -5.562270772433085 25
1694507453370 -5.552313776918166 26
1694507453700 -5.532210682290421 27
1694507454004 -5.524372666933699 28
1694507454316 -5.525016890092212 29
1694507454627 -5.500386846174881 30
1694507454976 -5.48377997614423 31
1694507455284 -5.485572320780773 32
1694507455627 -5.49770920410301 33
1694507455956 -5.4941287582988965 34
1694507456234 -5.495774174348252 35
1694507456577 -5.482402289049363 36
1694507456943 -5.466927027050335 37
1694507457289 -5.460926423307448 38
1694507457633 -5.470432533761251 39
1694507458036 -5.461022689872363 40
1694507458332 -5.466389442495705 41
1694507458677 -5.471061249183494 42
1694507458987 -5.48534631770446 43
1694507459303 -5.461746512968439 44
1694507459594 -5.455641466868927 45
1694507459911 -5.449500457288193 46
1694507460242 -5.446636760883637 47
1694507460549 -5.4606376821441795 48
1694507460865 -5.457273549905466 49
