1694507443082 45.156949119618375 0
1694507443473 18.602063992864252 1
1694507443823 0.00019070733374764584 2
1694507444186 0.06131120040097396 3
1694507444518 1.4648591516894265 4
1694507444914 4.2930231167465775 5
1694507445218 0.0013638171293440752 6
1694507445549 0.07974301289543838 7
1694507445875 4.884400949382528 8
1694507446207 0.0007147467533260419 9
1694507446554 4.77478564044556 10
1694507446891 0.09603301594361051 11
1694507447232 4.275802187367655 12
1694507447610 1.3371440960810261 13
1694507447963 0.3240680388107064 14
1694507448375 0.8630892120273025 15
1694507448740 0.3509936190734538 16
1694507449136 1.9645490219071455 17
1694507449520 0.7931440830866124 18
1694507450014 25.124138274979565 19
1694507450560 0.9495308448618397 20
1694507451073 1.1105044992875022 21
1694507451548 0.903866509003072 22
1694507451966 9.817351479306433 23
1694507452439 24.751848985494995 24
1694507452787 6.542528143035409 25
1694507453154 0.4410266940269514 26
1694507453485 0.15875501423908547 27
1694507453814 0.8172908066830455 28
1694507454117 5.761709592850758 29
1694507454431 24.342705648157207 30
1694507454737 0.5101734753282668 31
1694507455096 6.864865835537964 32
1694507455402 0.00021778123002766687 33
1694507455754 11.461608409131765 34
1694507456060 4.5109313405491624 35
1694507456357 5.962972007017584 36
1694507456701 11.542679183712321 37
1694507457063 17.967358899489458 38
1694507457401 0.0002934183518905134 39
1694507457758 27.881808184063267 40
1694507458142 0.005005671793414266 41
1694507458452 0.5519887386644794 42
1694507458796 7.81986233770714 43
1694507459121 0.38853467922766666 44
1694507459406 0.39671917157756864 45
1694507459709 0.06407106857612192 46
1694507460033 4.289102929345872 47
1694507460355 0.42442040213873417 48
1694507460663 2.5797546555158157 49
