1694512553960 120.9760613015448 0
1694512554298 87.00723989901499 1
1694512554581 63.22337108904943 2
1694512554840 46.518866133773216 3
1694512555160 34.75238929777392 4
1694512555439 26.424182496146194 5
1694512555724 20.502850813639288 6
1694512556062 16.26265885766799 7
1694512556356 13.21629420396821 8
1694512556680 11.000752903423544 9
1694512556949 9.374450170344081 10
1694512557257 8.168025197402088 11
1694512557570 7.264738583953839 12
1694512557866 6.575968294923651 13
1694512558169 6.04472467968399 14
1694512558472 5.626435463621439 15
1694512558809 5.292825381714013 16
1694512559112 5.022401434751715 17
1694512559422 4.799059871002362 18
1694512559726 4.612210404910238 19
1694512560035 4.453062581248928 20
1694512560354 4.316503582964426 21
1694512560648 4.19696505457327 22
1694512560953 4.0916613375731234 23
1694512561289 3.9981125153905923 24
1694512561600 3.91367146681586 25
1694512561919 3.837145180468808 26
1694512562244 3.767787667624979 27
1694512562551 3.7042841124955745 28
1694512562855 3.6455790993438537 29
1694512563144 3.5913784124841346 30
1694512563448 3.540621348985 31
1694512563737 3.4932859326948873 32
1694512564056 3.448893986775537 33
1694512564356 3.4068447582166135 34
1694512564640 3.3673452399942256 35
1694512564967 3.3297008738762344 36
1694512565270 3.2941370551396316 37
1694512565584 3.2601956348485706 38
1694512565877 3.2279189556435073 39
1694512566177 3.1968116924211873 40
1694512566487 3.166890184315712 41
1694512566785 3.1380810390227594 42
1694512567102 3.1102319753627428 43
1694512567409 3.0834770758103613 44
1694512567733 3.0573669196380626 45
1694512568059 3.0321777662325906 46
1694512568350 3.0077500632916214 47
1694512568683 2.983762306832038 48
1694512568989 2.960566885115135 49
