1694512553855 113.38004620038737 0
1694512554191 85.47268146026875 1
1694512554491 62.45930950912665 2
1694512554764 45.66285327311235 3
1694512555072 31.313265390272132 4
1694512555355 25.478829042524485 5
1694512555638 19.337438752083393 6
1694512555956 17.811161316006483 7
1694512556270 6.810195790016157 8
1694512556594 7.597496767892052 9
1694512556871 10.645072556948772 10
1694512557159 7.1856589156371555 11
1694512557487 6.766972371432295 12
1694512557788 6.430204272556076 13
1694512558082 2.9125583045151853 14
1694512558388 6.28492303973605 15
1694512558710 6.5915323708769895 16
1694512559027 3.9286189309002015 17
1694512559336 4.361367290735729 18
1694512559630 2.261556363339177 19
1694512559941 4.756556543803237 20
1694512560258 3.4721254297327566 21
1694512560559 3.995285897586067 22
1694512560860 2.2607951748135404 23
1694512561193 3.7003805636469527 24
1694512561515 3.473196061488949 25
1694512561818 4.579722110440753 26
1694512562149 4.167337064966662 27
1694512562462 1.85536775488725 28
1694512562766 4.613917477014193 29
1694512563056 2.2213967679772586 30
1694512563366 5.48638605978314 31
1694512563657 4.131592701680764 32
1694512563973 3.871584368148679 33
1694512564271 5.208434474020792 34
1694512564554 2.3114869077672755 35
1694512564867 3.8390967413048473 36
1694512565189 3.867843624099586 37
1694512565493 3.5703017770054344 38
1694512565800 1.2778453036379356 39
1694512566088 2.5756483200125357 40
1694512566402 2.719536821452262 41
1694512566699 2.8411410108108583 42
1694512567013 2.8654682918385053 43
1694512567323 1.2023328474969068 44
1694512567639 3.352658901217904 45
1694512567962 3.5273247027376207 46
1694512568265 3.3760614074844986 47
1694512568581 2.257094133149425 48
1694512568890 1.67895036833773 49
