1694491263020 4.784526103550602 0
1694491263525 4.609974163474296 1
1694491263967 4.533707851435726 2
1694491264399 4.487571581236144 3
1694491264813 4.486453938435847 4
1694491265250 4.443331318261612 5
1694491265679 4.363002878149773 6
1694491266115 4.431396448931819 7
1694491266601 4.395514726257153 8
1694491267042 4.295746125705708 9
1694491267434 4.32930020440127 10
1694491267885 4.469907528129437 11
1694491268305 4.430318936213328 12
1694491268743 4.449912266629071 13
1694491269159 4.5583367876244 14
1694491269568 4.263879844150401 15
1694491269958 4.480914380686145 16
1694491270404 4.437530543929408 17
1694491270869 4.458577454804536 18
1694491271368 4.284688672561726 19
1694491271750 4.514866998559406 20
1694491272149 4.5265436898940425 21
1694491272531 4.498928232160683 22
1694491273005 4.338998505778255 23
1694491273401 4.452487059607652 24
1694491273868 4.323117963100459 25
1694491274249 4.403267514357407 26
1694491274686 4.490441371173292 27
1694491275114 4.370407723559165 28
1694491275495 4.405899300392993 29
1694491275919 4.3581991562662274 30
1694491276374 4.5484600609820935 31
1694491276826 4.4487667018523105 32
1694491277222 4.482707424038106 33
1694491277617 4.440542869567889 34
1694491278004 4.42160647229284 35
1694491278405 4.330383553847866 36
1694491278788 4.328767244685766 37
1694491279242 4.348781454094266 38
1694491279671 4.51744086198939 39
1694491280136 4.514903450104198 40
1694491280539 4.329245638817373 41
1694491280905 4.397922107020223 42
1694491281275 4.455547141124213 43
1694491281662 4.368835202402009 44
1694491282074 4.409988370362004 45
1694491282507 4.250779476518227 46
1694491282894 4.305840763606634 47
1694491283314 4.293469758064521 48
1694491283682 4.401159218008655 49
