1694491263202 -5.770055459276804 0
1694491263700 -5.52306625088603 1
1694491264095 -5.415150200058664 2
1694491264535 -5.349867850004483 3
1694491264974 -5.348286396882919 4
1694491265388 -5.287268330765097 5
1694491265831 -5.173604410296406 6
1694491266277 -5.270380612835841 7
1694491266739 -5.219608342557786 8
1694491267166 -5.078436794068068 9
1694491267615 -5.125915471942835 10
1694491268014 -5.32487339567822 11
1694491268461 -5.2688559433692355 12
1694491268906 -5.296580305338559 13
1694491269336 -5.449999892649237 14
1694491269706 -5.03334633186947 15
1694491270136 -5.340447979373289 16
1694491270592 -5.279060294465194 17
1694491271022 -5.308841457904836 18
1694491271490 -5.062790611059984 19
1694491271906 -5.388490586104817 20
1694491272267 -5.405012984813789 21
1694491272675 -5.365937394809292 22
1694491273153 -5.139638469113703 23
1694491273554 -5.3002236110461425 24
1694491273997 -5.117167663787277 25
1694491274417 -5.230578458357508 26
1694491274806 -5.353928573388676 27
1694491275247 -5.184082190750306 28
1694491275643 -5.234302408657339 29
1694491276071 -5.166807193004935 30
1694491276516 -5.436024425554406 31
1694491276963 -5.2949593429061235 32
1694491277356 -5.34298511736166 33
1694491277755 -5.283322704407692 34
1694491278133 -5.256527896107694 35
1694491278552 -5.1274484003199605 36
1694491278972 -5.125161339401088 37
1694491279378 -5.153481240836796 38
1694491279837 -5.392132576510651 39
1694491280269 -5.388542164667558 40
1694491280667 -5.125838262200186 41
1694491281037 -5.223014761694153 42
1694491281405 -5.304553595067268 43
1694491281802 -5.181857089410189 44
1694491282217 -5.2400884008053445 45
1694491282631 -5.014809445773077 46
1694491283019 -5.092720603363177 47
1694491283441 -5.075215757158038 48
1694491283797 -5.227595240605797 49
