1694491262898 0.2284172500667959 0
1694491263371 1.4382236822550398 1
1694491263834 3.732741093793046 2
1694491264239 0.01405934100234055 3
1694491264680 2.5717531944918623 4
1694491265116 19.72726457560199 5
1694491265550 0.0008073676721412476 6
1694491265985 0.4019647682261138 7
1694491266458 2.354321971473879 8
1694491266878 0.3446510088048817 9
1694491267302 0.9728696020202255 10
1694491267767 0.14693267703518864 11
1694491268159 0.25519637762407704 12
1694491268600 0.4488163026968361 13
1694491269043 5.276883711352319 14
1694491269465 1.397138546491873 15
1694491269849 21.174664961449697 16
1694491270275 3.7862823567866997 17
1694491270742 6.034502387042734 18
1694491271227 0.9974136173161766 19
1694491271625 23.538068848915284 20
1694491272040 5.884605378876649 21
1694491272404 0.6780136264433668 22
1694491272849 0.013147229534295117 23
1694491273284 0.06608889900341336 24
1694491273725 1.8522860656916778 25
1694491274140 0.13032517141932934 26
1694491274587 0.38011073747524643 27
1694491274957 3.7817437492373953 28
1694491275395 0.09326203420395338 29
1694491275784 7.3404125505145235 30
1694491276225 0.516430691833592 31
1694491276695 0.960744038133475 32
1694491277103 18.566422811088113 33
1694491277490 0.49832032991528424 34
1694491277901 0.010931709919292234 35
1694491278279 0.9518408260474734 36
1694491278680 23.01362855720208 37
1694491279113 3.0298299985075405 38
1694491279552 0.08653354594667959 39
1694491279978 0.4344996604951224 40
1694491280403 3.9919613058955563 41
1694491280802 0.4138832505459692 42
1694491281160 0.010615763545770032 43
1694491281531 0.07955463800802146 44
1694491281940 1.1404253051558588 45
1694491282366 0.13099028040224378 46
1694491282770 0.40945706712877705 47
1694491283172 0.16098203502063535 48
1694491283569 0.2030017365711042 49
