1694511465613 162.7153114010433 0
1694511465908 156.41067165076092 1
1694511466232 150.36596409297476 2
1694511466577 144.56941113674094 3
1694511466913 139.01154870015884 4
1694511467226 133.68237933885126 5
1694511467534 128.57232765905812 6
1694511467851 123.67222242334279 7
1694511468181 118.97333960888159 8
1694511468499 114.46713520126235 9
1694511468794 110.14567921346001 10
1694511469120 106.00118427099525 11
1694511469423 102.02618851053478 12
1694511469728 98.21374543255247 13
1694511470025 94.55699950637539 14
1694511470346 91.049387854599 15
1694511470685 87.68482019054353 16
1694511471019 84.45726307592643 17
1694511471349 81.36094681920021 18
1694511471710 78.39052568791456 19
1694511472049 75.54064233639126 20
1694511472412 72.80638688530867 21
1694511472748 70.1828903765771 22
1694511473126 67.66550666786378 23
1694511473491 65.24991426372131 24
1694511473834 62.931805901644445 25
1694511474190 60.707202710503076 26
1694511474541 58.57216672033129 27
1694511474927 56.523029877678965 28
1694511475296 54.55619633940638 29
1694511475641 52.66827976718126 30
1694511476026 50.85600147251946 31
1694511476424 49.116230211941264 32
1694511476829 47.44598148717837 33
1694511477234 45.8423871360335 34
1694511477646 44.302651648347776 35
1694511478026 42.82420058946741 36
1694511478387 41.40443067063563 37
1694511478802 40.04101172919857 38
1694511479264 38.73159119558752 39
1694511479685 37.473863700361505 40
1694511480116 36.26584157345208 41
1694511480556 35.10542591990441 42
1694511480940 33.990552625348464 43
1694511481383 32.919541982864196 44
1694511481801 31.890514465129023 45
1694511482207 30.901749908873978 46
1694511482622 29.951453367421266 47
1694511483015 29.038313959411013 48
1694511483400 28.160696008275952 49
