1694511465724 -226.97685730258783 0
1694511466027 -218.1435646989691 1
1694511466364 -209.67445739448925 2
1694511466695 -201.5530340645534 3
1694511467018 -193.76603479139243 4
1694511467332 -186.29945237475852 5
1694511467654 -179.13987094027536 6
1694511467960 -172.27444086813543 7
1694511468275 -165.6909391211257 8
1694511468614 -159.37739486787407 9
1694511468895 -153.32269757732573 10
1694511469236 -147.5159365297386 11
1694511469530 -141.94665707190464 12
1694511469835 -136.60512661555302 13
1694511470145 -131.4817400268798 14
1694511470447 -126.56730220216264 15
1694511470820 -121.85328017418797 16
1694511471134 -117.33122062478594 17
1694511471470 -112.99303976555777 18
1694511471818 -108.83124780790578 19
1694511472158 -104.83833869219312 20
1694511472528 -101.00743329409006 21
1694511472896 -97.33170982310823 22
1694511473257 -93.8046586710338 23
1694511473622 -90.4202250852903 24
1694511473939 -87.17237425476458 25
1694511474303 -84.05553147030325 26
1694511474673 -81.06417932847795 27
1694511475084 -78.19317859997595 28
1694511475424 -75.43749122776816 29
1694511475801 -72.79237268742042 30
1694511476189 -70.25322928034188 31
1694511476564 -67.81567388990653 32
1694511476985 -65.47552500098853 33
1694511477400 -63.22876409438189 34
1694511477771 -61.07147444205966 35
1694511478158 -59.000049060040766 36
1694511478552 -57.01084053749269 37
1694511478978 -55.10058413458082 38
1694511479416 -53.26598371763315 39
1694511479833 -51.50380928404236 40
1694511480285 -49.8112759528304 41
1694511480699 -48.18544300826813 42
1694511481101 -46.62341846494161 43
1694511481539 -45.12284892229177 44
1694511481946 -43.681101015772114 45
1694511482380 -42.29576466231959 46
1694511482762 -40.964325001475736 47
1694511483149 -39.68494538609193 48
1694511483568 -38.45533410557156 49
