1694511465454 168.61294813819737 0
1694511465812 161.9207045492071 1
1694511466102 155.57344383801762 2
1694511466459 149.48935678258152 3
1694511466783 143.65898606010617 4
1694511467116 138.0701010527103 5
1694511467422 132.71255551063805 6
1694511467748 127.57663224961301 7
1694511468060 122.6530249426576 8
1694511468374 117.93295977436435 9
1694511468699 113.4076021598711 10
1694511468985 109.06906069828742 11
1694511469321 104.90935524388148 12
1694511469623 100.9208658944559 13
1694511469917 97.09666153175894 14
1694511470250 93.42972903703293 15
1694511470546 89.91337969460199 16
1694511470916 86.54151610595488 17
1694511471239 83.3079790449637 18
1694511471576 80.20690203226731 19
1694511471922 77.23291052781856 20
1694511472251 74.38054152309023 21
1694511472631 71.64484229729977 22
1694511472991 69.02086451752996 23
1694511473346 66.50390754440062 24
1694511473712 64.0895868112071 25
1694511474043 61.77355500087991 26
1694511474401 59.55175715265691 27
1694511474772 57.42023884118906 28
1694511475186 55.37524332738828 29
1694511475527 53.41318051224368 30
1694511475893 51.530563202581696 31
1694511476283 49.72413933512546 32
1694511476669 47.99066507145626 33
1694511477087 46.32720217721629 34
1694511477504 44.7308092318733 35
1694511477863 43.19860396367371 36
1694511478251 41.72808556860033 37
1694511478650 40.31651062119056 38
1694511479101 38.96163941874118 39
1694511479523 37.66103610033414 40
1694511479934 36.412300371644164 41
1694511480392 35.21355847026219 42
1694511480797 34.062622418718405 43
1694511481201 32.957328431986866 44
1694511481650 31.896132062029793 45
1694511482042 30.877059128240806 46
1694511482485 29.89837189163785 47
1694511482869 28.958169644741826 48
1694511483248 28.055302321978235 49
