1694494275556 162.99509864976406 0
1694494275914 156.61801263870046 1
1694494276262 150.5048229738238 2
1694494276614 144.64445628053417 3
1694494276969 139.0263067391328 4
1694494277333 133.64021640632228 5
1694494277693 128.47645623155583 6
1694494278051 123.52570787990118 7
1694494278510 118.77904632709728 8
1694494278894 114.22792319394746 9
1694494279326 109.86415078859093 10
1694494279682 105.67988682653639 11
1694494280046 101.66761979962311 12
1694494280434 97.82015496630322 13
1694494280812 94.13060093681571 14
1694494281165 90.59235682794645 15
1694494281542 87.1990999631487 16
1694494281934 83.94477409482795 17
1694494282280 80.82357812658444 18
1694494282653 77.82995531415168 19
1694494282992 74.95858292467443 20
1694494283348 72.20436233483707 21
1694494283773 69.5624095491825 22
1694494284179 67.02804612075651 23
1694494284549 64.59679045697291 24
1694494285007 62.26434949432351 25
1694494285383 60.02661072625298 26
1694494285727 57.879634569187736 27
1694494286101 55.819647052345275 28
1694494286480 53.84303281756359 29
1694494286924 51.946328415975024 30
1694494287326 50.12621588891028 31
1694494287826 48.37951662095479 32
1694494288281 46.703185453593804 33
1694494288705 45.09430504837465 34
1694494289138 43.55008048898569 35
1694494289536 42.06783411210253 36
1694494289880 40.64500055728398 37
1694494290253 39.27912202661353 38
1694494290615 37.967843745178286 39
1694494291028 36.70890961385565 40
1694494291556 35.50015804624171 41
1694494291956 34.33951798190186 42
1694494292409 33.225005068457364 43
1694494292788 32.15471800533957 44
1694494293178 31.126835042348695 45
1694494293576 30.139610626445652 46
1694494293987 29.191372190485165 47
1694494294344 28.28051707786554 48
1694494294711 27.40550959732719 49
