1694494275671 -227.36886108592867 0
1694494276030 -218.43406561380908 1
1694494276376 -209.86900952969978 2
1694494276736 -201.65817817109442 3
1694494277098 -193.7867119564131 4
1694494277462 -186.24037881388796 5
1694494277827 -179.00554758398584 6
1694494278209 -172.06916255182125 7
1694494278616 -165.4187190614718 8
1694494279037 -159.04224016616146 9
1694494279430 -152.928254270237 10
1694494279811 -147.06577372074182 11
1694494280183 -141.44427430818791 12
1694494280557 -136.0536756378475 13
1694494280939 -130.88432233453403 14
1694494281295 -125.92696604541817 15
1694494281701 -121.17274820693598 16
1694494282053 -116.61318354329042 17
1694494282413 -112.24014426543239 18
1694494282756 -108.04584494073234 19
1694494283111 -104.02282800482125 20
1694494283490 -100.16394988829524 21
1694494283926 -96.46236773214 22
1694494284310 -92.9115266668445 23
1694494284726 -89.50514763123918 24
1694494285134 -86.23721570811456 25
1694494285499 -83.10196895465131 26
1694494285890 -80.09388770663064 27
1694494286226 -77.20768433628639 28
1694494286608 -74.43829344451935 29
1694494287069 -71.7808624690139 30
1694494287478 -69.23074269058331 31
1694494288017 -66.78348062082169 32
1694494288437 -64.4348097548611 33
1694494288850 -62.180642673721714 34
1694494289288 -60.01706348140293 35
1694494289646 -57.94032056249528 36
1694494289990 -55.946819646698096 37
1694494290377 -54.03311716720711 38
1694494290743 -52.19591390049088 39
1694494291224 -50.43204887550555 40
1694494291692 -48.73849354090637 41
1694494292115 -47.11234617930057 42
1694494292541 -45.55082655805245 43
1694494292916 -44.051270806597536 44
1694494293295 -42.61112651065005 45
1694494293740 -41.22794801409638 46
1694494294107 -39.89939191975941 47
1694494294468 -38.62321278059276 48
1694494294846 -37.39725897322347 49
