1694494275405 168.87672819721146 0
1694494275778 162.17452296512252 1
1694494276117 155.75814820382692 2
1694494276485 149.6088001934028 3
1694494276841 143.71524013219525 4
1694494277191 138.06670454445737 5
1694494277562 132.65288525623245 6
1694494277925 127.46391007971873 7
1694494278381 122.49032431860373 8
1694494278721 117.72307305942682 9
1694494279131 113.15348421551799 10
1694494279536 108.77325229148832 11
1694494279899 104.57442283761 12
1694494280280 100.54937756473028 13
1694494280669 96.69082009161473 14
1694494281044 92.99176229781155 15
1694494281417 89.44551125627497 16
1694494281797 86.04565672108328 17
1694494282162 82.78605914663667 18
1694494282522 79.66083821572698 19
1694494282858 76.6643618548328 20
1694494283200 73.79123571591636 21
1694494283598 71.03629310488027 22
1694494284041 68.39458533768779 23
1694494284413 65.86137250595817 24
1694494284832 63.4321146346242 25
1694494285245 61.102463214979345 26
1694494285595 58.8682530971526 27
1694494285987 56.72549472672803 28
1694494286342 54.670366710876905 29
1694494286734 52.699208699993214 30
1694494287168 50.808514571419494 31
1694494287639 48.99492590242116 32
1694494288136 47.25522572011351 33
1694494288553 45.58633251656981 34
1694494288963 43.98529451783879 35
1694494289399 42.449284196080704 36
1694494289752 40.97559301448927 37
1694494290100 39.56162639510729 38
1694494290495 38.204898900064315 39
1694494290864 36.903029617167725 40
1694494291381 35.65373774116472 41
1694494291801 34.454838342361676 42
1694494292220 33.30423831464166 43
1694494292652 32.19993249525874 44
1694494293019 31.13999994911265 45
1694494293444 30.122600410517204 46
1694494293856 29.145970875773425 47
1694494294211 28.20842234014265 48
1694494294571 27.308336673087318 49
