1694494021128 163.91410220373197 0
1694494021572 158.94452559589948 1
1694494021971 154.13438637159882 2
1694494022356 149.47688437213827 3
1694494022819 144.96834907995702 4
1694494023272 140.60206279850132 5
1694494023871 136.3744254100561 6
1694494024296 132.28072573853646 7
1694494024678 128.31885928640125 8
1694494025022 124.4818324070172 9
1694494025433 120.76677958249056 10
1694494025791 117.16951033199393 11
1694494026144 113.68689898042051 12
1694494026529 110.31433880918651 13
1694494026902 107.04866403123529 14
1694494027343 103.8871590665089 15
1694494027811 100.82551833767316 16
1694494028152 97.86038085285622 17
1694494028657 94.98916531847141 18
1694494029066 92.20863611548816 19
1694494029574 89.51644233121283 20
1694494030010 86.90886634784113 21
1694494030479 84.38434368905018 22
1694494030912 81.93984364963619 23
1694494031389 79.57124522699965 24
1694494031780 77.27777196408795 25
1694494032312 75.05638665609021 26
1694494032665 72.9048970385129 27
1694494033016 70.82155641041642 28
1694494033412 68.80302665932594 29
1694494033818 66.8481340010134 30
1694494034224 64.95496633058751 31
1694494034675 63.120830464750426 32
1694494035195 61.344267088229685 33
1694494035589 59.62339544059271 34
1694494035993 57.956788951314635 35
1694494036507 56.34216197106913 36
1694494036854 54.778190594924574 37
1694494037230 53.26302499927379 38
1694494037602 51.79513315376581 39
1694494038004 50.37319131411191 40
1694494038418 48.9951419305782 41
1694494038916 47.66013849008731 42
1694494039329 46.366922482139984 43
1694494039716 45.114008050263564 44
1694494040118 43.89971494179915 45
1694494040535 42.723275148277416 46
1694494041026 41.583581475004344 47
1694494041468 40.478877535020594 48
1694494041989 39.4086083160863 49
