1694494021284 -230.93677669629943 0
1694494021733 -223.90487666775047 1
1694494022136 -217.09857890480345 2
1694494022508 -210.50826125252 3
1694494022999 -204.12872996612515 4
1694494023457 -197.95047957376173 5
1694494024014 -191.96841594571578 6
1694494024460 -186.1758728160537 7
1694494024814 -180.56987234229746 8
1694494025126 -175.14051858605222 9
1694494025570 -169.88375686883145 10
1694494025924 -164.79365770316062 11
1694494026299 -159.86579829075987 12
1694494026665 -155.0936601719902 13
1694494027093 -150.4727637905734 14
1694494027513 -145.99926662852573 15
1694494027946 -141.66707633799376 16
1694494028311 -137.47143714988397 17
1694494028782 -133.40869656019484 18
1694494029254 -129.47427620111984 19
1694494029766 -125.66484955526276 20
1694494030161 -121.97515623148635 21
1694494030608 -118.40298251180859 22
1694494031062 -114.94403997939024 23
1694494031521 -111.59249745773799 24
1694494031967 -108.34725626807071 25
1694494032426 -105.20401879667162 26
1694494032803 -102.15968301172367 27
1694494033153 -99.21177734927763 28
1694494033590 -96.3555784143525 29
1694494033964 -93.58942531428112 30
1694494034379 -90.91061244021576 31
1694494034832 -88.31532896535897 32
1694494035354 -85.80150997353867 33
1694494035747 -83.36649420799533 34
1694494036217 -81.00826308603949 35
1694494036647 -78.72358243727163 36
1694494036984 -76.51057894976582 37
1694494037370 -74.36663514205377 38
1694494037751 -72.28958320687163 39
1694494038154 -70.27755005960151 40
1694494038598 -68.32762428843223 41
1694494039055 -66.43860808602476 42
1694494039471 -64.60872067290545 43
1694494039869 -62.83585957737565 44
1694494040290 -61.11764725912306 45
1694494040701 -59.452996994025376 46
1694494041170 -57.84034211292447 47
1694494041682 -56.27719734625229 48
1694494042119 -54.76277735737085 49
