1694494021003 162.6121824857988 0
1694494021409 152.81422106474355 1
1694494021836 159.14332934332106 2
1694494022255 146.5796065576764 3
1694494022651 151.03511027483935 4
1694494023161 136.5446471433362 5
1694494023656 135.44907780848715 6
1694494024108 133.27818539544856 7
1694494024576 129.19344084773084 8
1694494024919 120.57134859402646 9
1694494025288 119.66364086498069 10
1694494025669 112.29844452040237 11
1694494026021 112.04983467731327 12
1694494026438 106.03928820550553 13
1694494026776 104.52019589129816 14
1694494027227 103.32793100066053 15
1694494027637 100.72164327673215 16
1694494028041 95.71915616869225 17
1694494028526 89.4927184899607 18
1694494028911 88.54172684754727 19
1694494029374 88.68517228291111 20
1694494029868 83.43769880841592 21
1694494030328 82.75378414294292 22
1694494030763 92.62921361955445 23
1694494031212 73.75097855807795 24
1694494031651 77.36854197229556 25
1694494032098 72.30368987253746 26
1694494032557 60.82800175691868 27
1694494032910 72.02278291839858 28
1694494033267 68.6223208900519 29
1694494033692 62.28722950709488 30
1694494034075 57.45057813653414 31
1694494034507 59.55334031102204 32
1694494035035 56.24308989216746 33
1694494035476 58.55228875598782 34
1694494035874 51.26187695343842 35
1694494036344 54.572728470562936 36
1694494036748 56.54209538812425 37
1694494037084 48.16870960278693 38
1694494037482 49.8973695919552 39
1694494037871 48.67131742220879 40
1694494038304 49.01155356617928 41
1694494038734 50.804963101145475 42
1694494039198 43.52072919456201 43
1694494039602 44.58193081560748 44
1694494039983 46.30500096950266 45
1694494040430 44.46430179155247 46
1694494040841 38.65909239157939 47
1694494041277 42.294701918503215 48
1694494041852 45.071385007081716 49
