1694344522025 121.82458271852045 0
1694344522418 87.07886849811824 1
1694344522758 67.95977717324004 2
1694344523138 45.51896854835443 3
1694344523497 38.230769454365706 4
1694344523846 28.903358420320618 5
1694344524180 19.64815911992494 6
1694344524502 19.943324685864617 7
1694344524876 15.139150876758881 8
1694344525218 15.866513158368994 9
1694344525617 9.453350325028183 10
1694344525957 13.010605213088157 11
1694344526279 11.572673867031765 12
1694344526629 7.723304831672984 13
1694344535711 10.197164415025231 14
1694344536076 8.878402119958276 15
1694344536422 7.761060048929402 16
1694344536771 5.568530661466103 17
1694344537119 7.859467127178533 18
1694344537437 3.91067516627447 19
1694344537888 7.55494931839795 20
1694344538399 5.386856244028358 21
1694344538927 10.160814817117261 22
1694344539393 8.105575014640616 23
1694344539857 5.344387076023564 24
1694344540375 5.650241365591362 25
1694344540895 6.003314478563939 26
1694344541388 7.016617044360275 27
1694344541813 6.67472412140273 28
1694344542299 4.732337843821704 29
1694344542766 2.9271307149839143 30
1694344543161 5.203345036646727 31
1694344543590 3.8993652367088907 32
1694344544053 4.185475959638797 33
1694344544496 5.136204624027124 34
1694344544961 4.305399985832406 35
1694344545364 4.647906944653695 36
1694344545806 5.124258576391833 37
1694344546281 3.831131397229154 38
1694344546704 3.7907718004478577 39
1694344547205 4.794482905933064 40
1694344547625 4.4453417698567685 41
1694344548009 6.89737402204214 42
1694344548425 2.1931734255447326 43
1694344548811 5.855671368678891 44
1694344549261 5.436789055302407 45
1694344549794 6.304668026995805 46
1694344550334 5.03664542261612 47
1694344550836 4.7673316439580145 48
1694344551343 4.703452827333154 49
1694344551830 3.7553500746408055 50
1694344552299 5.353391271546893 51
1694344552742 5.929931946058172 52
1694344553239 5.017357352830334 53
1694344553677 5.035620056084962 54
1694344554150 3.8339472775613177 55
1694344554572 6.639999612811848 56
1694344555026 5.103105637464691 57
1694344555494 4.650349551296185 58
1694344555975 6.770074843661124 59
1694344556433 4.291284324996864 60
1694344556884 3.9325764166448094 61
1694344557381 4.069634595583778 62
1694344557842 6.938076154348941 63
1694344558295 2.934382841095266 64
1694344558757 5.464841187379958 65
1694344559301 5.35165333255078 66
1694344559799 4.30028047903934 67
1694344560238 3.4792665100202207 68
1694344560689 3.4143347937373725 69
1694344561196 7.73488165615219 70
1694344561704 6.676785380428157 71
1694344562160 3.897057961087721 72
1694344562574 5.824732448863051 73
1694344563006 4.800218104118846 74
1694344563426 9.021372016873723 75
1694344563775 5.726829311580246 76
1694344564133 5.509179418588449 77
1694344564476 2.589363914120057 78
1694344564817 2.3295723644414665 79
1694344565143 8.882980760256832 80
1694344565470 5.654008544462749 81
1694344565848 6.470423908705426 82
1694344566192 8.54120713367749 83
1694344566538 3.059246702310245 84
1694344566892 5.140392076697015 85
1694344567244 5.324746396800143 86
1694344567577 2.7051047018442826 87
1694344567930 2.464191069039742 88
1694344568249 5.064892587053516 89
1694344568570 8.058667652688603 90
1694344568892 4.818176140468893 91
1694344569204 7.0423660175142215 92
1694344569555 4.1632021522968135 93
