1694491119362 42.26878130121715 0
1694491119771 16.024471471727498 1
1694491120147 9.291320809003752 2
1694491120516 7.080691137704872 3
1694491120837 6.151343190564117 4
1694491121165 5.658554806295938 5
1694491121475 5.376687974199191 6
1694491121835 5.193440950103599 7
1694491122167 5.070337582725368 8
1694491122537 4.984282948539417 9
1694491122989 4.916863125823496 10
1694491123443 4.845176960665796 11
1694491123839 4.783339006799577 12
1694491124217 4.739874981193849 13
1694491124682 4.70286767457503 14
1694491125044 4.682230968550194 15
1694491125563 4.653444649466115 16
1694491125974 4.6325347413010745 17
1694491126468 4.604596851053818 18
1694491127006 4.593711499982389 19
1694491127464 4.572650084187687 20
1694491127942 4.570920924139128 21
1694491128307 4.553254579958432 22
1694491128671 4.535934004597405 23
1694491129024 4.519271131380966 24
1694491129359 4.505446810237704 25
1694491129673 4.5008157238311455 26
1694491129996 4.498350911317122 27
1694491130312 4.500983193126516 28
1694491130613 4.489866441537447 29
1694491130972 4.488502309100441 30
1694491131341 4.482960129941573 31
1694491131711 4.478698610919046 32
1694491132115 4.469208041343745 33
1694491132417 4.464863369139681 34
1694491132730 4.454339977074221 35
1694491133078 4.472662334912349 36
1694491133467 4.461739852263299 37
1694491133858 4.4491203012594704 38
1694491134259 4.449888838088441 39
1694491134725 4.453234491139467 40
1694491135149 4.4445501339957145 41
1694491135567 4.442588756040942 42
1694491135979 4.43924264952016 43
1694491136469 4.451433468150978 44
1694491136978 4.435020271847838 45
1694491137398 4.439368602235942 46
1694491137904 4.437173116712006 47
1694491138298 4.438182104715005 48
1694491138724 4.438151254664242 49
