1694491119509 -58.80989285290372 0
1694491119919 -21.674463096498968 1
1694491120302 -12.147123833269049 2
1694491120624 -9.019105477697758 3
1694491120961 -7.70408764585045 4
1694491121287 -7.006797126585193 5
1694491121616 -6.607958444524388 6
1694491121961 -6.348665781254363 7
1694491122280 -6.174475776573257 8
1694491122688 -6.0527093501064195 9
1694491123141 -5.957310991112688 10
1694491123588 -5.855875801236652 11
1694491123961 -5.768375729525928 12
1694491124411 -5.7068745782173735 13
1694491124815 -5.654509618180486 14
1694491125208 -5.6253088904049084 15
1694491125689 -5.584576543574773 16
1694491126127 -5.554989237567464 17
1694491126648 -5.515457408856415 18
1694491127175 -5.5000547485192515 19
1694491127657 -5.470253060766894 20
1694491128082 -5.467806316998891 21
1694491128448 -5.442808620826385 22
1694491128811 -5.418300183994216 23
1694491129169 -5.394722388964008 24
1694491129475 -5.375161116060244 25
1694491129793 -5.368608176201511 26
1694491130120 -5.365120491725451 27
1694491130423 -5.368845143540146 28
1694491130740 -5.353115053839276 29
1694491131091 -5.351184820404982 30
1694491131464 -5.343342693628217 31
1694491131854 -5.337312687834778 32
1694491132217 -5.323883629036828 33
1694491132520 -5.317735962342717 34
1694491132858 -5.302845470293775 35
1694491133211 -5.3287714190762046 36
1694491133581 -5.3133162179368085 37
1694491133993 -5.295459682447602 38
1694491134425 -5.296547154193396 39
1694491134868 -5.301281219012509 40
1694491135276 -5.288992942552331 41
1694491135714 -5.286217612824155 42
1694491136131 -5.281482906349979 43
1694491136631 -5.298732789920137 44
1694491137126 -5.275508285166407 45
1694491137600 -5.281661128153485 46
1694491138038 -5.278554538611408 47
1694491138437 -5.279982246307051 48
1694491138840 -5.279938593801021 49
