1694491119241 21.575034910974175 0
1694491119664 38.9083276427045 1
1694491120053 43.240887928496214 2
1694491120434 8.414892922553502 3
1694491120740 0.4654392078930557 4
1694491121072 0.4354678685498216 5
1694491121396 0.006124247644095933 6
1694491121745 1.3561909722690304 7
1694491122076 7.304216887169888 8
1694491122405 3.2948663445249915 9
1694491122862 0.8443131296122427 10
1694491123302 0.03860928713609398 11
1694491123719 22.874932552355546 12
1694491124094 4.3644487373766525 13
1694491124555 2.013101296162066 14
1694491124947 0.4416199753027016 15
1694491125422 0.3446962334810719 16
1694491125841 3.172951392064389 17
1694491126307 21.24205280633637 18
1694491126817 25.600422972452378 19
1694491127345 0.0024552565410843087 20
1694491127823 0.08896788119051237 21
1694491128204 4.476027237477491 22
1694491128577 0.11514197239249412 23
1694491128940 0.9628873433190406 24
1694491129279 2.859970967175949 25
1694491129585 29.621383410421668 26
1694491129914 4.894460886204148 27
1694491130228 6.5652821477821215 28
1694491130537 0.8097752349783451 29
1694491130878 0.40433069194190047 30
1694491131230 23.435999660425637 31
1694491131603 11.638991269245128 32
1694491132008 0.2719772502775927 33
1694491132327 0.01280233972658054 34
1694491132643 4.961669769269243 35
1694491132979 0.007287418096105878 36
1694491133381 10.77037512729242 37
1694491133692 0.45098704797478817 38
1694491134137 0.0008770089482845041 39
1694491134589 25.18644461036483 40
1694491135035 0.562656695931527 41
1694491135418 0.12394263337305454 42
1694491135869 6.269743297685088 43
1694491136313 3.8288689633151582 44
1694491136802 2.4802318432374673 45
1694491137291 0.8675240392431569 46
1694491137804 0.0275559381361293 47
1694491138175 0.16405521754087243 48
1694491138563 4.3634091467578715 49
