1694511942809 2.878153659090803 0
1694511943179 2.0743908088142686 1
1694511943544 1.5418780530250347 2
1694511943927 1.1579044888170031 3
1694511944269 0.8983811815166122 4
1694511944623 0.8348154446600211 5
1694511944971 0.5582726816427623 6
1694511945365 0.4663927831493798 7
1694511945714 0.3867862556043342 8
1694511946111 0.34436340456993075 9
1694511946485 0.3031974084684578 10
1694511946868 0.2814206802246062 11
1694511947237 0.24873001508109466 12
1694511947593 0.26449289588292973 13
1694511947957 0.22127295196726132 14
1694511948339 0.21260078716986075 15
1694511948724 0.209529185120135 16
1694511949089 0.20415970474896372 17
1694511949506 0.2035413720290879 18
1694511949895 0.2126749670281411 19
1694511950249 0.19469931205987026 20
1694511950694 0.19359628838622928 21
1694511951070 0.20500575675223567 22
1694511951436 0.2011815589773044 23
1694511951820 0.19496779547538412 24
1694511952236 0.1935813166373856 25
1694511960282 0.2000125440360694 26
1694511960658 0.23980890893198853 27
1694511961037 0.19766159378975673 28
1694511961469 0.19536697518916807 29
1694511961877 0.19276385530122048 30
1694511962291 0.1952606379400917 31
1694511962661 0.22268901803404578 32
1694511963025 0.21363335240495873 33
1694511963448 0.20525598242723384 34
1694511963844 0.193387192614862 35
1694511964208 0.19594326987764896 36
1694511964565 0.1964690722340594 37
1694511964963 0.21216079981549194 38
1694511965381 0.1959974299913826 39
1694511965834 0.19900375409528837 40
1694511966213 0.19941231434912557 41
1694511966582 0.19588437836850628 42
1694511966985 0.1951553259005188 43
1694511967388 0.20120413879947083 44
1694511967779 0.2212156163404247 45
1694511968145 0.19349387849693206 46
1694511968560 0.19390846499630643 47
1694511968948 0.23055505891245037 48
1694511969300 0.23785387287080498 49
