1694511942936 -3.244345174516158 0
1694511943326 -2.059055096534628 1
1694511943675 -1.273771121767168 2
1694511944051 -0.7075343820293218 3
1694511944401 -0.3248214947115371 4
1694511944756 -0.2310826049758643 5
1694511945114 0.1767284714245696 6
1694511945498 0.31222158610719997 7
1694511945848 0.42961545073933927 8
1694511946270 0.4921754264753003 9
1694511946617 0.5528819479480391 10
1694511947003 0.5849955743858086 11
1694511947373 0.6332037256133625 12
1694511947743 0.60995857785816 13
1694511948093 0.673694007626449 14
1694511948497 0.6864826440823927 15
1694511948863 0.6910122630263325 16
1694511949265 0.6989305088194495 17
1694511949650 0.6998423494668593 18
1694511950025 0.6863732527986632 19
1694511950432 0.7128815263171275 20
1694511950813 0.7145081292581512 21
1694511951196 0.69768285592707 22
1694511951583 0.7033223099990089 23
1694511951986 0.7124856001700037 24
1694511960002 0.7145302077423065 25
1694511960428 0.705046228702618 26
1694511960790 0.6463594699968176 27
1694511961192 0.7085131194650164 28
1694511961636 0.7118969392808909 29
1694511962028 0.7157356986536576 30
1694511962422 0.7120537523087719 31
1694511962797 0.6716057684671641 32
1694511963162 0.6849599445353693 33
1694511963587 0.6973138540383543 34
1694511963971 0.7148164778501074 35
1694511964342 0.7110470911247901 36
1694511964705 0.710271702817383 37
1694511965094 0.6871314830345678 38
1694511965536 0.7109672224851675 39
1694511965969 0.7065338673850527 40
1694511966352 0.705931373235237 41
1694511966738 0.7111339370413938 42
1694511967127 0.7122090534844294 43
1694511967521 0.703289012068945 44
1694511967918 0.6737785591201899 45
1694511968309 0.7146591507013909 46
1694511968714 0.7140477697897146 47
1694511969068 0.6600059039014377 48
1694511969433 0.6492425154680281 49
