1694511921785 1.5664032078964198 0
1694511943070 2.0874979089561254 1
1694511943444 0.36982219990630016 2
1694511943804 0.001095808607690264 3
1694511944174 3.4027058336643257 4
1694511944522 0.12267362260040104 5
1694511944880 0.07789694446445597 6
1694511945269 0.08310313973221545 7
1694511945623 0.13362163610002795 8
1694511946000 0.4031719890386013 9
1694511946394 0.07718293089454287 10
1694511946754 0.1580857943115793 11
1694511947140 0.14201384111896784 12
1694511947500 0.010700765453427546 13
1694511947865 0.0888762681284613 14
1694511948244 0.7091884520718277 15
1694511948624 0.42687759474071624 16
1694511948995 0.14169795653351214 17
1694511949401 0.030008481364727974 18
1694511949786 2.119616159726962 19
1694511950153 0.02271123649766187 20
1694511950587 0.005153636106282723 21
1694511950960 0.061904552705115475 22
1694511951327 0.002483812320607279 23
1694511951717 0.023687353307901365 24
1694511952117 0.551755908683875 25
1694511960171 0.5213955939768254 26
1694511960555 0.09495454807302764 27
1694511960936 0.01338262967928328 28
1694511961363 0.0015754194135109815 29
1694511961780 0.26228480354724365 30
1694511962184 0.0535314450818135 31
1694511962567 0.06590773164104187 32
1694511962922 0.17544134535011163 33
1694511963328 0.05996551792070237 34
1694511963739 0.13308899758346943 35
1694511964117 0.40315688787688286 36
1694511964472 0.004841405127074825 37
1694511964855 0.02770912892765998 38
1694511965268 0.17798941534284965 39
1694511965720 0.00823713725218176 40
1694511966098 0.013548750981149955 41
1694511966482 0.004984758763667556 42
1694511966889 0.05903418421629918 43
1694511967283 0.6366416433437061 44
1694511967649 0.007398470119671939 45
1694511968046 0.0013156123183102237 46
1694511968458 0.0016940361184941473 47
1694511968850 0.001107983865800755 48
1694511969196 0.042171216768362677 49
