1694512399903 120.998592665601 0
1694512400231 87.01034129844065 1
1694512400548 63.21402867112767 2
1694512400860 46.508811871251005 3
1694512401190 34.730107677050825 4
1694512401510 26.404856627053217 5
1694512401801 20.48076098796796 6
1694512402100 16.24868440857371 7
1694512402460 13.19837770547852 8
1694512402806 10.983463644195515 9
1694512403142 9.360783063225622 10
1694512403491 8.157407748818516 11
1694512403771 7.253838730753782 12
1694512404081 6.567397865552279 13
1694512404386 6.036238944899873 14
1694512404683 5.6202836508461695 15
1694512405006 5.28860180414554 16
1694512405325 5.018170816944675 17
1694512405671 4.796902023381759 18
1694512405988 4.6104578173121 19
1694512406287 4.452872434154776 20
1694512406591 4.3168313932035 21
1694512406944 4.198362360857962 22
1694512407288 4.093546742008547 23
1694512407626 4.000304700338813 24
1694512407943 3.916633163574115 25
1694512408230 3.8409183132272005 26
1694512408490 3.77164221164767 27
1694512408752 3.7082228991007855 28
1694512409057 3.649786278961153 29
1694512409369 3.595353355510524 30
1694512409633 3.5449992784792568 31
1694512409882 3.497870487082648 32
1694512410188 3.4537219557303427 33
1694512410438 3.412083886024383 34
1694512410695 3.372684227153395 35
1694512410960 3.3354156970454287 36
1694512411236 3.2998407224908743 37
1694512411562 3.2658489782110247 38
1694512411893 3.2334829390426942 39
1694512412222 3.2023704797120827 40
1694512412566 3.1723256456813735 41
1694512412837 3.1435551164254907 42
1694512413130 3.1158500984855464 43
1694512413417 3.0889418427284108 44
1694512413722 3.062849416779831 45
1694512414048 3.037579184941161 46
1694512414375 3.0129721831557714 47
1694512414691 2.989030872301814 48
1694512414995 2.9657781620698054 49
