1694512400044 -168.52847680051084 0
1694512400370 -120.90828257799026 1
1694512400681 -87.56779039287736 2
1694512401003 -64.1624771878543 3
1694512401326 -47.65959284237193 4
1694512401617 -35.99526602339406 5
1694512401917 -27.695145435295785 6
1694512402269 -21.765675675340535 7
1694512402628 -17.49195779351986 8
1694512402930 -14.38869023658991 9
1694512403274 -12.115188031602694 10
1694512403608 -10.429165247564397 11
1694512403895 -9.16319449582196 12
1694512404167 -8.201437241232677 13
1694512404485 -7.457242116533466 14
1694512404821 -6.874456268660707 15
1694512405098 -6.40974410123131 16
1694512405445 -6.030849170886763 17
1694512405818 -5.720834312781128 18
1694512406106 -5.459611421118061 19
1694512406399 -5.238821993868128 20
1694512406739 -5.048217872392405 21
1694512407102 -4.88223350712731 22
1694512407427 -4.73537864033103 23
1694512407758 -4.604739258915036 24
1694512408051 -4.487508902207676 25
1694512408341 -4.381426484489273 26
1694512408583 -4.284365256579686 27
1694512408877 -4.195509847446771 28
1694512409189 -4.113635579462343 29
1694512409470 -4.037370803177823 30
1694512409733 -3.9668208092336936 31
1694512409995 -3.9007896923181695 32
1694512410281 -3.8389341524457317 33
1694512410532 -3.7805959653754657 34
1694512410796 -3.7253939666768714 35
1694512411053 -3.673177845789758 36
1694512411377 -3.6233345284784724 37
1694512411701 -3.5757094404125214 38
1694512412021 -3.530362092155035 39
1694512412360 -3.4867711071390923 40
1694512412660 -3.4446759485364886 41
1694512412934 -3.4043661904306743 42
1694512413225 -3.36554929688159 43
1694512413546 -3.327848729367778 44
1694512413864 -3.291291203121852 45
1694512414172 -3.2558856350269805 46
1694512414521 -3.2214093040267233 47
1694512414817 -3.1878656580035347 48
1694512415094 -3.1552867952227883 49
