1694512399787 130.87858870553242 0
1694512400143 87.4314867568094 1
1694512400463 70.71877739491602 2
1694512400770 43.518432079574545 3
1694512401093 44.127381088306656 4
1694512401421 22.88336678815969 5
1694512401713 27.098340745876396 6
1694512402012 11.828580961380855 7
1694512402360 13.022698702115623 8
1694512402718 8.324547503445464 9
1694512403032 6.945191632545107 10
1694512403362 8.745529475117808 11
1694512403689 6.585392199099089 12
1694512403991 4.43445684790481 13
1694512404263 5.079386088212223 14
1694512404590 5.19440518259909 15
1694512404925 2.8733758641857436 16
1694512405195 5.244186937722374 17
1694512405524 2.3299817015322297 18
1694512405905 4.629199899936139 19
1694512406194 3.6274863056688216 20
1694512406490 2.8830172858276875 21
1694512406839 2.349989784895982 22
1694512407194 3.425413427351707 23
1694512407522 3.43777646208936 24
1694512407852 3.5001377424043847 25
1694512408139 3.2541252147760678 26
1694512408409 3.110467035586957 27
1694512408668 3.4137665127208416 28
1694512408959 3.511901832463251 29
1694512409284 4.410437590270992 30
1694512409552 2.3487845449201656 31
1694512409805 2.7282744611698666 32
1694512410107 1.632961441546394 33
1694512410365 3.6412048511419384 34
1694512410621 2.748625712375114 35
1694512410876 2.911336463080397 36
1694512411148 4.801815531873463 37
1694512411468 3.626054190259632 38
1694512411799 2.6564842186338633 39
1694512412118 4.325965534948952 40
1694512412457 4.445679633617011 41
1694512412744 2.754427904951568 42
1694512413020 3.097226878973974 43
1694512413322 2.4306905517333326 44
1694512413631 3.8144502068021584 45
1694512413960 1.7701091856719677 46
1694512414279 4.443911568267977 47
1694512414613 3.3369816826164658 48
1694512414899 2.397233906716107 49
