1694493031407 -228.77113120764972 0
1694493031730 -219.82852013784 1
1694493032063 -211.25382598713907 2
1694493032407 -203.0317865533476 3
1694493032718 -195.1476856369278 4
1694493033045 -187.58742514712907 5
1694493033373 -180.33749905108135 6
1694493033698 -173.3849684248252 7
1694493034018 -166.71743755774546 8
1694493034364 -160.32303106587617 9
1694493034703 -154.19037197142885 10
1694493035130 -148.30856070769912 11
1694493035431 -142.66715501023705 12
1694493035728 -137.2561506568194 13
1694493036028 -132.06596302034757 14
1694493036426 -127.08740940031376 15
1694493036747 -122.31169209992915 16
1694493037057 -117.73038221740228 17
1694493037385 -113.33540412118695 18
1694493037741 -109.11902058029696 19
1694493038090 -105.07381852200628 20
1694493038405 -101.19269539042567 21
1694493038790 -97.4688460805662 22
1694493039119 -93.89575042357566 23
1694493039415 -90.46716119986077 24
1694493039722 -87.17709265779409 25
1694493040065 -84.01980951664694 26
1694493040369 -80.98981643329319 27
1694493040688 -78.08184791309344 28
1694493041018 -75.29085864619844 29
1694493041340 -72.61201425130272 30
1694493041664 -70.04068240963984 31
1694493041971 -67.57242437273857 32
1694493042336 -65.20298682815537 33
1694493042637 -62.9282941080666 34
1694493042953 -60.74444072624255 35
1694493043303 -58.64768422953761 36
1694493043612 -56.63443835061715 37
1694493043920 -54.70126644920296 38
1694493044218 -52.8448752296565 39
1694493044564 -51.0621087232347 40
1694493044898 -49.349942523845314 41
1694493045241 -47.7054782666018 42
1694493045557 -46.12593833892953 43
1694493045865 -44.60866081440834 44
1694493046174 -43.1510945999512 45
1694493046502 -41.750794787316366 46
1694493046851 -40.4054182003301 47
1694493047153 -39.11271912956226 48
1694493047486 -37.870545246545404 49
