1694493031153 169.17813275916612 0
1694493031502 162.49000205166774 1
1694493031823 156.15405761852517 2
1694493032156 150.07903476895964 3
1694493032503 144.2541139071126 4
1694493032816 138.66885972606704 5
1694493033135 133.31327489765957 6
1694493033468 128.17778163157806 7
1694493033780 123.2532040137155 8
1694493034129 118.53075108946024 9
1694493034463 114.00200066046237 10
1694493034799 109.65888376474571 11
1694493035228 105.49366981130828 12
1694493035520 101.49895234157466 13
1694493035814 97.66763539123055 14
1694493036137 93.99292042709003 15
1694493036523 90.46829383471605 16
1694493036826 87.08751493354217 17
1694493037155 83.8446044972248 18
1694493037476 80.73383375789764 19
1694493037838 77.7497138739008 20
1694493038177 74.88698584141987 21
1694493038524 72.14061083129793 22
1694493038887 69.50576093307434 23
1694493039198 66.97781028906292 24
1694493039517 64.55232660200794 25
1694493039811 62.225063000552765 26
1694493040152 59.991950247420384 27
1694493040463 57.84908927584487 28
1694493040791 55.79274404040243 29
1694493041113 53.81933466897661 30
1694493041440 51.92543090315191 31
1694493041757 50.107745814867386 32
1694493042065 48.36312978767555 33
1694493042424 46.688564751444005 34
1694493042726 45.081158659808956 35
1694493043054 43.53814020014116 36
1694493043390 42.05685372621714 37
1694493043706 40.63475440420326 38
1694493044017 39.26940356295581 39
1694493044314 37.95846424002154 40
1694493044664 36.69969691508556 41
1694493045003 35.490955422962955 42
1694493045332 34.33018303856365 43
1694493045656 33.21540872658006 44
1694493045955 32.14474354895257 45
1694493046269 31.116377223462038 46
1694493046601 30.12857482707812 47
1694493046953 29.179673637962267 48
1694493047264 28.268080110280916 49
