1694494640347 169.91935781395966 0
1694494640780 169.85868788956375 1
1694494641123 169.79804070166065 2
1694494641493 169.73741638316835 3
1694494641926 169.67681492534157 4
1694494642262 169.61623631944164 5
1694494642628 169.55568055673305 6
1694494642980 169.49514762848372 7
1694494643360 169.434637525965 8
1694494643814 169.37415024045148 9
1694494644185 169.31368576322112 10
1694494644593 169.2532440855554 11
1694494644974 169.19282519873894 12
1694494645370 169.13242909405983 13
1694494645768 169.07205576280947 14
1694494646224 169.01170519628263 15
1694494646588 168.9513773857775 16
1694494647070 168.89107232259545 17
1694494647495 168.83078999804133 18
1694494647972 168.77053040342324 19
1694494648376 168.71029353005278 20
1694494648747 168.65007936924468 21
1694494649167 168.58988791231724 22
1694494649568 168.52971915059186 23
1694494650005 168.4695730753935 24
1694494650437 168.40944967805032 25
1694494650827 168.34934894989382 26
1694494651174 168.28927088225893 27
1694494651612 168.22921546648382 28
1694494652030 168.16918269391002 29
1694494652496 168.10917255588242 30
1694494652935 168.04918504374916 31
1694494653386 167.98922014886188 32
1694494653764 167.92927786257528 33
1694494654089 167.86935817624766 34
1694494654504 167.8094610812405 35
1694494654929 167.74958656891855 36
1694494655330 167.68973463065 37
1694494655765 167.62990525780637 38
1694494656204 167.57009844176238 39
1694494656628 167.51031417389618 40
1694494657055 167.45055244558912 41
1694494657434 167.39081324822604 42
1694494657758 167.3310965731949 43
1694494658197 167.27140241188712 44
1694494658616 167.21173075569735 45
1694494659077 167.15208159602358 46
1694494659445 167.09245492426714 47
1694494659808 167.03285073183255 48
1694494660246 166.9732690101278 49
