1694494640170 169.20469406006055 0
1694494640661 169.13681821475987 1
1694494640990 169.07575647855478 2
1694494641337 169.01471775334298 3
1694494641788 168.95370217332578 4
1694494642149 168.89270972962635 5
1694494642486 168.83174041337426 6
1694494642846 168.7707942157024 7
1694494643220 168.70987112774728 8
1694494643616 168.64897114064863 9
1694494644054 168.58809424554968 10
1694494644436 168.52724043359714 11
1694494644847 168.46640969594102 12
1694494645260 168.40560202373476 13
1694494645612 168.34481740813527 14
1694494646077 168.28405584030278 15
1694494646464 168.22331731140102 16
1694494646874 168.16260181259705 17
1694494647339 168.10190933506138 18
1694494647788 168.04123986996788 19
1694494648248 167.98059340849386 20
1694494648620 167.91996994182006 21
1694494649015 167.85936946113046 22
1694494649438 167.7987919576127 23
1694494649825 167.73823742245756 24
1694494650300 167.67770584685934 25
1694494650688 167.6171972220157 26
1694494651064 167.55671153912778 27
1694494651464 167.49624878939997 28
1694494651880 167.4358089640401 29
1694494652344 167.37539205425946 30
1694494652773 167.31499805127262 31
1694494653202 167.2546269462976 32
1694494653644 167.19427873055585 33
1694494653980 167.13395339527204 34
1694494654329 167.0736509316744 35
1694494654770 167.01337133099443 36
1694494655187 166.95311458446702 37
1694494655580 166.8928806833305 38
1694494656038 166.83266961882651 39
1694494656504 166.7724813822001 40
1694494656903 166.7123159646997 41
1694494657302 166.65217335757706 42
1694494657646 166.59205355208735 43
1694494658028 166.5319565394891 44
1694494658471 166.4718823110442 45
1694494658883 166.4118308580179 46
1694494659336 166.35180217167886 47
1694494659678 166.29179624329902 48
1694494660037 166.23181306415376 49
