1694352311618 81.78924662290517 0
1694352312438 14.791750032314397 1
1694352313198 0.8284169461485226 2
1694352313960 0.0464398157290575 3
1694352314818 0.2224466846450951 4
1694352315523 4.6866750211859145 5
1694352316216 0.14329806707103246 6
1694352316867 1.8854348381954154 7
1694352317579 10.872958027916916 8
1694352318268 0.29298872723772074 9
1694352319006 1.8938475353021273 10
1694352319803 0.26352101949147155 11
1694352320519 0.31147198474361626 12
1694352321204 0.713291430199683 13
1694352321914 3.656621025970369 14
1694352322531 0.08442602674744393 15
1694352323315 1.0078442982886908 16
1694352324084 0.019653058461471862 17
1694352324858 25.352543437050407 18
1694352325616 1.2666502580306351 19
1694352326312 0.29554491136165506 20
1694352327050 3.0667109681275364 21
1694352327761 0.04620314084052115 22
1694352328586 0.12450427278808973 23
1694352329311 3.280771675702533 24
1694352330142 0.09949702056285326 25
1694352330836 7.0005429399809085 26
1694352331509 2.260441802125307 27
1694352332262 0.008783886270866233 28
1694352332971 5.57089361077921 29
1694352333918 23.901196210457528 30
1694352334909 4.981343727081858 31
1694352336108 0.9490448400751493 32
1694352337237 1.3374894173003467 33
1694352338246 22.123946801187223 34
1694352339357 0.8581877302390573 35
1694352340418 2.489382330294545 36
1694352341446 21.126351356417977 37
1694352342526 0.14701626022496464 38
1694352343630 0.6812622541809835 39
1694352344904 0.7145733066275723 40
1694352346014 5.14123194554088 41
1694352347001 1.3766788819001818 42
1694352348104 2.1314934190193813 43
1694352349200 5.132346218602613 44
1694352350248 4.287544627312584 45
1694352351310 3.4368282215794963 46
1694352352376 5.184228524986916 47
1694352353406 1.9831923802062803 48
1694352354523 0.019959043664165673 49
1694352355625 14.741282490559916 50
1694352356741 0.2351511075452383 51
1694352357761 0.008524845080944685 52
1694352358638 2.909120089480452 53
1694352359796 0.31829780546431324 54
1694352360940 2.1698776109262377 55
1694352362065 0.0025562950515772135 56
1694352363125 0.02889415247630882 57
1694352363954 5.714496271663004 58
1694352364651 1.1287278132302163 59
1694352365418 5.7172052655307715 60
1694352366107 3.044652707782868 61
1694352366867 2.9702699090257823 62
1694352367719 20.949453547146447 63
1694352368505 0.0018825200208157319 64
1694352369308 4.603023369613238 65
1694352370130 43.307614281396695 66
1694352370928 20.717922810403675 67
1694352371753 10.189670924511008 68
1694352372527 0.5578296464328147 69
1694352373301 5.547922623469663 70
1694352374046 5.860550259779191 71
1694352374783 8.032990495237357 72
1694352375474 2.394940223722544 73
1694352376191 13.297972945840144 74
