1694494566720 168.6381265973844 0
1694494567161 167.97649917051965 1
1694494567605 167.3176135409574 2
1694494568041 166.66145833121075 3
1694494568482 166.00802207082526 4
1694494568963 165.3572933378461 5
1694494569374 164.7092607586091 6
1694494569762 164.0639130075358 7
1694494570256 163.42123880692964 8
1694494570630 162.78122692677243 9
1694494571078 162.1438661845225 10
1694494571561 161.50914544491283 11
1694494572008 160.8770536197509 12
1694494572453 160.24757966771858 13
1694494572918 159.6207125941734 14
1694494573308 158.9964414509507 15
1694494573757 158.37475533616606 16
1694494574264 157.7556433940194 17
1694494574665 157.13909481459902 18
1694494575077 156.52509883368714 19
1694494575506 155.91364473256624 20
1694494575936 155.30472183782555 21
1694494576412 154.69831952116925 22
1694494576881 154.09442719922495 23
1694494577333 153.49303433335297 24
1694494577722 152.8941304294567 25
1694494578172 152.29770503779383 26
1694494578580 151.70374775278773 27
1694494578988 151.11224821284046 28
1694494579479 150.5231961001461 29
1694494579994 149.9365811405049 30
1694494580367 149.35239310313852 31
1694494580779 148.77062180050552 32
1694494581228 148.19125708811828 33
1694494581629 147.61428886436005 34
1694494581991 147.03970707030342 35
1694494582395 146.46750168952892 36
1694494582786 145.89766274794502 37
1694494583310 145.33018031360825 38
1694494583716 144.76504449654485 39
1694494584175 144.20224544857223 40
1694494584582 143.64177336312218 41
1694494584973 143.08361847506404 42
1694494585407 142.52777106052915 43
1694494585869 141.9742214367357 44
1694494586227 141.42295996181437 45
1694494586669 140.8739770346353 46
1694494587111 140.32726309463453 47
1694494587520 139.78280862164266 48
1694494587962 139.24060413571308 49
