1694494566852 -235.27518389041498 0
1694494567288 -234.3481922005545 1
1694494567753 -233.42504198281497 2
1694494568183 -232.50571729644864 3
1694494568655 -231.59020207045322 4
1694494569126 -230.6784803017781 5
1694494569509 -229.77053605503158 6
1694494569892 -228.86635346219393 7
1694494570399 -227.96591672233157 8
1694494570775 -227.06921010131208 9
1694494571267 -226.1762179315214 10
1694494571720 -225.2869246115809 11
1694494572171 -224.40131460606702 12
1694494572594 -223.5193724452308 13
1694494573057 -222.64108272471972 14
1694494573471 -221.76643010530006 15
1694494573907 -220.89539931258054 16
1694494574392 -220.02797513673747 17
1694494574801 -219.16414243224045 18
1694494575222 -218.3038861175799 19
1694494575681 -217.44719117499548 20
1694494576078 -216.5940426502053 21
1694494576540 -215.74442565213695 22
1694494577045 -214.89832535265927 23
1694494577455 -214.05572698631516 24
1694494577879 -213.21661585005586 25
1694494578297 -212.38097730297628 26
1694494578705 -211.54879676605108 27
1694494579118 -210.72005972187247 28
1694494579625 -209.89475171438858 29
1694494580120 -209.07285834864336 30
1694494580501 -208.25436529051743 31
1694494580920 -207.43925826646972 32
1694494581384 -206.62752306328088 33
1694494581759 -205.81914552779705 34
1694494582118 -205.0141115666755 35
1694494582531 -204.21240714613032 36
1694494582926 -203.41401829168043 37
1694494583450 -202.61893108789755 38
1694494583844 -201.8271316781561 39
1694494584303 -201.03860626438322 40
1694494584704 -200.25334110681118 41
1694494585110 -199.47132252372927 42
1694494585589 -198.69253689123823 43
1694494585988 -197.9169706430047 44
1694494586343 -197.1446102700168 45
1694494586813 -196.37544232034182 46
1694494587240 -195.6094533988832 47
1694494587669 -194.84663016714015 48
1694494588087 -194.0869593429672 49
