1694494566555 168.5328596740497 0
1694494566991 167.85740084519892 1
1694494567403 167.19151877164876 2
1694494567881 166.5284114865377 3
1694494568298 165.8680674405529 4
1694494568761 165.21047499081203 5
1694494569229 164.55562254374075 6
1694494569611 163.90349855485977 7
1694494570084 163.25409152857668 8
1694494570522 162.60739001797828 9
1694494570912 161.96338262462373 10
1694494571395 161.322057998339 11
1694494571856 160.68340483701155 12
1694494572295 160.04741188638647 13
1694494572783 159.41406793986326 14
1694494573173 158.78336183829333 15
1694494573602 158.15528246977863 16
1694494574092 157.52981876947095 17
1694494574515 156.9069597193722 18
1694494574934 156.28669434813528 19
1694494575365 155.6690117308663 20
1694494575825 155.05390098892698 21
1694494576223 154.44135128973858 22
1694494576680 153.83135184658613 23
1694494577187 153.22389191842362 24
1694494577558 152.61896080968032 25
1694494577999 152.0165478700675 26
1694494578416 151.41664249438628 27
1694494578836 150.819234122336 28
1694494579318 150.22431223832385 29
1694494579831 149.6318663712749 30
1694494580222 149.04188609444296 31
1694494580588 148.45436102522262 32
1694494581024 147.8692808249617 33
1694494581481 147.2866351987746 34
1694494581875 146.70641389535666 35
1694494582242 146.12860670679885 36
1694494582646 145.5532034684037 37
1694494583131 144.9801940585019 38
1694494583564 144.40956839826953 39
1694494584028 143.8413164515461 40
1694494584423 143.27542822465358 41
1694494584812 142.7118937662158 42
1694494585247 142.1507031669792 43
1694494585730 141.5918465596337 44
1694494586088 141.03531411863472 45
1694494586464 140.48109606002598 46
1694494586960 139.92918264126286 47
1694494587355 139.37956416103648 48
1694494587802 138.83223095909892 49
