1694509222575 0.3317997312046169 0
1694509222906 0.33812624387755047 1
1694509223216 0.3035509221593637 2
1694509223541 0.3109727903007512 3
1694509223860 0.33054738437232095 4
1694509224178 5.556340561884039 5
1694509224504 0.31525392133362806 6
1694509224812 0.3236418888118277 7
1694509225102 0.3253405682730204 8
1694509225398 0.3121929710721734 9
1694509225724 0.3068369009488147 10
1694509226009 0.3309019818330457 11
1694509226310 0.35618031776882936 12
1694509226648 0.2957527300438725 13
1694509226956 0.29740363192554653 14
1694509227243 0.31580776645933983 15
1694509227570 0.32459797730640366 16
1694509227877 0.31288133547094943 17
1694509228177 0.31260193182027113 18
1694509228465 0.3282452675194105 19
1694509228815 0.32448907592063636 20
1694509229087 0.31235184378069686 21
1694509229364 0.3126523030399713 22
1694509229683 0.3197616297350398 23
1694509230012 0.3073009250616095 24
1694509230326 0.30387255843527267 25
1694509230612 0.32648172272881804 26
1694509230930 0.31741261162376166 27
1694509231256 0.32713257540343216 28
1694509231564 0.3056025930806303 29
1694509231905 0.30272997669537166 30
1694509232266 0.33431755841362326 31
1694509232575 0.29828755237103927 32
1694509232890 0.31394832551703145 33
1694509233219 0.32427390128936034 34
1694509233542 0.3011750530648812 35
1694509233858 0.3193755901547409 36
1694509234164 0.3152018043517195 37
1694509234477 0.35749530708292926 38
1694509234801 0.3182043854426588 39
1694509235126 0.3097190227256863 40
1694509235459 0.30713469280270284 41
1694509235776 0.29773197147424574 42
1694509236068 0.30814150752452596 43
1694509236372 0.3154443967830099 44
1694509236695 0.3181010535676801 45
1694509237015 0.3039730515479307 46
1694509237335 0.29893361511622096 47
1694509237683 4.79366923583181 48
1694509238006 0.30207583985570186 49
