1694509222698 0.5351226671752113 0
1694509223005 0.5262587288989568 1
1694509223329 0.5747014545261135 2
1694509223656 0.5643028377049994 3
1694509223980 0.5368773028798746 4
1694509224301 -6.784867007869649 5
1694509224610 0.558304638825176 6
1694509224907 0.5465524413929188 7
1694509225201 0.544172458822178 8
1694509225503 0.562593269163387 9
1694509225819 0.5700975416482674 10
1694509226118 0.5363804841477747 11
1694509226440 0.5009635615800189 12
1694509226773 0.5856273306211404 13
1694509227050 0.5833142881701363 14
1694509227345 0.5575286585556799 15
1694509227677 0.5452128867534702 16
1694509227976 0.5616288168880559 17
1694509228272 0.5620202832205852 18
1694509228589 0.5401027483573215 19
1694509228908 0.5453654660987657 20
1694509229172 0.5623706760927751 21
1694509229473 0.5619497092084232 22
1694509229807 0.5519889873591781 23
1694509230113 0.5694474076317653 24
1694509230415 0.5742508169877967 25
1694509230718 0.542573612319722 26
1694509231033 0.5552801451619993 27
1694509231351 0.541661716899138 28
1694509231673 0.5718269033555932 29
1694509232004 0.5758516632267345 30
1694509232348 0.5315949946445945 31
1694509232686 0.5820758466028748 32
1694509233011 0.560133880514924 33
1694509233337 0.5456669425596297 34
1694509233657 0.57803023265313 35
1694509233969 0.5525298589560375 36
1694509234262 0.5583776587865141 37
1694509234586 0.49912115886675423 38
1694509234907 0.5541708082140968 39
1694509235234 0.5660594639812242 40
1694509235554 0.5696803120071527 41
1694509235875 0.5828542588231984 42
1694509236172 0.5682696859622473 43
1694509236478 0.5580377678468429 44
1694509236811 0.5543155842398684 45
1694509237129 0.5741100182897082 46
1694509237469 0.5811706622474592 47
1694509237785 -5.716304924983393 48
1694509238111 0.5767681600190137 49
