1694509222491 0.43625680137233214 0
1694509222815 0.09184362781368977 1
1694509223135 3.1817896056219415e-05 2
1694509223446 1.2462539097153917 3
1694509223780 0.3018943583681356 4
1694509224094 2.1998235082128286 5
1694509224410 0.1890450507730817 6
1694509224727 0.028241968054946755 7
1694509225027 0.8020889999845874 8
1694509225314 0.017262737269726953 9
1694509225624 1.1094197545917999 10
1694509225936 0.12737137358900327 11
1694509226232 0.057649588206603104 12
1694509226568 0.20147683733717453 13
1694509226878 0.16996293402819013 14
1694509227165 0.04932637650085805 15
1694509227480 0.5822420296991004 16
1694509227794 0.005064074459805505 17
1694509228089 0.18762623839513912 18
1694509228389 2.5715210940195767 19
1694509228713 0.3776470566393592 20
1694509229019 0.002667734781307329 21
1694509229288 0.061333821412486916 22
1694509229591 0.2549455931372194 23
1694509229927 0.1252187701909326 24
1694509230240 7.576505753424154e-05 25
1694509230535 0.1290199413268376 26
1694509230847 0.3056932545807239 27
1694509231158 0.21678149434854213 28
1694509231482 0.08924299984139107 29
1694509231807 0.009302235331452918 30
1694509232176 0.17579556518151523 31
1694509232486 0.027888222939832102 32
1694509232803 0.6068416461496386 33
1694509233141 0.8407900733602205 34
1694509233459 0.34552097535830206 35
1694509233786 0.010080046258615232 36
1694509234090 0.013319101712015079 37
1694509234384 0.04598608665848954 38
1694509234721 0.4248178002365006 39
1694509235039 0.7701033298164379 40
1694509235363 0.28127932911899955 41
1694509235681 0.2088050203886108 42
1694509235985 0.2334188651067594 43
1694509236292 1.6205488281597704 44
1694509236607 0.8542585553046291 45
1694509236941 0.7878249292313934 46
1694509237247 0.47668042418350526 47
1694509237593 0.18047425338180034 48
1694509237923 0.02817598840543116 49
