1694494619023 168.14348528975694 0
1694494619437 168.0828881857339 1
1694494619811 168.02231372518855 2
1694494620190 167.96176203977961 3
1694494620629 167.90123312086357 4
1694494621061 167.84072695980316 5
1694494621439 167.7802435479643 6
1694494621848 167.71978287671627 7
1694494622293 167.65934493743165 8
1694494622635 167.59892972148623 9
1694494623050 167.5385372202592 10
1694494623435 167.47816742513297 11
1694494623803 167.41782032749325 12
1694494624232 167.35749591872903 13
1694494624606 167.2971941902326 14
1694494624976 167.2369151333995 15
1694494625359 167.17665873962855 16
1694494625777 167.11642500032193 17
1694494626142 167.05621390688503 18
1694494626547 166.99602545072642 19
1694494627009 166.9358596232582 20
1694494627359 166.87571641589548 21
1694494627737 166.8155958200568 22
1694494628140 166.75549782716396 23
1694494628547 166.695422428642 24
1694494628937 166.63536961591913 25
1694494629332 166.57533938042704 26
1694494629757 166.51533171360057 27
1694494630128 166.45534660687775 28
1694494630581 166.39538405170003 29
1694494631012 166.33544403951203 30
1694494631409 166.2755265617616 31
1694494631808 166.21563160990002 32
1694494632149 166.1557591753816 33
1694494632497 166.09590924966412 34
1694494632866 166.03608182420842 35
1694494633273 165.97627689047874 36
1694494633636 165.9164944399425 37
1694494633985 165.85673446407048 38
1694494634357 165.79699695433652 39
1694494634734 165.73728190221786 40
1694494635119 165.67758929919506 41
1694494635483 165.61791913675165 42
1694494635852 165.55827140637473 43
1694494636290 165.4986460995544 44
1694494636686 165.43904320778415 45
1694494637017 165.37946272256062 46
1694494637467 165.31990463538375 47
1694494637883 165.26036893775674 48
1694494638325 165.20085562118598 49
