1694494618871 168.8649322562901 0
1694494619285 168.79801070580933 1
1694494619666 168.73780711389867 2
1694494620049 168.67762590757152 3
1694494620441 168.6174672174839 4
1694494620911 168.55733103510397 5
1694494621321 168.49721735190604 6
1694494621695 168.43712615936778 7
1694494622121 168.37705744897002 8
1694494622507 168.31701121219683 9
1694494622891 168.25698744053562 10
1694494623296 168.19698612547694 11
1694494623680 168.13700725851461 12
1694494624083 168.07705083114578 13
1694494624488 168.01711683487073 14
1694494624838 167.957205261193 15
1694494625221 167.89731610161948 16
1694494625654 167.83744934766017 17
1694494626000 167.77760499082834 18
1694494626392 167.7177830226405 19
1694494626861 167.65798343461648 20
1694494627237 167.5982062182792 21
1694494627602 167.53845136515488 22
1694494627988 167.47871886677302 23
1694494628397 167.4190087146663 24
1694494628791 167.35932090037056 25
1694494629191 167.29965541542504 26
1694494629586 167.24001225137204 27
1694494630019 167.18039139975716 28
1694494630381 167.12079285212928 29
1694494630861 167.06121660004038 30
1694494631255 167.0016626350457 31
1694494631678 166.94213094870375 32
1694494632029 166.88262153257625 33
1694494632370 166.8231343782281 34
1694494632719 166.76366947722747 35
1694494633136 166.70422682114562 36
1694494633502 166.64480640155716 37
1694494633836 166.5854082100399 38
1694494634217 166.52603223817485 39
1694494634581 166.4666784775461 40
1694494634954 166.40734691974117 41
1694494635365 166.3480375563506 42
1694494635703 166.28875037896825 43
1694494636107 166.22948537919115 44
1694494636537 166.1702425486195 45
1694494636891 166.11102187885677 46
1694494637311 166.0518233615096 47
1694494637737 165.99264698818777 48
1694494638130 165.9334927505044 49
