1694511704696 3.0148575993047713 0
1694511705037 2.217394448499175 1
1694511705358 1.623253948191043 2
1694511705663 1.2372448306285933 3
1694511706034 0.9840954334268454 4
1694511706344 0.7511705817253516 5
1694511706682 0.6019757037002124 6
1694511707022 0.49598125880064825 7
1694511707319 0.41501997106816985 8
1694511707648 0.4447335698781827 9
1694511707972 0.35267774831446896 10
1694511708265 0.2845631897164148 11
1694511708571 0.26417071732520997 12
1694511708875 0.2560763911785145 13
1694511709203 0.2435816033135668 14
1694511709547 0.24420307685168433 15
1694511709872 0.21823190916756643 16
1694511710187 0.2433605490770267 17
1694511710517 0.21059998536584132 18
1694511710834 0.2063354319062881 19
1694511711163 0.20582952584180553 20
1694511711476 0.205201798526789 21
1694511711785 0.21321857369708017 22
1694511712095 0.23982018676749564 23
1694511712501 0.201289963466424 24
1694511712873 0.20028284576460767 25
1694511713206 0.24163324174433284 26
1694511713553 0.24850093886787925 27
1694511713918 0.20145010292281848 28
1694511714256 0.20502611788038194 29
1694511714609 0.2324064326521251 30
1694511714942 0.2036788177404761 31
1694511715318 0.2142817899243379 32
1694511715652 0.20816797934030842 33
1694511715972 0.20132601160049912 34
1694511716317 0.21085552534765734 35
1694511716694 0.2031360526106666 36
1694511717023 0.20191008759443807 37
1694511717345 0.20541608453652843 38
1694511717686 0.19893483350742125 39
1694511718028 0.19802623995223465 40
1694511718355 0.20638547166908588 41
1694511718711 0.198619530076193 42
1694511719062 0.2002355531772381 43
1694511719394 0.2006843045563221 44
1694511719792 0.21968072283609874 45
1694511720142 0.20542845718754896 46
1694511720465 0.20559224428008027 47
1694511720800 0.20036055645968262 48
1694511721183 0.20028642882158953 49
