1694511704825 -3.2240509192788807 0
1694511705149 -2.106742773107004 1
1694511705452 -1.2743055372368537 2
1694511705819 -0.733476621050001 3
1694511706134 -0.37879454777014754 4
1694511706466 -0.05244864202007937 5
1694511706814 0.15658503234620447 6
1694511707126 0.30509152649030746 7
1694511707456 0.41852461266699437 8
1694511707759 0.37689354047391244 9
1694511708064 0.5058709348924237 10
1694511708371 0.6013047503829909 11
1694511708672 0.629876196599987 12
1694511709018 0.6412169795970932 13
1694511709341 0.658723153082467 14
1694511709647 0.6578524201262577 15
1694511709978 0.6942400540749196 16
1694511710307 0.6590328673294295 17
1694511710616 0.7049329752788855 18
1694511710934 0.7109079476839814 19
1694511711279 0.7116167615852546 20
1694511711585 0.7124962565712412 21
1694511711890 0.7012641285478383 22
1694511712273 0.6639931913830774 23
1694511712664 0.717977042956181 24
1694511712987 0.7193880934997159 25
1694511713338 0.6614529597836221 26
1694511713689 0.6518307798323253 27
1694511714039 0.7177526750728846 28
1694511714393 0.7127423988753177 29
1694511714740 0.674380439820138 30
1694511715085 0.7146300715786076 31
1694511715434 0.6997744795895671 32
1694511715749 0.7083404056298954 33
1694511716106 0.7179265367054336 34
1694511716457 0.7045749438098863 35
1694511716816 0.7153905279086354 36
1694511717125 0.7171082006288987 37
1694511717465 0.7121960251385402 38
1694511717807 0.7212767639349233 39
1694511718138 0.7225497744555271 40
1694511718474 0.7108378380688224 41
1694511718844 0.7217185286633266 42
1694511719174 0.71945435410758 43
1694511719546 0.7188256183836159 44
1694511719914 0.6922101529910878 45
1694511720235 0.7121786900883113 46
1694511720586 0.7119492115819526 47
1694511720960 0.7192792147476831 48
1694511721298 0.7193830733570924 49
