1694511704611 0.6583005207593866 0
1694511704950 0.5658284336121956 1
1694511705269 0.0001416436270158763 2
1694511705566 0.03118764103066458 3
1694511705945 0.691351336151666 4
1694511706259 0.00313635409426448 5
1694511706581 0.016255896969022382 6
1694511706936 1.1578294467051309 7
1694511707243 3.4275527160357986 8
1694511707563 0.03505580166120111 9
1694511707873 0.02879329076551777 10
1694511708181 0.15111967895890124 11
1694511708487 0.01041628255592445 12
1694511708791 2.1599134662421297e-05 13
1694511709123 0.2528684152588199 14
1694511709465 0.029316800411039456 15
1694511709770 2.1258425775111354 16
1694511710102 0.021430809568810626 17
1694511710428 0.0016128471392474867 18
1694511710742 0.19903148192668813 19
1694511711059 0.2964616366721123 20
1694511711400 0.04038070632835172 21
1694511711708 0.07178396990928068 22
1694511712007 0.010989979063317269 23
1694511712395 0.34591836231992174 24
1694511712781 0.02477470463718262 25
1694511713109 0.008830015238042924 26
1694511713457 0.0701683237071852 27
1694511713826 0.14704826425632872 28
1694511714163 0.07182898937306521 29
1694511714521 0.06099052203124966 30
1694511714858 0.22400442036508386 31
1694511715227 0.4855674468505939 32
1694511715559 0.0007901647128627404 33
1694511715885 0.04449287487048937 34
1694511716226 0.2652974457884448 35
1694511716597 0.29842409498705197 36
1694511716936 0.0006093238154155959 37
1694511717256 0.04677282443167442 38
1694511717583 0.029046298730774595 39
1694511717926 0.08330433979514106 40
1694511718268 0.2211349760700428 41
1694511718606 0.06909804487849242 42
1694511718966 0.2042998639401898 43
1694511719298 0.03972399159583157 44
1694511719680 0.0007417600645361989 45
1694511720048 0.01580586108271859 46
1694511720373 1.1865764546396689 47
1694511720709 0.01079950037448315 48
1694511721085 0.0018419218598667239 49
