1694354477667 35.136534541632415 0
1694354477875 76.91951413941685 1
1694354478068 2.791825610392585 2
1694354478278 47.9017190802035 3
1694354478466 5.495916478736352 4
1694354478684 0.3442500634369915 5
1694354478872 20.587398592409066 6
1694354479072 4.873871207722864 7
1694354479280 0.1284814824137259 8
1694354479573 7.129845796508691 9
1694354479833 1.4069280053615574 10
1694354480072 0.7383196284432524 11
1694354480330 1.329820052668539 12
1694354480574 1.6418721616379621 13
1694354480821 8.330464641475901 14
1694354481059 0.22775905218443007 15
1694354481315 2.770156089420474 16
1694354481549 0.08958087071771038 17
1694354481792 0.634254667658638 18
1694354482029 0.39780961574773904 19
1694354482329 0.3432193370688772 20
1694354482568 0.01139743153118342 21
1694354482861 0.057602058251200544 22
1694354483113 23.2507353408838 23
1694354483356 0.16369440938890703 24
1694354483595 0.6127224244425715 25
