1694511510321 167.88069101240316 0
1694511510608 167.21599407541922 1
1694511510886 166.55405538833296 2
1694511511164 165.89486337167384 3
1694511511439 165.2384064948969 4
1694511511725 164.5846732761752 5
1694511512007 163.93365228219312 6
1694511512338 163.28533212794042 7
1694511512663 162.63970147650744 8
1694511512964 161.99674903888086 9
1694511513259 161.3564635737406 10
1694511513589 160.7188338872573 11
1694511513918 160.08384883289102 12
1694511514266 159.4514973111905 13
1694511514640 158.82176826959343 14
1694511514959 158.19465070222734 15
1694511515266 157.57026538095488 16
1694511515585 156.948472365267 17
1694511515907 156.32926076474394 18
1694511516206 155.71261973500435 19
1694511516544 155.09853847751003 20
1694511516855 154.48700623937123 21
1694511517193 153.8780123131529 22
1694511517527 153.27154603668166 23
1694511517827 152.6675967928539 24
1694511518172 152.06615400944426 25
1694511518502 151.46720715891527 26
1694511518830 150.87074575822757 27
1694511519176 150.27675936865128 28
1694511519482 149.68523759557758 29
1694511519815 149.0961700883317 30
1694511520103 148.50954653998645 31
1694511520407 147.9253566871764 32
1694511520716 147.34359030991305 33
1694511521054 146.7642372314009 34
1694511521379 146.187287317854 35
1694511521679 145.61273047831327 36
1694511521986 145.040556664465 37
1694511522318 144.4707558704598 38
1694511522609 143.90331813273232 39
1694511522902 143.33823352982193 40
1694511523230 142.7754921821938 41
1694511523567 142.21508425206133 42
1694511523882 141.65699994320866 43
1694511524163 141.1012295008145 44
1694511524501 140.54776321127636 45
1694511524793 139.9965914020356 46
1694511525093 139.4477044414034 47
1694511525410 138.90109273838723 48
1694511525709 138.35674674251825 49
