1694511510430 -246.56968709517096 0
1694511510711 -245.58947423263234 1
1694511510973 -244.6133288960252 2
1694511511269 -243.64123400937817 3
1694511511540 -242.673172568869 4
1694511511829 -241.70912764251898 5
1694511512139 -240.74908236988765 6
1694511512453 -239.79301996176966 7
1694511512788 -238.8409236998922 8
1694511513054 -237.89277693661413 9
1694511513381 -236.94856309462648 10
1694511513715 -236.00826566665367 11
1694511514032 -235.0718682151567 12
1694511514410 -234.1393543720371 13
1694511514742 -233.21070783834242 14
1694511515072 -232.28591238397277 15
1694511515374 -231.36514610833945 16
1694511515705 -230.4482026444813 17
1694511516006 -229.53506593255372 18
1694511516317 -228.6257199806039 19
1694511516664 -227.72014886428266 20
1694511516985 -226.81833672655776 21
1694511517308 -225.9202677774277 22
1694511517628 -225.0259262936375 23
1694511517964 -224.1352966183954 24
1694511518288 -223.24836316109042 25
1694511518616 -222.365110397012 26
1694511518985 -221.48552286706973 27
1694511519282 -220.60958517751536 28
1694511519604 -219.737281999665 29
1694511519916 -218.86859806962315 30
1694511520206 -218.00351818800792 31
1694511520511 -217.14202721967686 32
1694511520854 -216.28411009345456 33
1694511521168 -215.42975180186116 34
1694511521471 -214.57893740084202 35
1694511521769 -213.7316520094984 36
1694511522098 -212.8878808098194 37
1694511522421 -212.0476090464156 38
1694511522700 -211.21082202625252 39
1694511523031 -210.37750511838675 40
1694511523363 -209.54764375370178 41
1694511523681 -208.72122342464624 42
1694511523982 -207.89822968497208 43
1694511524267 -207.07864814947493 44
1694511524596 -206.2624644937348 45
1694511524887 -205.44966445385802 46
1694511525208 -204.64023382622088 47
1694511525506 -203.83415846721323 48
1694511525822 -203.0314242929845 49
