1694511510176 169.23994577322654 0
1694511510507 168.57212386193427 1
1694511510793 167.91147856257535 2
1694511511055 167.25356080413175 3
1694511511344 166.59835915585205 4
1694511511609 165.94586223528398 5
1694511511905 165.29605870806927 6
1694511512219 164.6489372877394 7
1694511512530 164.00448673551202 8
1694511512861 163.3626958600888 9
1694511513150 162.7235535174535 10
1694511513481 162.08704861067122 11
1694511513803 161.45317008968854 12
1694511514121 160.8219069511343 13
1694511514496 160.19324823812156 14
1694511514833 159.5671830400499 15
1694511515154 158.94370049240925 16
1694511515460 158.32310871203183 17
1694511515799 157.70508029554972 18
1694511516105 157.0896044921841 19
1694511516428 156.47667059660856 20
1694511516754 155.86626794875593 21
1694511517071 155.25838593362604 22
1694511517402 154.65301398109423 23
1694511517716 154.0501415657205 24
1694511518069 153.44975820656003 25
1694511518384 152.8518534669738 26
1694511518715 152.25641695444054 27
1694511519074 151.66343832036918 28
1694511519380 151.07290725991245 29
1694511519695 150.48481351178071 30
1694511520003 149.8991468580572 31
1694511520307 149.31589712401365 32
1694511520600 148.7350541779267 33
1694511520950 148.15660793089558 34
1694511521267 147.5805483366598 35
1694511521559 147.0068653914182 36
1694511521857 146.43554913364858 37
1694511522190 145.8665896439281 38
1694511522512 145.29997704475454 39
1694511522795 144.73570150036795 40
1694511523132 144.17375321657372 41
1694511523471 143.61412244056575 42
1694511523785 143.05679946075082 43
1694511524072 142.50177460657343 44
1694511524366 141.9490382483416 45
1694511524695 141.39858079705317 46
1694511524973 140.85039270422317 47
1694511525305 140.30446446171143 48
1694511525608 139.76078660155176 49
