1694508039913 14.039147470328492 0
1694508040255 6.885167730997817 1
1694508040574 5.697843652811956 2
1694508040895 5.251899237170306 3
1694508041233 5.080846045766548 4
1694508041542 4.957547669439064 5
1694508041848 4.883254101865894 6
1694508042178 4.8320086524317 7
1694508042479 4.764233329523132 8
1694508042769 4.7359280869414535 9
1694508043066 4.706514610316038 10
1694508043448 4.695476436073955 11
1694508043784 4.678883726086668 12
1694508044119 4.629498122556296 13
1694508044467 4.639674599178652 14
1694508044792 4.6382519687129955 15
1694508045087 4.607040252627452 16
1694508045420 4.593650093396749 17
1694508045725 4.601118022830075 18
1694508046039 4.593885547520822 19
1694508046352 4.630805341311838 20
1694508046698 4.601964980885977 21
1694508047043 4.608925576353252 22
1694508047355 4.619722928369179 23
1694508047710 4.623243045156952 24
1694508048040 4.6055584643883005 25
1694508048392 4.629885540173655 26
1694508048708 4.6214355377069305 27
1694508049020 4.618582477913999 28
1694508049356 4.605299193882829 29
1694508049695 4.600818140314629 30
1694508050054 4.578775847389073 31
1694508050432 4.566661618101845 32
1694508050817 4.602068618898624 33
1694508051181 4.623419765822045 34
1694508051523 4.609819186473496 35
1694508051874 4.584579816785653 36
1694508052277 4.571951164014025 37
1694508052642 4.570861503816017 38
1694508053003 4.567510521058041 39
1694508053393 4.615392763230544 40
1694508053758 4.607564217842637 41
1694508054112 4.59356137221354 42
1694508054497 4.584850765750035 43
1694508054860 4.5806254484921975 44
1694508055223 4.581183229848328 45
1694508055616 4.590404918636908 46
1694508055958 4.603281857915817 47
1694508056331 4.613489636771292 48
1694508056666 4.598468059981362 49
