1694508040071 -18.669941887672554 0
1694508040393 -8.646657636572039 1
1694508040720 -6.983123887880402 2
1694508041061 -6.358320938887795 3
1694508041358 -6.118662060617308 4
1694508041662 -5.945911407322174 5
1694508041991 -5.8418203177541885 6
1694508042296 -5.770021441468527 7
1694508042607 -5.675062921668992 8
1694508042885 -5.635405066526805 9
1694508043235 -5.594194488950131 10
1694508043595 -5.578729144893687 11
1694508043926 -5.555481462518477 12
1694508044276 -5.4862883755747625 13
1694508044610 -5.500546413978167 14
1694508044921 -5.498553197606145 15
1694508045208 -5.454823146125832 16
1694508045549 -5.436062487439736 17
1694508045859 -5.446525639727667 18
1694508046172 -5.436392377053583 19
1694508046493 -5.488119891128704 20
1694508046846 -5.44771229410081 21
1694508047173 -5.45746463188587 22
1694508047504 -5.4725925651982665 23
1694508047850 -5.47752452369501 24
1694508048198 -5.452747045093662 25
1694508048514 -5.486831177909152 26
1694508048840 -5.474992064613814 27
1694508049169 -5.470994705055649 28
1694508049494 -5.4523837868697145 29
1694508049845 -5.4461054809064535 30
1694508050197 -5.415222507290493 31
1694508050575 -5.3982495260893675 32
1694508050967 -5.44785749904936 33
1694508051317 -5.477772123146477 34
1694508051669 -5.4587166494441 35
1694508052052 -5.423354321632485 36
1694508052430 -5.405660592959678 37
1694508052793 -5.404133893933443 38
1694508053163 -5.3994389054196965 39
1694508053534 -5.466525665707325 40
1694508053909 -5.455557262307433 41
1694508054283 -5.435938182134046 42
1694508054655 -5.423733942289309 43
1694508054984 -5.4178139428666725 44
1694508055399 -5.418595438102355 45
1694508055757 -5.431515744193657 46
1694508056102 -5.449557341651234 47
1694508056455 -5.463859236927551 48
1694508056823 -5.442812834847679 49
