1694508039813 13.78074718245448 0
1694508040159 5.522711886075602 1
1694508040481 2.807359135030825 2
1694508040808 3.7508093306591572 3
1694508041142 5.872391101183827 4
1694508041448 4.255058875660762 5
1694508041759 4.4824665217770985 6
1694508042076 3.948130025584555 7
1694508042381 3.5452375975741766 8
1694508042689 3.4072829099527886 9
1694508042973 4.001115985868081 10
1694508043328 3.445992212633264 11
1694508043686 3.643592312779289 12
1694508044017 6.884879695755511 13
1694508044373 4.94816340241212 14
1694508044705 5.679317174215953 15
1694508045004 5.635169725171479 16
1694508045306 5.855911679476101 17
1694508045636 7.514260284385919 18
1694508045948 1.9371839214281665 19
1694508046266 2.4555202507084686 20
1694508046594 4.785054569594855 21
1694508046943 3.2385605101917405 22
1694508047257 3.916388551627308 23
1694508047613 3.2558538086429833 24
1694508047945 4.423597091611299 25
1694508048293 5.415742489670022 26
1694508048602 2.538200672810534 27
1694508048930 2.891451249018225 28
1694508049263 3.1655162701172745 29
1694508049585 4.27739021105612 30
1694508049954 6.054432906111667 31
1694508050317 4.087299689555118 32
1694508050690 5.9669946149531485 33
1694508051073 3.6925178351511807 34
1694508051422 4.1269920771631865 35
1694508051764 6.6319583289207955 36
1694508052161 8.136189051200484 37
1694508052538 4.145977088788944 38
1694508052896 4.679469484868792 39
1694508053278 5.079701494628422 40
1694508053640 4.512795711109228 41
1694508054008 3.686517707355694 42
1694508054388 1.883197814931824 43
1694508054767 4.585933909301951 44
1694508055097 6.282888208562724 45
1694508055501 6.845218258148793 46
1694508055856 1.4663809697892345 47
1694508056217 6.067292748692287 48
1694508056565 5.058313723208391 49
