1694494346785 168.9823765140335 0
1694494347220 168.31960410765754 1
1694494347634 167.65957760211708 2
1694494348086 167.0022856048687 3
1694494348502 166.3477166302479 4
1694494348913 165.69585924114773 5
1694494349252 165.0467020488098 6
1694494349595 164.4002337126189 7
1694494349944 163.75644293989896 8
1694494350303 163.11531848570962 9
1694494350694 162.4768491526438 10
1694494351097 161.84102379062588 11
1694494351438 161.20783129671085 12
1694494351853 160.57726061488475 13
1694494352199 159.94930073586508 14
1694494352581 159.32394069690295 15
1694494352908 158.70116958158536 16
1694494353293 158.08097651963888 17
1694494353678 157.4633506867338 18
1694494354057 156.84828130428923 19
1694494354442 156.23575763927906 20
1694494354771 155.62576900403872 21
1694494355132 155.01830475607272 22
1694494355548 154.41335429786312 23
1694494355938 153.8109070766786 24
1694494356310 153.21095258438467 25
1694494356623 152.61348035725433 26
1694494357014 152.0184799757798 27
1694494357396 151.42594106448485 28
1694494357720 150.83585329173826 29
1694494358067 150.24820636956758 30
1694494358458 149.6629900534741 31
1694494358857 149.0801941422483 32
1694494359261 148.49980847778656 33
1694494359686 147.92182294490797 34
1694494360084 147.34622747117248 35
1694494360530 146.77301202669943 36
1694494361062 146.20216662398738 37
1694494361451 145.63368131773404 38
1694494361824 145.06754620465736 39
1694494362193 144.50375142331757 40
1694494362591 143.94228715393925 41
1694494362967 143.38314361823504 42
1694494363370 142.82631107922958 43
1694494363774 142.27177984108414 44
1694494364181 141.71954024892233 45
1694494364558 141.16958268865628 46
1694494365048 140.62189758681382 47
1694494365508 140.07647541036604 48
1694494365889 139.53330666655583 49
