1694494346929 -235.75750490525115 0
1694494347377 -234.82890900968695 1
1694494347796 -233.90416033561374 2
1694494348263 -232.9832429211886 3
1694494348639 -232.06614067409876 4
1694494349038 -231.15283757006418 5
1694494349366 -230.24331765254504 6
1694494349720 -229.33756503245394 7
1694494350058 -228.43556388786988 8
1694494350444 -227.53729846375327 9
1694494350845 -226.64275307166247 10
1694494351221 -225.7519120894708 11
1694494351568 -224.86475996108538 12
1694494351963 -223.98128119616723 13
1694494352340 -223.10146036985194 14
1694494352701 -222.22528212247218 15
1694494353034 -221.35273115928106 16
1694494353424 -220.48379225017652 17
1694494353808 -219.61845022942745 18
1694494354201 -218.75668999540034 19
1694494354551 -217.8984965102875 20
1694494354889 -217.04385479983628 21
1694494355264 -216.1927499530795 22
1694494355690 -215.34516712206695 23
1694494356079 -214.50109152159803 24
1694494356424 -213.66050842895572 25
1694494356748 -212.8234031836415 26
1694494357155 -211.98976118711127 27
1694494357501 -211.15956790251266 28
1694494357847 -210.33280885442352 29
1694494358195 -209.50946962859115 30
1694494358577 -208.68953587167283 31
1694494358995 -207.8729932909775 32
1694494359416 -207.0598276542087 33
1694494359814 -206.25002478920817 34
1694494360233 -205.44357058370076 35
1694494360688 -204.64045098504062 36
1694494361203 -203.84065199995817 37
1694494361573 -203.0441596943084 38
1694494361968 -202.25096019281986 39
1694494362340 -201.46103967884525 40
1694494362709 -200.67438439411254 41
1694494363100 -199.89098063847752 42
1694494363501 -199.11081476967732 43
1694494363936 -198.33387320308486 44
1694494364304 -197.56014241146428 45
1694494364714 -196.78960892472784 46
1694494365226 -196.02225932969344 47
1694494365648 -195.2580802698431 48
1694494366037 -194.4970584450829 49
