1694494346675 168.87672819721146 0
1694494347050 168.20008649744304 1
1694494347481 167.53303769302715 2
1694494347927 166.86876791799574 3
1694494348384 166.20726560733146 4
1694494348775 165.54851910229024 5
1694494349122 164.89251679349658 6
1694494349461 164.23924712073094 7
1694494349802 163.58869857272083 8
1694494350159 162.94085968693315 9
1694494350568 162.29571904936708 10
1694494350972 161.65326529434816 11
1694494351311 161.01348710432308 12
1694494351720 160.37637320965516 13
1694494352054 159.7419123884211 14
1694494352430 159.11009346620835 15
1694494352800 158.48090531591336 16
1694494353145 157.8543368575407 17
1694494353561 157.23037705800303 18
1694494353915 156.60901493092206 19
1694494354307 155.99023953643 20
1694494354636 155.3740399809724 21
1694494354993 154.76040541711117 22
1694494355381 154.1493250433291 23
1694494355797 153.54078810383467 24
1694494356170 152.93478388836803 25
1694494356517 152.33130173200766 26
1694494356840 151.7303310149779 27
1694494357254 151.13186116245723 28
1694494357596 150.53588164438756 29
1694494357945 149.94238197528392 30
1694494358331 149.35135171404556 31
1694494358673 148.76278046376729 32
1694494359100 148.17665787155187 33
1694494359546 147.59297362832334 34
1694494359922 147.01171746864077 35
1694494360354 146.43287917051327 36
1694494360895 145.85644855521525 37
1694494361305 145.28241548710298 38
1694494361673 144.71076987343164 39
1694494362076 144.14150166417306 40
1694494362462 143.5746008518347 41
1694494362827 143.0100574712788 42
1694494363210 142.44786159954256 43
1694494363601 141.8880033556595 44
1694494364061 141.33047290048071 45
1694494364406 140.77526043649758 46
1694494364868 140.22235620766506 47
1694494365345 139.67175049922562 48
1694494365760 139.1234336375339 49
