1694491762779 162.99509864976406 0
1694491763238 156.6309162154797 1
1694491763641 150.54214688204942 2
1694491764096 144.71645970102506 3
1694491764523 139.14208534354873 4
1694491764917 133.807790430041 5
1694491765365 128.70285289140688 6
1694491765746 123.81703846895174 7
1694491766143 119.14057830021387 8
1694491766556 114.66414754037761 9
1694491766911 110.37884497126592 10
1694491767288 106.27617355214382 11
1694491767685 102.34802186868708 12
1694491768065 98.58664643849836 13
1694491768432 94.98465483348521 14
1694491768842 91.5349895812569 15
1694491769230 88.23091280945414 16
1694491769576 85.06599159860073 17
1694491769955 82.0340840106635 18
1694491770290 79.12932576203067 19
1694491770615 76.34611751106993 20
1694491770957 73.67911273181367 21
1694491771318 71.12320614663776 22
1694491771709 68.6735226920609 23
1694491772071 66.32540699299062 24
1694491772445 64.07441332188813 25
1694491772847 61.916296020414485 26
1694491773230 59.84700036216238 27
1694491773582 57.86265383607003 28
1694491773928 55.959557831059556 29
1694491774311 54.13417970334536 30
1694491774703 52.38314520871793 31
1694491775068 50.7032312829292 32
1694491775393 49.09135915408818 33
1694491775745 47.54458777172093 34
1694491776135 46.06010753786131 35
1694491776543 44.63523432621641 36
1694491776883 43.26740377609794 37
1694491777264 41.95416584842738 38
1694491777596 40.693179631711175 39
1694491777935 39.48220838644255 40
1694491778303 38.319114816922045 41
1694491778824 37.2018565599983 42
1694491779186 36.12848188071707 43
1694491779656 35.09712556533038 44
1694491780010 34.106005002559705 45
1694491780365 33.15341644442875 46
1694491780725 32.237731438383705 47
1694491781065 31.357393422802126 48
1694491781422 30.51091447835729 49
