1694491762974 -227.36886108592867 0
1694491763377 -218.45214453248462 1
1694491763779 -209.92130323965407 2
1694491764241 -201.75906058576828 3
1694491764670 -193.94892682206006 4
1694491765089 -186.47516310655226 5
1694491765500 -179.32274698318335 6
1694491765871 -172.47733945635463 7
1694491766302 -165.92525358693132 8
1694491766680 -159.653424539173 9
1694491767032 -153.64938101133984 10
1694491767410 -147.9012179858496 11
1694491767818 -142.39757073783412 12
1694491768186 -137.12759004378557 13
1694491768576 -132.08091853469034 14
1694491768961 -127.24766814062875 15
1694491769344 -122.61839857628189 16
1694491769719 -118.18409681913309 17
1694491770063 -113.93615753438938 18
1694491770414 -109.86636440278346 19
1694491770739 -105.96687230945 20
1694491771076 -102.23019035401155 21
1694491771445 -98.64916564385845 22
1694491771844 -95.21696783437191 23
1694491772207 -91.9270743815209 24
1694491772567 -88.77325647386779 25
1694491772975 -85.74956561254697 26
1694491773354 -82.85032080923845 27
1694491773689 -80.07009637354996 28
1694491774037 -77.40371026254617 29
1694491774442 -74.8462129664282 30
1694491774826 -72.39287690557222 31
1694491775182 -70.03918631528578 32
1694491775521 -67.78082759573596 33
1694491775861 -65.61368010554959 34
1694491776264 -63.53380737858164 35
1694491776668 -61.53744874429908 36
1694491777005 -59.62101133313311 37
1694491777379 -57.781062449017355 38
1694491777715 -56.014322292153444 39
1694491778051 -54.317657015831 40
1694491778463 -52.68807210187906 41
1694491778954 -51.12270604003953 42
1694491779351 -49.61882429723546 43
1694491779765 -48.17381356335608 44
1694491780120 -46.78517626080053 45
1694491780477 -45.45052530561263 46
1694491780847 -44.16757910860272 47
1694491781177 -42.9341568053898 48
1694491781530 -41.748173704809204 49
