1694491762642 168.8767281972115 0
1694491763101 162.17452296512252 1
1694491763483 155.7711311855918 2
1694491763909 149.64634558305212 3
1694491764364 143.78765476757286 4
1694491764777 138.18311815877135 5
1694491765210 132.82133986951067 6
1694491765613 127.69144364083076 7
1694491765973 122.7830489358771 8
1694491766416 118.08624813908159 9
1694491766782 113.5915848093503 10
1694491767134 109.29003293839305 11
1694491767526 105.172977167599 12
1694491767930 101.2321939190267 13
1694491768299 97.45983339814036 14
1694491768707 93.84840242789114 15
1694491769110 90.39074807561882 16
1694491769449 87.08004203603758 17
1694491769816 83.90976573527506 18
1694491770171 80.87369612256067 19
1694491770513 77.96589211770907 20
1694491770839 75.18068168402431 21
1694491771176 72.51264949765893 22
1694491771557 69.95662518580768 23
1694491771937 67.50767210739667 24
1694491772314 65.16107665115109 25
1694491772691 62.91233802709113 26
1694491773082 60.75715852861547 27
1694491773455 58.691434243392514 28
1694491773785 56.71124619228994 29
1694491774171 54.81285187653616 30
1694491774575 52.992677214226205 31
1694491774930 51.24730884816099 32
1694491775282 49.57348680784358 33
1694491775623 47.968097509253276 34
1694491775989 46.428167076777456 35
1694491776417 44.95085497240565 36
1694491776767 43.53344791798064 37
1694491777110 42.17335409696042 38
1694491777471 40.86809762277224 39
1694491777811 39.61531326143925 40
1694491778149 38.41274139673089 41
1694491778678 37.2582232266331 42
1694491779049 36.14969618045304 43
1694491779520 35.0851895463686 44
1694491779872 34.062820299704995 45
1694491780228 33.08078912267072 46
1694491780583 32.137376606714625 47
1694491780953 31.23093962907536 48
1694491781278 30.359907895484366 49
