1694491716274 164.03830271532394 0
1694491716630 159.07548341074002 1
1694491717021 154.27741477049628 2
1694491717447 149.64032682447922 3
1694491717864 145.15644570155143 4
1694491718243 140.82160595490424 5
1694491718606 136.6305203733623 6
1694491719007 132.57782595537543 7
1694491719420 128.65976427353758 8
1694491719824 124.87154359900889 9
1694491720233 121.20735282191305 10
1694491720611 117.66470601312915 11
1694491720928 114.23908823377856 12
1694491721256 110.92534255873989 13
1694491721613 107.72056501815287 14
1694491721983 104.62084239477193 15
1694491722338 101.622543065271 16
1694491722655 98.72268539008124 17
1694491723022 95.91717021812005 18
1694491723393 93.20315272622956 19
1694491723754 90.57673711770666 20
1694491724100 88.03642587083044 21
1694491724450 85.5783166899567 22
1694491724821 83.19993433015568 23
1694491725177 80.89869487601813 24
1694491725528 78.67140110412778 25
1694491725867 76.51671911451727 26
1694491726218 74.43074480344347 27
1694491726653 72.4121914552858 28
1694491727006 70.45838215141013 29
1694491727361 68.56693310085628 30
1694491727753 66.7361829154265 31
1694491728100 64.96391662296517 32
1694491728498 63.24788800205242 33
1694491728845 61.58697765911214 34
1694491729207 59.978718810268745 35
1694491729542 58.421693396107386 36
1694491729910 56.91346858069714 37
1694491730272 55.453209273643246 38
1694491730619 54.038777729762344 39
1694491731043 52.66883325832297 40
1694491731445 51.34211537874072 41
1694491731831 50.05686372320839 42
1694491732178 48.81177237033525 43
1694491732598 47.605442404133704 44
1694491732975 46.43681649921261 45
1694491733370 45.30450775456332 46
1694491733715 44.20744221141191 47
1694491734103 43.14398591662896 48
1694491734522 42.113861211987455 49
