1694491716409 -231.1125191488119 0
1694491716752 -224.09018063518798 1
1694491717171 -217.3009626251198 2
1694491717602 -210.7395306494885 3
1694491718022 -204.39488476021265 4
1694491718370 -198.2611308926979 5
1694491718748 -192.3307876972541 6
1694491719165 -186.59626658158675 7
1694491719569 -181.0522494093897 8
1694491719982 -175.69195593340555 9
1694491720391 -170.50716349264525 10
1694491720741 -165.49435452285022 11
1694491721064 -160.64714043172475 12
1694491721398 -155.9582242230114 13
1694491721738 -151.42349680908472 14
1694491722111 -147.03742102760017 15
1694491722462 -142.79485816872682 16
1694491722785 -138.69158924299663 17
1694491723160 -134.72181399358902 18
1694491723524 -130.88150702485694 19
1694491723870 -127.16515582434513 20
1694491724231 -123.5706414141481 21
1694491724587 -120.09244208587543 22
1694491724951 -116.72705539328966 23
1694491725309 -113.47082512253711 24
1694491725647 -110.31922723521252 25
1694491725992 -107.27037427651662 26
1694491726377 -104.31874197961761 27
1694491726793 -101.46250965508393 28
1694491727149 -98.69788949045088 29
1694491727541 -96.02150844591162 30
1694491727896 -93.43101567417335 31
1694491728233 -90.92327701230964 32
1694491728627 -88.49511408000497 33
1694491728976 -86.14494294680797 34
1694491729340 -83.86927313878614 35
1694491729685 -81.66609811638355 36
1694491730064 -79.53197544166193 37
1694491730394 -77.46572347026112 38
1694491730789 -75.46431731462997 39
1694491731167 -73.52585991110747 40
1694491731585 -71.6485676925698 41
1694491731968 -69.82994975658988 42
1694491732313 -68.06815823776806 43
1694491732731 -66.36121368430197 44
1694491733097 -64.7076199915866 45
1694491733513 -63.10541470889183 46
1694491733828 -61.55307819554624 47
1694491734241 -60.048298424597824 48
1694491734639 -58.59068251249763 49
