1694491716104 162.74647514632505 0
1694491716523 152.8572701656438 1
1694491716874 150.95982102571696 2
1694491717317 153.7143263428619 3
1694491717735 152.6545287363277 4
1694491718125 144.27353223374655 5
1694491718477 138.08807743632823 6
1694491718842 131.47505568618564 7
1694491719291 131.3778438278349 8
1694491719691 121.06004494252736 9
1694491720123 120.40762677570234 10
1694491720501 118.6699074315486 11
1694491720830 116.8352786430754 12
1694491721161 105.03667722877836 13
1694491721503 108.2244972755278 14
1694491721851 108.90203404820642 15
1694491722234 103.62657756058175 16
1694491722560 107.27159098944374 17
1694491722899 92.06387126412669 18
1694491723283 94.82394665180561 19
1694491723622 86.02611038952439 20
1694491723978 85.25354103834567 21
1694491724335 89.52397142902234 22
1694491724705 80.65238512898065 23
1694491725061 84.76899050815021 24
1694491725411 81.41265416677572 25
1694491725756 71.00385495233989 26
1694491726109 69.43919383661166 27
1694491726487 66.63976266972554 28
1694491726899 75.02001108909857 29
1694491727255 76.97840472491151 30
1694491727633 70.11593082327796 31
1694491727992 62.15720914357063 32
1694491728350 64.00542105240658 33
1694491728734 61.11109194109366 34
1694491729083 57.451401174218105 35
1694491729431 47.28335628076124 36
1694491729806 56.297440156422105 37
1694491730173 46.84295957905431 38
1694491730505 54.377717335596685 39
1694491730919 57.541963364222 40
1694491731282 49.6748349857276 41
1694491731702 50.16375496922312 42
1694491732069 47.115997728001524 43
1694491732448 49.469424775582475 44
1694491732832 46.14854994992977 45
1694491733238 44.478944378064355 46
1694491733604 40.76365264247151 47
1694491733938 48.69797369140791 48
1694491734356 37.24080507272849 49
