1694510712154 168.9823765140335 0
1694510712519 168.3199047933122 1
1694510712924 167.66019271987352 2
1694510713320 167.00323013492022 3
1694510713762 166.34900468067372 4
1694510714208 165.6975037326073 5
1694510714647 165.04871771718797 6
1694510715118 164.40263420471888 7
1694510715540 163.7592417500349 8
1694510715991 163.11852762097263 9
1694510716407 162.48048305402784 10
1694510716818 161.84509550435797 11
1694510717268 161.21235218426693 12
1694510717677 160.58224488065994 13
1694510718109 159.95476098766426 14
1694510718531 159.32988766651536 15
1694510718944 158.70761723998055 16
1694510719371 158.0879370456878 17
1694510719797 157.47083419821735 18
1694510720234 156.8563015418256 19
1694510720681 156.24432636212046 20
1694510721127 155.6348957313886 21
1694510721605 155.02800300117593 22
1694510722000 154.42363540949754 23
1694510722410 153.82177999065786 24
1694510722829 153.22243058946395 25
1694510723209 152.62557440071419 26
1694510723611 152.0312008721643 27
1694510724022 151.4392969676815 28
1694510724402 150.8498572211473 29
1694510724876 150.26286874996993 30
1694510725238 149.67831849000757 31
1694510725646 149.09620143610925 32
1694510726068 148.5165046725889 33
1694510726434 147.93921511143986 34
1694510726812 147.36432819501138 35
1694510727197 146.7918309787299 36
1694510727553 146.2217103548192 37
1694510727952 145.65396219982594 38
1694510728390 145.0885735444462 39
1694510728776 144.52553126518083 40
1694510729222 143.9648316596335 41
1694510729673 143.40646173787817 42
1694510730156 142.8504083646904 43
1694510730590 142.29666824575278 44
1694510731015 141.74522837457565 45
1694510731465 141.19607560815953 46
1694510731961 140.6492070474467 47
1694510732436 140.10460967339435 48
1694510732887 139.56227388066267 49
