1694510712020 168.87672819721146 0
1694510712384 168.200086497443 1
1694510712788 167.53331005881068 2
1694510713172 166.86931225056867 3
1694510713562 166.20811129657412 4
1694510714041 165.54968031855356 5
1694510714483 164.8939925514077 6
1694510714968 164.24106631443956 7
1694510715378 163.59087490665212 8
1694510715808 162.94340671172935 9
1694510716247 162.29863518467894 10
1694510716650 161.6565788075979 11
1694510717123 161.01721109358945 12
1694510717523 160.3805056860917 13
1694510717954 159.74648113576944 14
1694510718383 159.11511113977798 15
1694510718793 158.48636953271256 16
1694510719206 157.86027492264347 17
1694510719653 157.2368011935644 18
1694510720074 156.6159223739147 19
1694510720516 155.9976571181611 20
1694510720951 155.3819794998814 21
1694510721421 154.7688637440058 22
1694510721844 154.1583285405405 23
1694510722258 153.5503481553527 24
1694510722687 152.94489701247062 25
1694510723076 152.3419938267335 26
1694510723461 151.74161305896266 27
1694510723891 151.14374400055684 28
1694510724273 150.54836131832386 29
1694510724729 149.9554837972541 30
1694510725114 149.36508613543728 31
1694510725490 148.77714320482204 32
1694510725904 148.191673790603 33
1694510726313 147.60865279199945 34
1694510726680 147.0280552885775 35
1694510727069 146.4499000555216 36
1694510727436 145.87416219571298 37
1694510727800 145.30081699877374 38
1694510728248 144.72988321980762 39
1694510728637 144.1613361678514 40
1694510729038 143.5951513449836 41
1694510729485 143.03134747629917 42
1694510729946 142.4699000794456 43
1694510730435 141.91078487132026 44
1694510730842 141.3540205372227 45
1694510731287 140.7995828058277 46
1694510731784 140.2474476111768 47
1694510732245 139.69763358912707 48
1694510732708 139.15011668175907 49
