1694491966097 163.1968476452458 0
1694491966477 156.82677898133016 1
1694491966882 150.73232643446974 2
1694491967250 144.9011515609336 3
1694491967632 139.32147782121038 4
1694491967983 133.98206489886468 5
1694491968353 128.8721840512175 6
1694491968677 123.98159459914298 7
1694491969069 119.30052150317337 8
1694491969456 114.81963397555968 9
1694491969839 110.53002508027366 10
1694491970213 106.42319227516764 11
1694491970579 102.49101885263342 12
1694491970964 98.72575623712966 13
1694491971368 95.12000709987973 14
1694491971758 91.66670925288469 15
1694491972155 88.35912028615442 16
1694491972530 85.19080291373473 17
1694491972912 82.15561099570617 18
1694491973341 79.24767620485449 19
1694491973738 76.46139530816427 20
1694491974129 73.79141803467384 21
1694491974524 71.23263550254849 22
1694491974930 68.78016917949068 23
1694491975311 66.42936035180493 24
1694491975673 64.17576007858098 25
1694491976061 62.01511960855075 26
1694491976456 59.94338123821562 27
1694491976886 57.95666959083304 28
1694491977284 56.05128329679861 29
1694491977741 54.22368705686205 30
1694491978132 52.47050407047635 31
1694491978530 50.78850881240026 32
1694491978933 49.17462014145641 33
1694491979311 47.62589472609435 34
1694491979677 46.13952077211872 35
1694491980071 44.712812038621756 36
1694491980454 43.34320212880621 37
1694491980858 42.02823904300168 38
1694491981312 40.76557998176595 39
1694491981690 39.552986387523696 40
1694491982127 38.388319213730114 41
1694491982529 37.269534411056966 42
1694491982940 36.194678620585286 43
1694491983338 35.161885064452484 44
1694491983742 34.16936962484439 45
1694491984115 33.21542710264413 46
1694491984535 32.2984276474525 47
1694491984991 31.416813351077515 48
1694491985394 30.569094996957034 49
