1694491966226 -227.65152718267066 0
1694491966603 -218.7265635618723 1
1694491967001 -210.18775964323822 2
1694491967383 -202.01782830362333 3
1694491967760 -194.20026969157175 4
1694491968121 -186.71933524602952 5
1694491968475 -179.5599931607227 6
1694491968820 -172.70789544452717 7
1694491969189 -166.14934650384032 8
1694491969583 -159.871273176408 9
1694491969979 -153.86119614933443 10
1694491970338 -148.10720269712857 11
1694491970688 -142.597920678618 12
1694491971091 -137.3224937344026 13
1694491971507 -132.2705576292274 14
1694491971895 -127.43221768623741 15
1694491972267 -122.79802726253861 16
1694491972655 -118.35896721783773 17
1694491973044 -114.10642633017098 18
1694491973452 -110.03218261486825 19
1694491973846 -106.12838550493262 20
1694491974244 -102.3875388529575 21
1694491974664 -98.80248471655277 22
1694491975062 -95.36638789101723 23
1694491975425 -92.07272115467626 24
1694491975823 -88.91525119390798 25
1694491976205 -85.88802517641152 26
1694491976626 -82.98535794272942 27
1694491977013 -80.20181978742694 28
1694491977408 -77.53222480265768 29
1694491977877 -74.97161975810936 30
1694491978264 -72.51527349252974 31
1694491978679 -70.15866679318268 32
1694491979050 -67.8974827406801 33
1694491979426 -65.72759749768247 34
1694491979807 -63.64507152095615 35
1694491980188 -61.646141177227555 36
1694491980605 -59.72721074418027 37
1694491980996 -57.88484477880556 38
1694491981444 -56.11576083614156 39
1694491981825 -54.41682252222191 40
1694491982261 -52.785032865804574 41
1694491982670 -51.217527994166026 42
1694491983073 -49.711571098927884 43
1694491983453 -48.264546678532675 44
1694491983859 -46.87395504460548 45
1694491984240 -45.537407080028835 46
1694491984733 -44.25261923712254 47
1694491985110 -43.01740876485648 48
1694491985530 -41.829689154537924 49
