1694491965949 169.08218651950705 0
1694491966337 162.3737285747313 1
1694491966727 155.9643129453158 2
1694491967093 149.833717405718 3
1694491967497 143.96942248958234 4
1694491967855 138.35947985230464 5
1694491968223 132.99248614266168 6
1694491968566 127.85755792602919 7
1694491968953 122.9443077670567 8
1694491969316 118.24282141803481 9
1694491969686 113.74363606169304 10
1694491970097 109.43771955954622 11
1694491970450 105.31645065917789 12
1694491970813 101.3716001160136 13
1694491971200 97.59531268720117 14
1694491971610 93.98008995718304 15
1694491972016 90.51877395642161 16
1694491972399 87.20453153652907 17
1694491972792 84.03083946675802 18
1694491973189 80.99147021843633 19
1694491973587 78.08047840548181 20
1694491973962 75.29218785060945 21
1694491974371 72.62117924825638 22
1694491974777 70.06227839659265 23
1694491975188 67.61054497226957 24
1694491975549 65.26126182277936 25
1694491975940 63.00992475246574 26
1694491976328 60.852232779336845 27
1694491976755 58.78407884089243 28
1694491977160 56.80154092818685 29
1694491977578 54.900873628314706 30
1694491977975 53.07850005642352 31
1694491978379 51.3310041592356 32
1694491978797 49.655123372895595 33
1694491979176 48.04774161875818 34
1694491979536 46.50588262148925 35
1694491979940 45.02670353457898 36
1694491980315 43.60748885905594 37
1694491980712 42.2456446418502 38
1694491981179 40.938692940881204 39
1694491981546 39.6842665445461 40
1694491981973 38.48010393385414 41
1694491982371 37.324044475998896 42
1694491982801 36.21402383867796 43
1694491983195 35.148069614966445 44
1694491983567 34.124297149021814 45
1694491983975 33.14090555334853 46
1694491984372 32.196173908780416 47
1694491984855 31.28845763874777 48
1694491985244 30.416185049787426 49
