1694511448574 161.56617815785967 0
1694511448882 155.23745636918707 1
1694511449159 149.16894523523948 2
1694511449439 143.34812820061958 3
1694511449781 137.76848724954746 4
1694511450092 132.4179328945073 5
1694511450374 127.28694526430225 6
1694511450677 122.366402640528 7
1694511451001 117.64756473440784 8
1694511451320 113.12205666822466 9
1694511451611 108.78185363159096 10
1694511451946 104.61926618405943 11
1694511452288 100.62692617678007 12
1694511452579 96.79777326706653 13
1694511452922 93.12755226338237 14
1694511453246 89.60474044418619 15
1694511453603 86.22813002393097 16
1694511453935 82.98925762633051 17
1694511454273 79.87996475110174 18
1694511454625 76.8996985424383 19
1694511454937 74.0407551722558 20
1694511455279 71.29811248409466 21
1694511455605 68.66695789788007 22
1694511455945 66.14267962026176 23
1694511456237 63.72085822489363 24
1694511456543 61.397258587040845 25
1694511456861 59.16782215756456 26
1694511457202 57.02865956196436 27
1694511457552 54.976043510765685 28
1694511457875 53.00640200811814 29
1694511458201 51.11631184602635 30
1694511458560 49.30249237216654 31
1694511458853 47.561799519751126 32
1694511459196 45.89122008839158 33
1694511459517 44.28786626537626 34
1694511459849 42.748970377227664 35
1694511460183 41.27187986183153 36
1694511460505 39.85405245184032 37
1694511460801 38.493051560446766 38
1694511461103 37.18654186099882 39
1694511461419 35.93228505228806 40
1694511461740 34.72813580168839 41
1694511462048 33.572037858652095 42
1694511462382 32.462020331387286 43
1694511462712 31.39619411984312 44
1694511463011 30.37274849841996 45
1694511463333 29.389947842099236 46
1694511463705 28.446128489954027 47
1694511464022 27.539695740256512 48
1694511464335 26.669120971642165 49
