1694511448680 -237.25782423512192 0
1694511448980 -227.92500779574763 1
1694511449264 -218.9759178586925 2
1694511449569 -210.39209655554677 3
1694511449892 -202.16393192249632 4
1694511450198 -194.27359587804236 5
1694511450468 -186.70704969313775 6
1694511450772 -179.4508417852477 7
1694511451121 -172.49208305709422 8
1694511451421 -165.8184232744521 9
1694511451749 -159.4180284391132 10
1694511452059 -153.2795591149934 11
1694511452383 -147.39214966713342 12
1694511452703 -141.74538837504826 13
1694511453030 -136.33300020835267 14
1694511453373 -131.13799288193457 15
1694511453710 -126.15858530299437 16
1694511454070 -121.38229673055878 17
1694511454390 -116.79709601709041 18
1694511454743 -112.40216787919867 19
1694511455078 -108.18615166369118 20
1694511455398 -104.14164131513807 21
1694511455740 -100.26153983545066 22
1694511456039 -96.53904632197728 23
1694511456345 -92.96764355114055 24
1694511456636 -89.54108608459329 25
1694511456982 -86.25338887584613 26
1694511457315 -83.09881635625061 27
1694511457665 -80.07187198011484 28
1694511457979 -77.16728820958407 29
1694511458338 -74.38001692073672 30
1694511458665 -71.7052202131307 31
1694511458962 -69.13826160578589 32
1694511459308 -66.67469760330773 33
1694511459634 -64.31026961654527 34
1694511459963 -62.04089622283649 35
1694511460290 -59.862665751526066 36
1694511460617 -57.77182918104431 37
1694511460903 -55.76479333441644 38
1694511461242 -53.83811436062524 39
1694511461539 -51.988491489781985 40
1694511461833 -50.212761050568936 41
1694511462160 -48.507890738903846 42
1694511462497 -46.87097412724419 43
1694511462829 -45.29922540439478 44
1694511463110 -43.78997433611121 45
1694511463471 -42.34066143720091 46
1694511463824 -40.94883334621638 47
1694511464142 -39.61213839421115 48
1694511464432 -38.32832235938865 49
