1694511448430 168.81003400247357 0
1694511448772 162.24044862898552 1
1694511449057 155.95257756799847 2
1694511449338 149.9219847056741 3
1694511449654 144.1386497123653 4
1694511449971 138.5930597059036 5
1694511450274 133.27391019270914 6
1694511450547 128.17180848464716 7
1694511450862 123.27775474569285 8
1694511451207 118.58312547574086 9
1694511451509 114.07965769121662 10
1694511451840 109.75943377301851 11
1694511452165 105.61486695356886 12
1694511452485 101.63868741594713 13
1694511452802 97.82392897922406 14
1694511453119 94.16408372537109 15
1694511453462 90.6524678585975 16
1694511453800 87.28328363162538 17
1694511454164 84.05051119582737 18
1694511454500 80.94824650993966 19
1694511454832 77.97157913311528 20
1694511455178 75.11511621320838 21
1694511455499 72.3738982390967 22
1694511455841 69.74317250775486 23
1694511456136 67.2183844459854 24
1694511456438 64.7951692978187 25
1694511456734 62.46934416212964 26
1694511457066 60.2369003656728 27
1694511457420 58.09399615736547 28
1694511457748 56.03694971024676 29
1694511458086 54.062232418116515 30
1694511458433 52.16646247440716 31
1694511458748 50.346398721369376 32
1694511459057 48.59893475815589 33
1694511459415 46.92109329687195 34
1694511459725 45.310020756123 35
1694511460067 43.76298208203313 36
1694511460386 42.277355787132606 37
1694511460703 40.85062919791848 38
1694511460992 39.48039390228186 39
1694511461327 38.16434138836756 40
1694511461647 36.90025886678875 41
1694511461922 35.686025268461265 42
1694511462263 34.51960741064867 43
1694511462584 33.39905632412321 44
1694511462907 32.32250373464733 45
1694511463205 31.2881586922681 46
1694511463563 30.294304342191833 47
1694511463919 29.339294831269584 48
1694511464234 28.42155234437711 49
