1694510545765 121.22756417474677 0
1694510546085 87.56327796484214 1
1694510546372 63.94373906930316 2
1694510546642 47.3102774780303 3
1694510546988 35.552980865537556 4
1694510547265 27.205787739085537 5
1694510547550 21.237168164118895 6
1694510547818 16.94964708232111 7
1694510548125 13.843864726205984 8
1694510548396 11.576761934937549 9
1694510548663 9.900313802680847 10
1694510548966 8.645421802334482 11
1694510549229 7.696967771261634 12
1694510549522 6.967021126868042 13
1694510549813 6.397538631977365 14
1694510550092 5.948625628813706 15
1694510550384 5.586023377222909 16
1694510550687 5.288433029617171 17
1694510550985 5.041462963605233 18
1694510551316 4.832558326866131 19
1694510551618 4.6533033409444124 20
1694510551900 4.49769049660021 21
1694510552174 4.361838131952471 22
1694510552464 4.241074196028544 23
1694510552744 4.132828209088618 24
1694510553028 4.035374707124716 25
1694510553341 3.9463801794739006 26
1694510553609 3.8652767702783017 27
1694510553915 3.7904680537394912 28
1694510554203 3.721326886888477 29
1694510554491 3.6565682914315305 30
1694510554747 3.5972638161243173 31
1694510555033 3.54130708095269 32
1694510555342 3.488612547391825 33
1694510555680 3.4390225185830365 34
1694510555964 3.3920568279031365 35
1694510556245 3.3470921134516423 36
1694510556549 3.3045927801826154 37
1694510556850 3.2640169127873544 38
1694510557144 3.2255247859258462 39
1694510557460 3.188579931749674 40
1694510557765 3.153080376141883 41
1694510558057 3.1192077263177698 42
1694510558360 3.0863153694112966 43
1694510558667 3.0545122065027415 44
1694510558958 3.0237665949898442 45
1694510559236 2.994310033831696 46
1694510559521 2.9656942583682575 47
1694510559802 2.937962178017449 48
1694510560101 2.9108823303797733 49
