1694510545908 -168.84928376463378 0
1694510546209 -121.68299002505337 1
1694510546463 -88.59017164197226 2
1694510546814 -65.28539308738706 3
1694510547086 -48.812502435541056 4
1694510547385 -37.11743305404896 5
1694510547650 -28.7549309550186 6
1694510547968 -22.74777911767416 7
1694510548241 -18.396335514018226 8
1694510548507 -15.219947471091928 9
1694510548782 -12.871112728178945 10
1694510549071 -11.112911044331213 11
1694510549333 -9.78405288440655 12
1694510549627 -8.761340635912193 13
1694510549916 -7.963451191113567 14
1694510550210 -7.334489019193086 15
1694510550515 -6.826454950015855 16
1694510550801 -6.409507634937886 17
1694510551130 -6.063483287183399 18
1694510551445 -5.770791578273859 19
1694510551727 -5.519641345426191 20
1694510552001 -5.30161559908404 21
1694510552298 -5.11127582784283 22
1694510552587 -4.942076123461159 23
1694510552851 -4.79041504310125 24
1694510553157 -4.653875076950778 25
1694510553454 -4.529186794352985 26
1694510553730 -4.415554584908558 27
1694510554017 -4.310741731413022 28
1694510554325 -4.2138695575947995 29
1694510554584 -4.123137708523652 30
1694510554843 -4.040047507680815 31
1694510555164 -3.9616477521845477 32
1694510555502 -3.8878185958820835 33
1694510555793 -3.8183390931602528 34
1694510556070 -3.752536493084963 35
1694510556370 -3.689537416956875 36
1694510556678 -3.629992532380844 37
1694510556950 -3.573142573692575 38
1694510557268 -3.5192120982061548 39
1694510557592 -3.4674494725745264 40
1694510557881 -3.4177118230969317 41
1694510558172 -3.3702535956632547 42
1694510558496 -3.3241688351558007 43
1694510558794 -3.279610120491852 44
1694510559073 -3.2365331179147514 45
1694510559353 -3.1952621755433563 46
1694510559644 -3.1551692395850903 47
1694510559939 -3.1163144294851506 48
1694510560202 -3.078373448347522 49
