1694510545669 125.45987448414529 0
1694510546001 89.36009428887455 1
1694510546291 63.42088400479085 2
1694510546553 45.776120742779064 3
1694510546897 39.63765247027565 4
1694510547175 22.076897940992716 5
1694510547470 31.08811453612234 6
1694510547727 19.785388954722297 7
1694510548047 15.852366360763977 8
1694510548322 6.9341273082253805 9
1694510548582 7.1900148922779765 10
1694510548870 12.125761419897325 11
1694510549144 6.309173878391512 12
1694510549427 5.97861507621336 13
1694510549717 7.849913140892024 14
1694510550008 3.948993813132 15
1694510550293 5.097116194578063 16
1694510550603 3.6626744687095916 17
1694510550895 5.354518050480396 18
1694510551223 3.3161379559543787 19
1694510551534 4.145131880109839 20
1694510551812 3.877713477379847 21
1694510552084 2.034758317673327 22
1694510552382 2.8127432462808972 23
1694510552662 5.2738627718726665 24
1694510552938 3.0654565123120103 25
1694510553246 5.367000598666918 26
1694510553526 3.8054597948844506 27
1694510553822 5.4737629219566495 28
1694510554109 4.190669204612916 29
1694510554413 6.1865689018100385 30
1694510554670 2.768808133940557 31
1694510554932 3.921206590168099 32
1694510555251 2.7852410725969983 33
1694510555590 3.8992711289356117 34
1694510555875 2.957286326924236 35
1694510556154 4.119417178705728 36
1694510556456 2.005781676119009 37
1694510556755 3.7640762129220167 38
1694510557044 2.1117330501231737 39
1694510557367 2.2313799238516276 40
1694510557673 2.3477198651649376 41
1694510557968 2.5205816993954295 42
1694510558260 2.8397583228776093 43
1694510558577 2.4046133763705004 44
1694510558875 5.820272352598094 45
1694510559149 2.582208214931263 46
1694510559439 1.4243686397967101 47
1694510559726 1.3627683672279725 48
1694510560018 2.672920513350907 49
