1694508480923 120.02934413456214 0
1694508481408 86.65649615342949 1
1694508481807 63.54037669527578 2
1694508482217 47.42301225759867 3
1694508482582 36.10746014609988 4
1694508482945 28.100705626497938 5
1694508483362 22.38781542683043 6
1694508483732 18.25923209291618 7
1694508484148 15.252504658397518 8
1694508484549 13.034026303825682 9
1694508484914 11.379650472082801 10
1694508485383 10.12750763490417 11
1694508485767 9.167670066432086 12
1694508486201 8.42108296666579 13
1694508486588 7.836027724507555 14
1694508486987 7.368654671601081 15
1694508487383 6.992568874057155 16
1694508487778 6.686076006073573 17
1694508488159 6.432323859358617 18
1694508488601 6.221800388575324 19
1694508489036 6.046184865891125 20
1694508489472 5.8961712063999 21
1694508489864 5.7681669541490965 22
1694508490312 5.657954833661232 23
1694508490687 5.563459684579499 24
1694508491108 5.479722212973917 25
1694508491452 5.404753566545005 26
1694508491825 5.3383141036137065 27
1694508492363 5.280594736360147 28
1694508492804 5.228589155367913 29
1694508493234 5.182448901735411 30
1694508493623 5.138402862071954 31
1694508493980 5.099901147490194 32
1694508494431 5.064867975128074 33
1694508494826 5.034126980344284 34
1694508495208 5.003893016156606 35
1694508495653 4.976290704597022 36
1694508496089 4.951272753756921 37
1694508496599 4.927300073635667 38
1694508497072 4.904250015398504 39
1694508497560 4.884254352125495 40
1694508497954 4.864460529423392 41
1694508498348 4.846571605745853 42
1694508498702 4.8286054553438 43
1694508499216 4.811551058928028 44
1694508499618 4.794650092574288 45
1694508499979 4.779978240868876 46
1694508500397 4.765252908385097 47
1694508500820 4.752257236586628 48
1694508501311 4.739716287163594 49
