1694508481068 -176.00443684400088 0
1694508481577 -126.79028670952648 1
1694508481963 -92.70149170518081 2
1694508482352 -68.9335953105933 3
1694508482729 -52.24681806027874 4
1694508483108 -40.439446413713085 5
1694508483493 -32.014782263169046 6
1694508483877 -25.9264580016971 7
1694508484297 -21.49250811946046 8
1694508484684 -18.220970524775545 9
1694508485078 -15.781301587672239 10
1694508485524 -13.93479614068268 11
1694508485928 -12.519346364679151 12
1694508486335 -11.418372014598727 13
1694508486742 -10.55560487704982 14
1694508487142 -9.86638088251538 15
1694508487504 -9.311776045845933 16
1694508487925 -8.859798257536788 17
1694508488306 -8.48559596433019 18
1694508488735 -8.175141977789485 19
1694508489183 -7.9161659172443795 20
1694508489626 -7.694944319237612 21
1694508490002 -7.506179473885378 22
1694508490450 -7.343652264718363 23
1694508490823 -7.204302501805795 24
1694508491239 -7.080816831604432 25
1694508491609 -6.970262340635706 26
1694508491993 -6.872285634979559 27
1694508492532 -6.787168248315722 28
1694508492955 -6.710476847203376 29
1694508493366 -6.642434905718596 30
1694508493761 -6.577481252076214 31
1694508494150 -6.520703683589021 32
1694508494564 -6.469041092332469 33
1694508494952 -6.423708073903 34
1694508495371 -6.3791227615097075 35
1694508495781 -6.338418285046688 36
1694508496266 -6.301524904254085 37
1694508496790 -6.266172959485087 38
1694508497248 -6.232181583401948 39
1694508497712 -6.202694451380353 40
1694508498089 -6.173504968878074 41
1694508498510 -6.147124595944117 42
1694508498874 -6.120630338584809 43
1694508499341 -6.095480623279327 44
1694508499743 -6.070557167659929 45
1694508500123 -6.048920934726223 46
1694508500577 -6.0272058349527065 47
1694508500985 -6.008041424910452 48
1694508501478 -5.989547583207671 49
