1694508480817 120.81096453737806 0
1694508481264 87.91810952753116 1
1694508481701 64.88710409573444 2
1694508482075 53.26373367145044 3
1694508482469 32.567121214495586 4
1694508482830 29.558971829598168 5
1694508483232 18.779745469745738 6
1694508483596 25.49291284658528 7
1694508484006 15.994451338526055 8
1694508484413 13.266420448165864 9
1694508484805 8.9021444612628 10
1694508485199 9.714378452006654 11
1694508485625 9.085450333858628 12
1694508486078 9.261275918829753 13
1694508486449 7.59846320658208 14
1694508486847 7.654599446985559 15
1694508487260 5.906826995610718 16
1694508487607 4.922904364833636 17
1694508488059 6.869091154081353 18
1694508488420 7.670159909746084 19
1694508488859 7.42876593648976 20
1694508489296 8.954939179522842 21
1694508489725 4.8279729360572325 22
1694508490179 3.9340122294152615 23
1694508490553 2.877852342283136 24
1694508490940 6.056169749398357 25
1694508491349 5.930634159030749 26
1694508491711 8.25714202886089 27
1694508492175 3.9303827382720216 28
1694508492648 5.808973615644109 29
1694508493090 3.2431106592786922 30
1694508493479 9.62343762474127 31
1694508493867 5.489691101757637 32
1694508494325 3.8960269138165535 33
1694508494678 3.9947852575759546 34
1694508495055 6.065025853472724 35
1694508495529 4.713858597105984 36
1694508495911 5.126019831221392 37
1694508496427 6.956648638530415 38
1694508496948 5.632976258632556 39
1694508497383 4.858107870159837 40
1694508497832 4.263832829130593 41
1694508498228 4.63533651807238 42
1694508498603 5.547164781215618 43
1694508499047 2.6418927292275245 44
1694508499474 7.928845926569558 45
1694508499857 3.9312710828048805 46
1694508500249 5.6541361569248885 47
1694508500710 3.9227257592023967 48
1694508501094 2.955607221935408 49
