1694493576155 39.56730220448561 0
1694493576590 12.689308431250865 1
1694493576986 6.482165100062161 2
1694493577347 4.719232178844815 3
1694493577802 4.0286808619682715 4
1694493578175 3.6665763339128166 5
1694493578516 3.4305565945865215 6
1694493578887 3.2567082788214807 7
1694493579293 3.1180060050118064 8
1694493579693 3.0020324000533107 9
1694493580139 2.898549088292314 10
1694493580549 2.803414926022631 11
1694493580995 2.716550982362428 12
1694493581378 2.6369277703132266 13
1694493581755 2.5596639673237727 14
1694493582101 2.4864078027043135 15
1694493582462 2.4160239963207712 16
1694493582883 2.348487119112672 17
1694493583334 2.2836848352587436 18
1694493583790 2.220060148790333 19
1694493584164 2.1592825829329376 20
1694493584582 2.10271626598229 21
1694493584965 2.045935561385391 22
1694493585339 1.9917831249497706 23
1694493585766 1.9389794681334427 24
1694493586178 1.889275710496789 25
1694493586540 1.8409419641386573 26
1694493586957 1.7937421846974761 27
1694493587311 1.747694057702653 28
1694493587687 1.7046592550390542 29
1694493588082 1.6610481508375876 30
1694493588540 1.6181148572758843 31
1694493588928 1.5772781222106926 32
1694493589307 1.5387285671520212 33
1694493589728 1.4997183882169762 34
1694493590122 1.4631458008537652 35
1694493590523 1.4268305138790562 36
1694493590900 1.39330615471456 37
1694493591289 1.3591813594101454 38
1694493591632 1.3273364323699626 39
1694493592000 1.2963138986580405 40
1694493592403 1.267027737480496 41
1694493592915 1.237087989697289 42
1694493593361 1.2076319513254157 43
1694493593740 1.1794584137749269 44
1694493594214 1.1526660531607191 45
1694493594569 1.1259572953273267 46
1694493594996 1.099766981206864 47
1694493595395 1.075172219375971 48
1694493595788 1.05151890502395 49
