1694493576330 -54.9873275849711 0
1694493576730 -16.95524153493178 1
1694493577115 -8.17219726130088 2
1694493577519 -5.67766522420546 3
1694493577929 -4.700542179718054 4
1694493578299 -4.188167979236328 5
1694493578643 -3.8542024641276758 6
1694493579010 -3.6082088769346266 7
1694493579430 -3.411946579332688 8
1694493579883 -3.247845115491031 9
1694493580304 -3.101417288665785 10
1694493580721 -2.9668034229039004 11
1694493581121 -2.843891831815567 12
1694493581509 -2.7312258018363766 13
1694493581886 -2.621898311524418 14
1694493582231 -2.518241588481439 15
1694493582622 -2.4186492229391194 16
1694493583014 -2.3230852330371956 17
1694493583484 -2.231390664738504 18
1694493583926 -2.141362384685735 19
1694493584299 -2.0553627511527366 20
1694493584720 -1.9753219917139448 21
1694493585089 -1.8949778759503064 22
1694493585478 -1.8183527327303652 23
1694493585907 -1.743636098864815 24
1694493586310 -1.6733057906060962 25
1694493586690 -1.6049140342822383 26
1694493587082 -1.5381268295379078 27
1694493587450 -1.4729692012161757 28
1694493587808 -1.412075395976951 29
1694493588233 -1.350366129961008 30
1694493588691 -1.2896159590618579 31
1694493589037 -1.2318323969736555 32
1694493589460 -1.1772851711817482 33
1694493589862 -1.1220861673199911 34
1694493590245 -1.070336330579746 35
1694493590656 -1.0189505712553517 36
1694493591048 -0.9715139462128164 37
1694493591429 -0.9232277101787167 38
1694493591768 -0.8781674644004209 39
1694493592179 -0.8342708967631083 40
1694493592534 -0.7928312784874008 41
1694493593064 -0.7504668418551812 42
1694493593502 -0.7087868490884619 43
1694493593896 -0.6689215818555625 44
1694493594333 -0.6310106658489549 45
1694493594694 -0.593218046921393 46
1694493595107 -0.5561590205405291 47
1694493595533 -0.5213576843163867 48
1694493595912 -0.4878884866376336 49
