1694493576034 46.33944803941668 0
1694493576475 3.699582148943141 1
1694493576860 6.110647322721719 2
1694493577243 0.6613639040859363 3
1694493577685 4.443032506760251 4
1694493578070 3.7510821234554643 5
1694493578426 19.183859978778962 6
1694493578775 3.6972618158021415 7
1694493579169 10.961059208590427 8
1694493579582 2.7423619606926124 9
1694493580015 0.15402647091879754 10
1694493580439 1.9345952597108351 11
1694493580872 1.135402783365203 12
1694493581254 3.0395325915608895 13
1694493581642 2.4246945586119737 14
1694493582008 5.165017498509073 15
1694493582369 9.155744080425694e-09 16
1694493582779 0.6177919506017734 17
1694493583145 0.3035662698130147 18
1694493583642 0.0827359929887401 19
1694493584047 1.5025110913211521 20
1694493584441 0.07114886909931273 21
1694493584873 12.29952276798997 22
1694493585203 2.3641974414088662 23
1694493585666 0.29165633445150724 24
1694493586051 0.6941804839149858 25
1694493586443 2.2114521278997303 26
1694493586845 0.18243858767238008 27
1694493587201 0.22911057067958784 28
1694493587580 0.08670991191206465 29
1694493587965 5.638049492130889 30
1694493588410 0.34334747866122833 31
1694493588821 0.35897695142818614 32
1694493589190 0.0021909538127435823 33
1694493589604 0.0030014802617016217 34
1694493589987 0.8257704992684308 35
1694493590388 0.02884914582413072 36
1694493590789 7.012111398121151 37
1694493591184 1.5465329237323442 38
1694493591549 0.011322366053761303 39
1694493591886 0.014747476672495985 40
1694493592310 3.0442406844956422 41
1694493592774 0.03210331745595332 42
1694493593223 0.06741406508326646 43
1694493593632 0.003473329512479668 44
1694493594048 0.010805400949043094 45
1694493594465 0.9840464372265727 46
1694493594879 2.166769550515139 47
1694493595264 0.022308799655673534 48
1694493595686 0.11982122107942357 49
