1694508414382 12.790336598642417 0
1694508414836 6.192489565408945 1
1694508415242 5.204554029772269 2
1694508415585 4.8882964067984975 3
1694508415995 4.7277885576696725 4
1694508416456 4.628295009226631 5
1694508416853 4.534971614199941 6
1694508417258 4.521026995446284 7
1694508417623 4.493065093190477 8
1694508418074 4.429772580693506 9
1694508418542 4.388837546954846 10
1694508418935 4.376817877492404 11
1694508419301 4.354861607971446 12
1694508419699 4.33892170025483 13
1694508420099 4.349186724469862 14
1694508420517 4.335355380469984 15
1694508420898 4.318489747549559 16
1694508421269 4.33092369689956 17
1694508421656 4.333837213879779 18
1694508422047 4.316068440580197 19
1694508422534 4.315930216054891 20
1694508422932 4.330795432128647 21
1694508423310 4.310798987314073 22
1694508423712 4.2799426405165555 23
1694508424075 4.28331073314858 24
1694508424457 4.276889137562937 25
1694508424792 4.284442519689584 26
1694508425121 4.289619504955855 27
1694508425481 4.275336373743377 28
1694508425863 4.333967625023885 29
1694508426202 4.343484166199417 30
1694508426582 4.317873491768939 31
1694508426956 4.325617064177608 32
1694508427426 4.278292883909094 33
1694508427767 4.309457479786585 34
1694508428241 4.300846535017243 35
1694508428631 4.321078087715517 36
1694508428985 4.285019429306052 37
1694508429394 4.300747685849187 38
1694508429740 4.319713668736508 39
1694508430148 4.314031436408396 40
1694508430462 4.2873645923869415 41
1694508430825 4.330527897366357 42
1694508431178 4.289565917150431 43
1694508431516 4.2909427241840294 44
1694508431860 4.3009069444996735 45
1694508432270 4.316334922379609 46
1694508432626 4.3271618725006675 47
1694508432990 4.299165725027365 48
1694508433357 4.268361367731132 49
