1694508414563 -17.861607076265088 0
1694508414966 -8.131917999641418 1
1694508415363 -6.675032815569225 2
1694508415726 -6.208655173870724 3
1694508416167 -5.971958042440606 4
1694508416606 -5.825237258129487 5
1694508417034 -5.687615453226924 6
1694508417392 -5.667051653538672 7
1694508417813 -5.625816897175032 8
1694508418222 -5.532480924944704 9
1694508418703 -5.4721149982094985 10
1694508419067 -5.4543898757438996 11
1694508419424 -5.422011484028325 12
1694508419858 -5.398505278866012 13
1694508420240 -5.413642867457139 14
1694508420650 -5.393246111370982 15
1694508421038 -5.368374761130569 16
1694508421415 -5.386710812354647 17
1694508421820 -5.391007306983003 18
1694508422242 -5.364804116971606 19
1694508422695 -5.364600280531141 20
1694508423084 -5.3865216633285815 21
1694508423451 -5.357033378786115 22
1694508423863 -5.311530253468403 23
1694508424225 -5.316497100066361 24
1694508424586 -5.30702732483371 25
1694508424923 -5.31816611892806 26
1694508425245 -5.325800496739696 27
1694508425626 -5.304737500729324 28
1694508426003 -5.391199621214887 29
1694508426349 -5.405233439558419 30
1694508426733 -5.367465983296392 31
1694508427106 -5.378885246504401 32
1694508427561 -5.309097396392168 33
1694508427905 -5.355055089342503 34
1694508428374 -5.342356732614972 35
1694508428783 -5.372191725196645 36
1694508429141 -5.31901687390393 37
1694508429518 -5.342210962083188 38
1694508429880 -5.370179648776999 39
1694508430272 -5.361800195065024 40
1694508430601 -5.322475230470261 41
1694508430962 -5.386127136137946 42
1694508431326 -5.325721472069609 43
1694508431651 -5.3277518168605615 44
1694508432027 -5.342445817050906 45
1694508432406 -5.365197091382774 46
1694508432764 -5.38116333882613 47
1694508433135 -5.339878081849651 48
1694508433488 -5.294451624220687 49
