1694508414262 12.324461491195356 0
1694508414695 8.333059448852154 1
1694508415101 5.286054728541761 2
1694508415469 6.026044432611589 3
1694508415855 3.5975260488020018 4
1694508416293 5.112454797690382 5
1694508416720 6.410029783397291 6
1694508417153 3.364917277922992 7
1694508417501 2.939362246209555 8
1694508417940 3.4100312202189844 9
1694508418410 6.677428540043727 10
1694508418822 4.853842367289975 11
1694508419195 3.97615167817097 12
1694508419561 4.434075526527988 13
1694508419971 4.5907045335196335 14
1694508420353 3.808743916977617 15
1694508420773 3.296687150357333 16
1694508421142 1.9890506438066387 17
1694508421541 3.6682064756583923 18
1694508421935 2.5651348529629523 19
1694508422398 2.581853276955179 20
1694508422821 2.4569032843637304 21
1694508423194 5.275691866099089 22
1694508423547 6.2430718619715515 23
1694508423961 4.514709001364703 24
1694508424344 4.059051353471496 25
1694508424678 6.13952563644878 26
1694508425017 3.1519366462284784 27
1694508425370 3.169483903008621 28
1694508425755 3.9388071899114716 29
1694508426097 4.107899393225971 30
1694508426454 3.6204019745534977 31
1694508426850 1.822425610050872 32
1694508427291 4.081910685616083 33
1694508427660 4.2454126824345595 34
1694508428120 2.935120737696956 35
1694508428512 6.287601683485436 36
1694508428887 4.0099697073860225 37
1694508429258 2.5339516689032306 38
1694508429619 5.331956605864417 39
1694508430000 5.865565207440791 40
1694508430367 7.078435980426561 41
1694508430705 5.6375871681560685 42
1694508431070 8.06898443947795 43
1694508431422 6.011671911082361 44
1694508431752 4.2129201130215295 45
1694508432138 2.2102899229204693 46
1694508432516 2.1311063205339034 47
1694508432865 4.31365005922196 48
1694508433241 3.808593758640437 49
