1694491441062 121.756521223591 0
1694491441388 88.6539091764205 1
1694491441829 65.62548490735696 2
1694491442193 49.494651526611506 3
1694491442512 38.11078200837184 4
1694491442887 29.99888350032756 5
1694491443209 24.163027866217483 6
1694491443518 19.912049471529894 7
1694491443867 16.779554130311286 8
1694491444197 14.444134219013877 9
1694491444523 12.681071554038674 10
1694491444884 11.332879373905907 11
1694491445230 10.28715523517929 12
1694491445568 9.46038955890179 13
1694491445924 8.80206088780455 14
1694491446240 8.272848782852757 15
1694491446520 7.838926636325805 16
1694491446967 7.481415909067591 17
1694491447263 7.185228343386084 18
1694491447574 6.933999743312071 19
1694491447886 6.721126097691766 20
1694491448222 6.53891601326903 21
1694491448535 6.3817334466359386 22
1694491448881 6.2442571221524865 23
1694491449211 6.1269793682200095 24
1694491449564 6.023415429941362 25
1694491449913 5.930901374961576 26
1694491450242 5.849452362687153 27
1694491450565 5.776551771286458 28
1694491450854 5.710357418675265 29
1694491451149 5.650427703881105 30
1694491451461 5.596308519909332 31
1694491451764 5.547875598379154 32
1694491452153 5.503222075230876 33
1694491452477 5.462422557590623 34
1694491452892 5.424814670937119 35
1694491453274 5.389080533768575 36
1694491453686 5.3577357123813725 37
1694491454035 5.327747429880994 38
1694491454351 5.299043851887322 39
1694491454690 5.272585287383897 40
1694491455073 5.2472765763731655 41
1694491455420 5.2235511837986675 42
1694491455794 5.201219874496408 43
1694491456171 5.180036578622682 44
1694491456532 5.161750526517696 45
1694491456958 5.1432476124739575 46
1694491457362 5.1270261786984 47
1694491457719 5.111049224883064 48
1694491458042 5.096251807348893 49
