1694491441194 -169.59039389499108 0
1694491441528 -123.21104951712498 1
1694491441948 -90.94642888439152 2
1694491442314 -68.34587170172895 3
1694491442647 -52.39618156891479 4
1694491443005 -41.030778321377326 5
1694491443331 -32.854288870689494 6
1694491443663 -26.89833619151304 7
1694491443995 -22.509465609777255 8
1694491444317 -19.23735994697816 9
1694491444641 -16.767171480215374 10
1694491445004 -14.878248958910342 11
1694491445374 -13.413107782584504 12
1694491445691 -12.254744510065919 13
1694491446029 -11.332374634627294 14
1694491446340 -10.590907150746586 15
1694491446708 -9.98294833957245 16
1694491447079 -9.48204789356951 17
1694491447379 -9.067065985507101 18
1694491447704 -8.715075098993424 19
1694491448009 -8.416822498711392 20
1694491448332 -8.161531942107581 21
1694491448658 -7.941306892263029 22
1694491449012 -7.748691826481043 23
1694491449345 -7.584376535296585 24
1694491449719 -7.439275370720537 25
1694491450031 -7.309655955503814 26
1694491450363 -7.19553952915868 27
1694491450681 -7.0934001079823386 28
1694491450959 -7.000656651023425 29
1694491451244 -6.916690440835995 30
1694491451559 -6.840865238060479 31
1694491451889 -6.773006932991579 32
1694491452273 -6.710443860179444 33
1694491452667 -6.653280550033655 34
1694491453044 -6.600588964126746 35
1694491453420 -6.5505226475646525 36
1694491453842 -6.506606105162856 37
1694491454145 -6.464590179670213 38
1694491454470 -6.424374225510811 39
1694491454807 -6.387303710558709 40
1694491455214 -6.351844230139036 41
1694491455570 -6.318603102485885 42
1694491455944 -6.287315194357601 43
1694491456298 -6.257635742688174 44
1694491456703 -6.232015555777236 45
1694491457103 -6.206091528355903 46
1694491457496 -6.183364032945352 47
1694491457835 -6.160979073049896 48
1694491458178 -6.1402467355913775 49
