1694491440940 115.74424938400635 0
1694491441292 88.82026322365336 1
1694491441702 53.47722660859111 2
1694491442077 49.328179520079956 3
1694491442410 32.634326173936216 4
1694491442765 24.71477898922786 5
1694491443106 29.190462566936695 6
1694491443419 25.201218967203918 7
1694491443774 20.44825354059886 8
1694491444092 15.07531890820393 9
1694491444410 16.172566575651413 10
1694491444746 7.077337129311607 11
1694491445119 11.568161520672106 12
1694491445464 11.457776709765643 13
1694491445795 9.739057059532023 14
1694491446138 5.690364916210972 15
1694491446436 8.217157396851814 16
1694491446819 10.483579836992423 17
1694491447174 6.137601497513159 18
1694491447471 9.509049953250889 19
1694491447792 7.824060271109318 20
1694491448108 7.7601257498117615 21
1694491448426 7.163257846551704 22
1694491448773 9.24838278541139 23
1694491449103 5.603713937078191 24
1694491449441 4.606725779631642 25
1694491449813 7.599423583613913 26
1694491450131 5.340617693380555 27
1694491450463 5.392871238524183 28
1694491450765 5.4043010296233165 29
1694491451050 6.039868288106077 30
1694491451352 7.177649895185846 31
1694491451651 5.564126545944591 32
1694491451989 4.265618066521879 33
1694491452368 3.679051744154598 34
1694491452776 5.369826973589372 35
1694491453151 5.817967164842948 36
1694491453560 4.570246301347741 37
1694491453947 3.7880140840164525 38
1694491454251 6.7699765268959 39
1694491454582 3.4716959263403684 40
1694491454948 8.585390627127989 41
1694491455319 5.653417358420475 42
1694491455689 5.8925290311094685 43
1694491456061 4.907439140609146 44
1694491456414 2.719497335318522 45
1694491456833 4.152763195405357 46
1694491457244 2.3881238047552915 47
1694491457595 3.730885675987718 48
1694491457935 4.365794833854039 49
