1694513198715 162.94522747801685 0
1694513199044 156.56378900455962 1
1694513199386 150.4467088294961 2
1694513199682 144.5828821841467 3
1694513199991 138.96167382349432 4
1694513200341 133.5728981017708 5
1694513200642 128.4067998954789 6
1694513200936 123.4540363377503 7
1694513201228 118.70565932947869 8
1694513201548 114.15309879414161 9
1694513201826 109.788146644635 10
1694513202100 105.60294143179593 11
1694513202402 101.58995364558128 12
1694513202791 97.74197164110868 13
1694513203104 94.05208816295061 14
1694513203415 90.5136874422076 15
1694513203710 87.1204328419716 16
1694513204002 83.8662550278318 17
1694513204334 80.7453406410688 18
1694513204655 77.75212145313752 19
1694513204948 74.8812639809504 20
1694513205260 72.12765954334606 21
1694513205563 69.48641473996489 22
1694513205873 66.95284233455308 23
1694513206162 64.52245252548316 24
1694513206468 62.190944587011955 25
1694513206806 59.95419886550025 26
1694513207145 57.808269115489665 27
1694513207470 55.74937516117656 28
1694513207798 53.773895869438334 29
1694513208106 51.87836242115816 30
1694513208412 50.059451868158085 31
1694513208695 48.31398096359156 32
1694513208989 46.63890025416391 33
1694513209306 45.031288423044685 34
1694513209599 43.48834687281028 35
1694513209891 42.007394538209226 36
1694513210213 40.58586291897758 37
1694513210513 39.22129132334773 38
1694513210814 37.91132231329259 39
1694513211085 36.65369734292882 40
1694513211397 35.446252581867526 41
1694513211702 34.28691491565082 42
1694513212019 33.17369811574755 43
1694513212377 32.10469917190135 44
1694513212738 31.07809477993174 45
1694513213068 30.09213797838213 46
1694513213397 29.145154927690214 47
1694513213734 28.23554182582514 48
1694513214113 27.361761954593902 49
