1694513198852 -227.29898767999637 0
1694513199166 -218.35809406819044 1
1694513199478 -209.7875870755092 2
1694513199788 -201.57190805388913 3
1694513200113 -193.69615619458165 4
1694513200462 -186.1460606124941 5
1694513200756 -178.90795361785385 6
1694513201053 -171.96874512461727 7
1694513201359 -165.31589814720195 8
1694513201648 -158.93740533918415 9
1694513201916 -152.82176652958216 10
1694513202214 -146.95796721423793 11
1694513202563 -141.33545796162053 12
1694513202916 -135.94413469411057 13
1694513203223 -130.77431980748383 14
1694513203513 -125.81674409290342 15
1694513203824 -121.0625294272491 16
1694513204110 -116.50317219907221 17
1694513204441 -112.13052743885636 18
1694513204774 -107.9367936236009 19
1694513205056 -103.91449812702187 20
1694513205375 -100.0564832878881 21
1694513205661 -96.35589307018243 22
1694513205971 -92.80616028989881 23
1694513206275 -89.4009943843598 24
1694513206583 -86.13436970096635 25
1694513206934 -83.00051428327652 26
1694513207280 -79.99389913325072 27
1694513207601 -77.10922792940364 28
1694513207905 -74.34142718146533 29
1694513208221 -71.68563680298175 30
1694513208509 -69.1372010840749 31
1694513208777 -66.69166004734103 32
1694513209118 -64.34474117059015 33
1694513209414 -62.09235146082454 34
1694513209719 -59.93056986451825 35
1694513209998 -57.85563999989633 36
1694513210319 -55.86396319752129 37
1694513210619 -53.95209183607745 38
1694513210915 -52.116722960802456 39
1694513211185 -50.35469217254959 40
1694513211501 -48.6629677759759 41
1694513211805 -47.03864517584163 42
1694513212144 -45.47894151087502 43
1694513212528 -43.9811905151056 44
1694513212839 -42.5428375969993 45
1694513213181 -41.161435127139605 46
1694513213555 -39.83463792559379 47
1694513213875 -38.560198940479765 48
1694513214265 -37.33596510961067 49
