1694513198571 168.8062308362842 0
1694513198937 162.10678516248646 1
1694513199265 155.68658377233785 2
1694513199570 149.53385816901138 3
1694513199872 143.63733833223813 4
1694513200191 137.98623154494766 5
1694513200538 132.57020212089571 6
1694513200826 127.37935199488982 7
1694513201124 122.40420213886203 8
1694513201440 117.63567476860447 9
1694513201726 113.06507630748412 10
1694513201991 108.68408107488968 11
1694513202300 104.48471566853824 12
1694513202687 100.4593440110866 13
1694513202994 96.60065303275101 14
1694513203302 92.9016389628472 15
1694513203601 89.35559420431608 16
1694513203899 85.95609476640708 17
1694513204216 82.69698823174933 18
1694513204527 79.57238223505436 19
1694513204850 76.57663343166362 20
1694513205150 73.70433693508369 21
1694513205457 70.9503162035403 22
1694513205745 68.30961335643428 23
1694513206054 65.77747990239631 24
1694513206361 63.34936786141865 25
1694513206672 61.02092126428812 26
1694513207017 58.78796801325946 27
1694513207354 56.6465120885933 28
1694513207684 54.5927260862375 29
1694513208005 52.622944072558404 30
1694513208317 50.73365474262907 31
1694513208589 48.92149486915614 32
1694513208864 47.183243029677875 33
1694513209204 45.51581360019249 34
1694513209500 43.91625100388065 35
1694513209789 42.38172420406864 36
1694513210071 40.90952143104142 37
1694513210395 39.49704513275722 38
1694513210714 38.141807139939125 39
1694513210988 36.841424036424804 40
1694513211286 35.593612726044014 41
1694513211589 34.3961861876653 42
1694513211890 33.2470494104092 43
1694513212246 32.14419550136622 44
1694513212625 31.08570195848428 45
1694513212946 30.06972710160209 46
1694513213279 29.094506654904762 47
1694513213632 28.158350474363672 48
1694513213967 27.25963941399705 49
