1694492326651 41.19275205970831 0
1694492327184 13.960243523707325 1
1694492327627 7.360525379816974 2
1694492328025 5.309485603707811 3
1694492328417 4.436399331894839 4
1694492328852 3.9522860755524856 5
1694492329223 3.6311600692944865 6
1694492329657 3.393493520269505 7
1694492330150 3.210031368340777 8
1694492330544 3.057313990016079 9
1694492331001 2.925873328674971 10
1694492331451 2.8113515256929844 11
1694492332006 2.710765515782863 12
1694492332407 2.6159220544397463 13
1694492332839 2.529528102261 14
1694492333413 2.45095010590195 15
1694492333811 2.372397154900335 16
1694492334222 2.2995124122805057 17
1694492334668 2.2322055592642323 18
1694492335074 2.168440286304274 19
1694492335473 2.107988503212064 20
1694492335941 2.049543460404755 21
1694492336320 1.9919610250115372 22
1694492336769 1.9380422940606048 23
1694492337192 1.8859995828543916 24
1694492337713 1.8364818689765612 25
1694492338260 1.7863980411539764 26
1694492338759 1.7379200387371143 27
1694492339158 1.6894171998457799 28
1694492339634 1.6443125568247432 29
1694492340022 1.6005859865264969 30
1694492340477 1.559102767410908 31
1694492340933 1.5186007090482492 32
1694492341380 1.4781703206829984 33
1694492341807 1.4413243053988032 34
1694492342303 1.4027941856277195 35
1694492342733 1.367861910381359 36
1694492343259 1.3327085061533077 37
1694492343750 1.299046059482924 38
1694492344202 1.2662186962968862 39
1694492344694 1.2334799303542905 40
1694492345119 1.20323799541731 41
1694492345536 1.1738901445640637 42
1694492345968 1.1455735796925166 43
1694492346456 1.1161640499901713 44
1694492346921 1.0878929181407335 45
1694492347345 1.0630629338109991 46
1694492347778 1.037014051701607 47
1694492348228 1.011758799730349 48
1694492348639 0.9901749905892936 49
