1694492326838 -56.71426227413279 0
1694492327329 -18.559391297045416 1
1694492327770 -9.31267082205179 2
1694492328152 -6.439003935181474 3
1694492328554 -5.215741891258801 4
1694492328964 -4.537461415935664 5
1694492329380 -4.087538805245443 6
1694492329806 -3.7545494112779414 7
1694492330279 -3.4975046103274323 8
1694492330683 -3.2835356379782707 9
1694492331128 -3.0993770075684752 10
1694492331612 -2.938923018870937 11
1694492332145 -2.7979941644781388 12
1694492332546 -2.6651110690488995 13
1694492333007 -2.5440663957598786 14
1694492333552 -2.4339724869025985 15
1694492333929 -2.323913668546814 16
1694492334364 -2.2217964527500578 17
1694492334805 -2.127494295851264 18
1694492335204 -2.038154169164454 19
1694492335659 -1.9534565005244562 20
1694492336071 -1.871570431724909 21
1694492336492 -1.790892943271349 22
1694492336910 -1.7153485908309025 23
1694492337351 -1.6424326885464753 24
1694492337895 -1.5730545046898077 25
1694492338452 -1.5028831509901237 26
1694492338920 -1.4349616840787278 27
1694492339322 -1.3670054193271781 28
1694492339766 -1.3038102923464905 29
1694492340175 -1.242545952860668 30
1694492340633 -1.1844247235594039 31
1694492341084 -1.1276781770893725 32
1694492341509 -1.0710320458822395 33
1694492341972 -1.019407901256351 34
1694492342476 -0.9654241947368449 35
1694492342871 -0.916481349343113 36
1694492343403 -0.8672286849786253 37
1694492343888 -0.820064968577559 38
1694492344345 -0.7740712693476315 39
1694492344828 -0.7282017017741023 40
1694492345257 -0.6858303894106987 41
1694492345661 -0.6447117586653854 42
1694492346146 -0.605038040110963 43
1694492346601 -0.5638329924817158 44
1694492347066 -0.524222929139019 45
1694492347506 -0.4894341821819883 46
1694492347926 -0.4529376642549934 47
1694492348356 -0.4175530841241064 48
1694492348792 -0.387312482092077 49
