1694492326500 33.16429100523994 0
1694492327048 71.95626476260848 1
1694492327485 23.227029936890542 2
1694492327911 0.0015560998519341034 3
1694492328298 5.137151104532285 4
1694492328708 21.44102121987082 5
1694492329115 24.21171692482546 6
1694492329520 0.11947763526916794 7
1694492329975 0.24761114959131744 8
1694492330415 12.584966193726235 9
1694492330866 0.650847046852292 10
1694492331311 5.974641332014782 11
1694492331831 0.0821398679070749 12
1694492332277 0.08528704615668063 13
1694492332710 0.6920045410043901 14
1694492333217 0.36644460765641546 15
1694492333687 0.24193673381499745 16
1694492334077 0.21704189409417177 17
1694492334519 1.206586935768677 18
1694492334927 1.0022128664733643 19
1694492335327 1.015629510042708 20
1694492335807 0.254537870719234 21
1694492336200 0.037878873552379455 22
1694492336660 0.19863004678556523 23
1694492337094 0.2827456350358396 24
1694492337528 0.17194149980517212 25
1694492338087 3.843108698573104e-05 26
1694492338617 0.08344663830097454 27
1694492339046 0.04021681431814442 28
1694492339523 0.6336038873994275 29
1694492339904 0.2603882436758962 30
1694492340318 0.12738685582598003 31
1694492340809 0.34313286691571976 32
1694492341269 0.15572854156568378 33
1694492341664 0.22211245720725764 34
1694492342149 0.0028190285355383067 35
1694492342627 0.08325916208587612 36
1694492343091 0.11810209906207722 37
1694492343590 0.25483809232386956 38
1694492344063 0.6280725100662208 39
1694492344550 0.07558818126181792 40
1694492344974 1.1731141192826822 41
1694492345397 1.6158912654347322 42
1694492345852 0.056522219647437616 43
1694492346344 0.09773616783396273 44
1694492346760 0.15085465402858658 45
1694492347224 1.6591723569494934 46
1694492347658 0.16995830819029004 47
1694492348082 8.021432900835459 48
1694492348485 0.023715396594416224 49
