1694493907442 120.23951863759471 0
1694493907871 86.25342919686538 1
1694493908265 62.382027720497184 2
1694493908687 45.588606908817965 3
1694493909084 33.7571628214425 4
1694493909455 25.3927811365118 5
1694493909889 19.46613784088076 6
1694493910259 15.250330817898067 7
1694493910690 12.239173575094744 8
1694493911157 10.077216124777664 9
1694493911602 8.512614074349598 10
1694493912016 7.3754995946212185 11
1694493912408 6.539614738649258 12
1694493912760 5.918248260532196 13
1694493913213 5.450047404208848 14
1694493913675 5.092483289123784 15
1694493914016 4.814863483433717 16
1694493914372 4.595016179424892 17
1694493914739 4.419056808957315 18
1694493915206 4.274367711932361 19
1694493915553 4.153909401652528 20
1694493915983 4.051488723173018 21
1694493916425 3.9624853180717645 22
1694493916884 3.8839326964885705 23
1694493917227 3.814046318597726 24
1694493917621 3.7511418814240414 25
1694493918039 3.693339536119322 26
1694493918462 3.640007078856773 27
1694493918845 3.590702102925922 28
1694493919243 3.5444153104521527 29
1694493919647 3.501014438727639 30
1694493920033 3.460163470306859 31
1694493920419 3.4213156089839516 32
1694493920857 3.3844795965076497 33
1694493921318 3.348958388055492 34
1694493921684 3.315126830566095 35
1694493922060 3.2827848975723475 36
1694493922416 3.2515806589407914 37
1694493922822 3.2227879989517176 38
1694493923153 3.1934757079289784 39
1694493923487 3.1651161522602327 40
1694493923832 3.1375206018248356 41
1694493924149 3.1106477057132733 42
1694493924594 3.084594568523209 43
1694493925022 3.059244229660198 44
1694493925386 3.0345190371416932 45
1694493925764 3.0105576858332808 46
1694493926181 2.9869757600005906 47
1694493926574 2.9639560183312823 48
1694493926920 2.9413497368083927 49
