1694493907614 -176.31437621604763 0
1694493908052 -126.19589339536263 1
1694493908396 -90.99330185020958 2
1694493908850 -66.22844109979847 3
1694493909215 -48.780890146013384 4
1694493909678 -36.446134171427346 5
1694493910043 -27.706253382423043 6
1694493910388 -21.489302408255686 7
1694493910840 -17.0488199924423 8
1694493911314 -13.860632439363135 9
1694493911771 -11.553350775718318 10
1694493912155 -9.876474928710131 11
1694493912537 -8.6438152881486 12
1694493912960 -7.727500829164725 13
1694493913366 -7.037056092496954 14
1694493913829 -6.509764743180723 15
1694493914171 -6.10036537740712 16
1694493914503 -5.776161754382001 17
1694493914904 -5.516678629637757 18
1694493915349 -5.303309038051407 19
1694493915671 -5.125672014971796 20
1694493916163 -4.9746346611800245 21
1694493916600 -4.843383443315464 22
1694493917019 -4.727543748895693 23
1694493917350 -4.624483959218194 24
1694493917754 -4.531720272494769 25
1694493918147 -4.446480520060112 26
1694493918607 -4.3678324058732905 27
1694493918966 -4.295123523214868 28
1694493919376 -4.226865484364387 29
1694493919804 -4.16286324463271 30
1694493920189 -4.102621287034858 31
1694493920584 -4.04533326412984 32
1694493921032 -3.9910120671678975 33
1694493921437 -3.9386297806243338 34
1694493921828 -3.888739182419842 35
1694493922175 -3.8410452982510934 36
1694493922566 -3.795029145068315 37
1694493922956 -3.7525692899107854 38
1694493923291 -3.7093431471496388 39
1694493923622 -3.6675219806966677 40
1694493923966 -3.6268274747036857 41
1694493924290 -3.5871986499617803 42
1694493924725 -3.5487787043260113 43
1694493925150 -3.5113951587721726 44
1694493925520 -3.474933501756942 45
1694493925884 -3.439598263320481 46
1694493926328 -3.404822554665164 47
1694493926719 -3.3708758857080934 48
1694493927045 -3.3375389366566166 49
