1694493907326 118.05662357492136 0
1694493907748 80.92991623371782 1
1694493908155 58.6543923694303 2
1694493908527 54.661083573749515 3
1694493908973 31.405493620395042 4
1694493909325 24.94836623244024 5
1694493909780 21.282888028436265 6
1694493910152 12.064458413971149 7
1694493910512 18.841642901191545 8
1694493911016 10.010521912713717 9
1694493911463 10.876417393059207 10
1694493911880 7.38124601599422 11
1694493912285 8.181004333554712 12
1694493912641 5.480555891874392 13
1694493913072 6.239537683508522 14
1694493913469 7.592776742481824 15
1694493913926 5.186022574547763 16
1694493914262 5.239532466034323 17
1694493914603 4.120424162550727 18
1694493915089 3.5519769397639758 19
1694493915454 3.743319167750262 20
1694493915790 3.157781894144382 21
1694493916311 3.257315295355293 22
1694493916730 5.324371090666173 23
1694493917114 2.430547729812896 24
1694493917478 2.1332674597919157 25
1694493917854 4.425164378892435 26
1694493918269 3.8292608929637186 27
1694493918725 2.155078145029355 28
1694493919089 3.4438815408281807 29
1694493919528 4.796908694620577 30
1694493919921 1.986937304499963 31
1694493920298 4.476575106745956 32
1694493920734 2.0218570799805233 33
1694493921154 3.114453200565145 34
1694493921537 2.45555446569925 35
1694493921946 2.163793550614805 36
1694493922284 3.882253084777019 37
1694493922718 7.295021291041536 38
1694493923047 3.2378078563331605 39
1694493923387 2.690279378831682 40
1694493923727 4.179266279697976 41
1694493924054 3.821664282659277 42
1694493924410 5.833162694311574 43
1694493924849 3.646959931913173 44
1694493925249 4.627016491223293 45
1694493925644 2.650487691599433 46
1694493926045 4.140373168435521 47
1694493926448 2.1455951457948723 48
1694493926819 3.706514121951928 49
