1694494543134 167.68692201000042 0
1694494543557 167.02251068304184 1
1694494543989 166.36084539503142 2
1694494544471 165.70191483448815 3
1694494544929 165.04570759683423 4
1694494545384 164.39221232529235 5
1694494545868 163.74141771068176 6
1694494546332 163.09331249121834 7
1694494546726 162.447885452315 8
1694494547098 161.8051254263832 9
1694494547502 161.1650212926356 10
1694494548000 160.52756197688876 11
1694494548431 159.8927364513676 12
1694494548824 159.26053373450992 13
1694494549226 158.63094289077242 14
1694494549624 158.0039530304366 15
1694494550042 157.37955330941674 16
1694494550510 156.7577329290674 17
1694494550960 156.13848113599286 18
1694494551433 155.52178722185639 19
1694494551907 154.9076405231911 20
1694494552347 154.2960304212111 21
1694494552788 153.68694634162364 22
1694494553261 153.08037775444214 23
1694494553628 152.47631417379966 24
1694494553998 151.87474515776364 25
1694494554382 151.27566030815095 26
1694494554787 150.6790492703441 27
1694494555148 150.08490173310804 28
1694494555507 149.49320742840757 29
1694494555893 148.90395613122598 30
1694494556331 148.31713765938406 31
1694494556723 147.73274187335983 32
1694494557115 147.1507586761095 33
1694494557491 146.57117801288857 34
1694494557947 145.99398987107435 35
1694494558457 145.41918427998843 36
1694494558889 144.84675131072078 37
1694494559265 144.27668107595372 38
1694494559691 143.70896372978743 39
1694494560134 143.14358946756565 40
1694494560681 142.58054852570226 41
1694494561135 142.01983118150872 42
1694494561574 141.46142775302215 43
1694494562007 140.90532859883396 44
1694494562436 140.35152411791955 45
1694494562955 139.8000047494685 46
1694494563460 139.25076097271545 47
1694494563953 138.7037833067719 48
1694494564480 138.15906231045832 49
