1694494543274 -246.28394052715115 0
1694494543712 -245.30414884696637 1
1694494544165 -244.3284066855145 2
1694494544628 -243.35669736202183 3
1694494545087 -242.38900405842705 4
1694494545560 -241.42531002715904 5
1694494546036 -240.46559859083635 6
1694494546457 -239.509853141972 7
1694494546853 -238.55805714267953 8
1694494547238 -237.61019412438003 9
1694494547689 -236.6662476875113 10
1694494548169 -235.72620150123672 11
1694494548564 -234.79003930315707 12
1694494548938 -233.85774489902215 13
1694494549347 -232.92930216244463 14
1694494549761 -232.00469503461412 15
1694494550219 -231.0839075240136 16
1694494550655 -230.166923706136 17
1694494551104 -229.25372772320273 18
1694494551593 -228.34430378388274 19
1694494552077 -227.43863616301343 20
1694494552500 -226.53670920132225 21
1694494552951 -225.6385073051496 22
1694494553396 -224.74401494617314 23
1694494553741 -223.85321666113273 24
1694494554146 -222.96609705155723 25
1694494554526 -222.08264078349174 26
1694494554910 -221.2028325872266 27
1694494555279 -220.3266572570272 28
1694494555632 -219.4540996508647 29
1694494556033 -218.5851446901486 30
1694494556469 -217.71977735945995 31
1694494556864 -216.85798270628527 32
1694494557231 -215.9997458407528 33
1694494557618 -215.14505193536846 34
1694494558140 -214.29388622475417 35
1694494558599 -213.44623400538617 36
1694494559010 -212.6020806353355 37
1694494559382 -211.76141153400852 38
1694494559832 -210.92421218188943 39
1694494560276 -210.0904681202834 40
1694494560828 -209.26016495106072 41
1694494561266 -208.43328833640246 42
1694494561745 -207.60982399854672 43
1694494562142 -206.7897577195362 44
1694494562608 -205.9730753409668 45
1694494563138 -205.1597627637374 46
1694494563658 -204.34980594780032 47
1694494564094 -203.54319091191337 48
1694494564653 -202.73990373339225 49
