1694494542982 169.0335646387996 0
1694494543405 168.36390078061956 1
1694494543813 167.70369504604278 2
1694494544285 167.04620457440728 3
1694494544758 166.39141819950677 4
1694494545229 165.7393246625302 5
1694494545690 165.0899127518623 6
1694494546187 164.44317130288175 7
1694494546581 163.79908919776355 8
1694494546960 163.1576553652819 9
1694494547347 162.51885878061415 10
1694494547813 161.8826884651454 11
1694494548281 161.24913348627396 12
1694494548683 160.61818295721764 13
1694494549055 159.9898260368211 14
1694494549490 159.36405192936354 15
1694494549883 158.74084988436755 16
1694494550355 158.12020919640864 17
1694494550784 157.50211920492572 18
1694494551246 156.8865692940321 19
1694494551722 156.2735488923276 20
1694494552182 155.66304747271127 21
1694494552622 155.0550545521948 22
1694494553103 154.4495596917171 23
1694494553502 153.8465524959592 24
1694494553859 153.24602261316033 25
1694494554254 152.64795973493446 26
1694494554638 152.05235359608778 27
1694494555002 151.45919397443694 28
1694494555386 150.86847069062816 29
1694494555757 150.28017360795675 30
1694494556138 149.69429263218777 31
1694494556587 149.11081771137728 32
1694494556987 148.52973883569436 33
1694494557338 147.9510460372439 34
1694494557750 147.37472938989015 35
1694494558282 146.80077900908083 36
1694494558708 146.22918505167235 37
1694494559123 145.65993771575555 38
1694494559508 145.093027240482 39
1694494559944 144.5284439058914 40
1694494560429 143.96617803273944 41
1694494560968 143.40621998232652 42
1694494561414 142.84856015632712 43
1694494561874 142.29318899661993 44
1694494562271 141.7400969851186 45
1694494562751 141.18927464360357 46
1694494563286 140.6407125335539 47
1694494563807 140.09440125598067 48
1694494564251 139.55033145126026 49
