1694507906546 5.285308503059807 0
1694507906883 4.749575257242989 1
1694507907207 4.740140841209756 2
1694507907577 4.625806447935917 3
1694507907950 4.683167893266774 4
1694507908277 4.736438925424042 5
1694507908593 4.701315405019494 6
1694507908933 4.64084282773321 7
1694507909253 4.438257441970873 8
1694507909617 4.577110955442405 9
1694507909945 4.523550785208856 10
1694507910275 4.812873032371851 11
1694507910589 4.654973998882977 12
1694507910909 4.716771425374117 13
1694507911264 4.525734560232842 14
1694507911604 4.7478344425500785 15
1694507911939 4.5901250948023415 16
1694507912293 4.651299584189139 17
1694507912635 4.643868144787675 18
1694507912968 4.573345924587459 19
1694507913298 4.52892239506203 20
1694507913626 4.619059633070172 21
1694507913964 4.689655018940772 22
1694507914322 4.710861138242928 23
1694507914669 4.663721613807093 24
1694507914998 4.634402327201893 25
1694507915375 4.5193151114626025 26
1694507915770 4.419618932952813 27
1694507916170 4.55693144545703 28
1694507916547 4.517902127411778 29
1694507916928 4.981735853753784 30
1694507917273 4.516768172521564 31
1694507917649 4.573592760767235 32
1694507918029 4.686626845943878 33
1694507918381 4.5514501753072265 34
1694507918773 4.545006707209173 35
1694507919115 4.77655493643637 36
1694507919491 4.469702084075915 37
1694507919868 4.602628406810031 38
1694507920227 4.764236210685923 39
1694507920607 4.646358917989679 40
1694507920996 4.4623300494356934 41
1694507921363 4.730932750698824 42
1694507921712 4.487031248657226 43
1694507922097 4.474972178658823 44
1694507922461 4.788900446597376 45
1694507922833 4.579578950025808 46
1694507923169 4.427854762324475 47
1694507923490 4.592321508753665 48
1694507923860 4.521949116830865 49
