1694507906678 -6.405129929244592 0
1694507906998 -5.654525817792486 1
1694507907326 -5.64130746422009 2
1694507907741 -5.481116051158018 3
1694507908078 -5.561483915277654 4
1694507908402 -5.636120791131005 5
1694507908735 -5.586909996336798 6
1694507909037 -5.502183193407136 7
1694507909402 -5.218345248570472 8
1694507909733 -5.412889863665984 9
1694507910053 -5.3378478827896965 10
1694507910395 -5.743210943512199 11
1694507910706 -5.521982067655599 12
1694507911049 -5.608565087775409 13
1694507911403 -5.340907522123805 14
1694507911717 -5.652086800471875 15
1694507912084 -5.43112368915069 16
1694507912409 -5.516833925743723 17
1694507912742 -5.506421898839846 18
1694507913083 -5.407614761436407 19
1694507913421 -5.345373927649506 20
1694507913747 -5.471663236689294 21
1694507914107 -5.5705728849102645 22
1694507914455 -5.600284313985145 23
1694507914800 -5.534238159243549 24
1694507915147 -5.493159549240261 25
1694507915515 -5.331913373118078 26
1694507915937 -5.192231242001842 27
1694507916315 -5.384616794409254 28
1694507916712 -5.3299336721265 29
1694507917056 -5.979800942341618 30
1694507917431 -5.328344912777623 31
1694507917786 -5.40796059819909 32
1694507918171 -5.566330178079197 33
1694507918536 -5.37693710691077 34
1694507918896 -5.367909304951166 35
1694507919260 -5.6923264551177555 36
1694507919652 -5.262401647592709 37
1694507920004 -5.448641805625674 38
1694507920372 -5.675066958403046 39
1694507920770 -5.509911666594074 40
1694507921135 -5.252072851398101 41
1694507921500 -5.628406210377628 42
1694507921861 -5.286681160362036 43
1694507922226 -5.2697854616318045 44
1694507922613 -5.709623478883185 45
1694507922965 -5.4163477167968255 46
1694507923290 -5.203770282066757 47
1694507923632 -5.434201036608939 48
1694507923998 -5.335603820321873 49
