1694507906456 2.655333690435659 0
1694507906799 23.7823811649981 1
1694507907121 0.5482778198078951 2
1694507907464 0.2708617381199535 3
1694507907863 4.126577290541001 4
1694507908194 2.881279956835723 5
1694507908518 2.4395171078849978 6
1694507908844 3.686581810582917 7
1694507909164 27.157577353636427 8
1694507909526 0.5375436550796179 9
1694507909854 0.924169022886059 10
1694507910172 0.663976716200985 11
1694507910506 2.4743144740004603 12
1694507910819 0.1813658354636357 13
1694507911171 0.19790634290315207 14
1694507911517 0.10741292849971228 15
1694507911840 4.814635275106594 16
1694507912216 10.4641301885198 17
1694507912541 0.10922978771994296 18
1694507912874 0.9414006941388963 19
1694507913203 0.5846950731888606 20
1694507913541 5.743791315115526 21
1694507913881 0.09564860826600181 22
1694507914230 0.9294060687270167 23
1694507914584 1.0203767412876916 24
1694507914911 8.044965309552175 25
1694507915281 20.848202616354403 26
1694507915661 0.19740170698409595 27
1694507916058 0.03719577504508029 28
1694507916451 0.4001872586391375 29
1694507916834 0.011936532450367162 30
1694507917174 0.0002879352206624907 31
1694507917556 0.17711458234379054 32
1694507917937 0.023221978752841037 33
1694507918287 4.239330174657402 34
1694507918686 0.12526074671174092 35
1694507919019 4.429509651842594 36
1694507919406 0.29966314538410277 37
1694507919781 0.23118672369018065 38
1694507920135 0.606747476293623 39
1694507920514 0.1625265069883216 40
1694507920898 1.8044685202193251 41
1694507921263 7.091981111023919 42
1694507921617 2.915537478241333 43
1694507922010 6.206948756597468 44
1694507922372 0.03827250138452893 45
1694507922746 0.35423277157724975 46
1694507923080 0.29598846138797147 47
1694507923404 1.4011752172043066 48
1694507923756 18.67747193712944 49
