1694512789511 169.58737247084122 0
1694512789868 169.52010853979647 1
1694512790198 169.45287278854815 2
1694512790569 169.385665205128 3
1694512790884 169.318485777573 4
1694512791253 169.25133449392504 5
1694512791581 169.18421134223127 6
1694512791912 169.11711631054393 7
1694512792294 169.05004938692034 8
1694512792664 168.9830105594229 9
1694512793063 168.91599981611918 10
1694512793464 168.84901714508177 11
1694512793815 168.7820625343884 12
1694512794225 168.7151359721219 13
1694512794609 168.64823744637027 14
1694512794977 168.5813669452264 15
1694512795362 168.51452445678848 16
1694512795815 168.44770996915963 17
1694512796235 168.38092347044818 18
1694512796682 168.31416494876743 19
1694512797137 168.2474343922359 20
1694512797578 168.18073178897706 21
1694512798009 168.11405712711945 22
1694512798487 168.04741039479683 23
1694512798911 167.9807915801479 24
1694512799301 167.9142006713164 25
1694512799682 167.8476376564513 26
1694512800069 167.7811025237065 27
1694512800488 167.71459526124104 28
1694512800893 167.64811585721895 29
1694512801293 167.58166429980932 30
1694512801714 167.5152405771864 31
1694512802104 167.44884467752945 32
1694512802501 167.38247658902267 33
1694512803000 167.31613629985546 34
1694512803404 167.2498237982222 35
1694512803846 167.18353907232228 36
1694512804233 167.1172821103602 37
1694512804650 167.0510529005455 38
1694512805085 166.98485143109275 39
1694512805509 166.91867769022147 40
1694512805898 166.85253166615638 41
1694512806315 166.7864133471271 42
1694512806758 166.72032272136832 43
1694512807159 166.6542597771198 44
1694512807580 166.58822450262622 45
1694512807993 166.5222168861374 46
1694512808386 166.45623691590816 47
1694512808801 166.39028458019828 48
1694512809223 166.32435986727265 49
