1694512789632 -236.60515148335256 0
1694512789994 -236.51090946348754 1
1694512790316 -236.41670692571782 2
1694512790681 -236.32254385327488 3
1694512791025 -236.22842022939767 4
1694512791352 -236.1343360373319 5
1694512791698 -236.04029126033072 6
1694512792041 -235.9462858816544 7
1694512792422 -235.85231988457022 8
1694512792817 -235.75839325235273 9
1694512793204 -235.6645059682837 10
1694512793593 -235.57065801565184 11
1694512793953 -235.47684937775313 12
1694512794386 -235.38308003789078 13
1694512794726 -235.28934997937498 14
1694512795119 -235.19565918552303 15
1694512795505 -235.10200763965958 16
1694512795986 -235.00839532511617 17
1694512796428 -234.91482222523157 18
1694512796846 -234.82128832335167 19
1694512797294 -234.72779360282954 20
1694512797716 -234.63433804702524 21
1694512798191 -234.540921639306 22
1694512798653 -234.44754436304615 23
1694512799056 -234.3542062016272 24
1694512799435 -234.26090713843755 25
1694512799815 -234.16764715687302 26
1694512800219 -234.07442624033624 27
1694512800630 -233.98124437223714 28
1694512801041 -233.88810153599263 29
1694512801455 -233.79499771502662 30
1694512801871 -233.70193289277037 31
1694512802260 -233.60890705266203 32
1694512802722 -233.5159201781468 33
1694512803146 -233.42297225267706 34
1694512803574 -233.33006325971226 35
1694512803988 -233.2371931827188 36
1694512804402 -233.14436200517034 37
1694512804817 -233.0515697105474 38
1694512805270 -232.95881628233772 39
1694512805641 -232.86610170403594 40
1694512806071 -232.77342595914396 41
1694512806469 -232.68078903117058 42
1694512806912 -232.58819090363164 43
1694512807324 -232.49563156005019 44
1694512807736 -232.40311098395608 45
1694512808134 -232.31062915888634 46
1694512808535 -232.21818606838514 47
1694512808980 -232.1257816960035 48
1694512809383 -232.0334160252995 49
