1694512789372 168.87672819721146 0
1694512789717 168.80899981546904 1
1694512790078 168.74129996621042 2
1694512790422 168.6736286372817 3
1694512790781 168.60598581653386 4
1694512791134 168.53837149182343 5
1694512791448 168.47078565101197 6
1694512791790 168.4032282819662 7
1694512792150 168.33569937255808 8
1694512792537 168.26819891066484 9
1694512792926 168.20072688416872 10
1694512793321 168.13328328095736 11
1694512793707 168.06586808892345 12
1694512794067 167.99848129596484 13
1694512794483 167.9311228899847 14
1694512794838 167.86379285889123 15
1694512795230 167.7964911905979 16
1694512795616 167.72921787302332 17
1694512796089 167.66197289409132 18
1694512796537 167.59475624173078 19
1694512796965 167.52756790387588 20
1694512797408 167.4604078684659 21
1694512797839 167.3932761234453 22
1694512798316 167.32617265676367 23
1694512798764 167.2590974563758 24
1694512799147 167.19205051024167 25
1694512799532 167.1250318063263 26
1694512799914 167.05804133259997 27
1694512800320 166.99107907703808 28
1694512800740 166.92414502762114 29
1694512801137 166.85723917233483 30
1694512801570 166.79036149917 31
1694512801971 166.72351199612257 32
1694512802360 166.65669065119368 33
1694512802830 166.58989745238958 34
1694512803259 166.5231323877217 35
1694512803672 166.45639544520645 36
1694512804089 166.38968661286555 37
1694512804499 166.32300587872567 38
1694512804925 166.2563532308188 39
1694512805371 166.18972865718197 40
1694512805753 166.12313214585726 41
1694512806173 166.056563684892 42
1694512806589 165.99002326233847 43
1694512807014 165.92351086625422 44
1694512807431 165.85702648470186 45
1694512807834 165.79057010574908 46
1694512808245 165.72414171746874 47
1694512808649 165.65774130793875 48
1694512809077 165.59136886524212 49
