1694513301155 168.4326351154688 0
1694513301536 168.36516047256058 1
1694513301908 168.2977140208494 2
1694513302249 168.23029574845086 3
1694513302576 168.16290564348577 4
1694513302933 168.09554369407974 5
1694513303267 168.0282098883635 6
1694513303599 167.96090421447295 7
1694513303956 167.89362666054888 8
1694513304283 167.826377214737 9
1694513304580 167.75915586518826 10
1694513304953 167.69196260005856 11
1694513305295 167.6247974075087 12
1694513305632 167.55766027570465 13
1694513306031 167.49055119281735 14
1694513306350 167.42347014702267 15
1694513306719 167.35641712650158 16
1694513307100 167.28939211944007 17
1694513307462 167.22239511402907 18
1694513307807 167.15542609846452 19
1694513308216 167.08848506094736 20
1694513308597 167.02157198968362 21
1694513308992 166.95468687288422 22
1694513309392 166.8878296987651 23
1694513309779 166.82100045554722 24
1694513310113 166.75419913145652 25
1694513310523 166.6874257147239 26
1694513310907 166.62068019358526 27
1694513311316 166.55396255628153 28
1694513311696 166.48727279105856 29
1694513312057 166.42061088616722 30
1694513312481 166.35397682986334 31
1694513312888 166.28737061040766 32
1694513313253 166.2207922160661 33
1694513313694 166.1542416351093 34
1694513314034 166.087718855813 35
1694513314408 166.0212238664579 36
1694513314856 165.95475665532962 37
1694513315176 165.88831721071887 38
1694513315502 165.82190552092115 39
1694513315870 165.755521574237 40
1694513316222 165.689165358972 41
1694513316579 165.62283686343645 42
1694513316940 165.55653607594581 43
1694513317277 165.49026298482048 44
1694513317588 165.42401757838573 45
1694513317936 165.35779984497182 46
1694513318313 165.29160977291386 47
1694513318668 165.2254473505521 48
1694513318987 165.15931256623145 49
