1694513301306 -247.38362601849772 0
1694513301688 -247.28412275739657 1
1694513302011 -247.1846610691874 2
1694513302360 -247.08524093634455 3
1694513302709 -246.98586234135004 4
1694513303060 -246.886525266693 5
1694513303382 -246.78722969487018 6
1694513303729 -246.6879756083857 7
1694513304065 -246.58876298975116 8
1694513304379 -246.48959182148536 9
1694513304706 -246.39046208611478 10
1694513305067 -246.2913737661731 11
1694513305397 -246.19232684420146 12
1694513305800 -246.0933213027484 13
1694513306156 -245.9943571243699 14
1694513306471 -245.89543429162927 15
1694513306854 -245.7965527870972 16
1694513307220 -245.6977125933518 17
1694513307588 -245.59891369297864 18
1694513307942 -245.50015606857045 19
1694513308369 -245.40143970272752 20
1694513308732 -245.3027645780575 21
1694513309156 -245.20413067717527 22
1694513309526 -245.10553798270325 23
1694513309896 -245.0069864772711 24
1694513310285 -244.90847614351597 25
1694513310662 -244.8100069640822 26
1694513311055 -244.71157892162148 27
1694513311494 -244.61319199879313 28
1694513311809 -244.51484617826347 29
1694513312179 -244.41654144270638 30
1694513312636 -244.31827777480297 31
1694513313010 -244.2200551572417 32
1694513313358 -244.12187357271853 33
1694513313843 -244.02373300393648 34
1694513314155 -243.92563343360612 35
1694513314598 -243.82757484444517 36
1694513314973 -243.7295572191788 37
1694513315303 -243.63158054053952 38
1694513315622 -243.53364479126702 39
1694513315985 -243.43574995410845 40
1694513316329 -243.33789601181812 41
1694513316688 -243.24008294715773 42
1694513317043 -243.14231074289629 43
1694513317393 -243.04457938181014 44
1694513317710 -242.9468888466828 45
1694513318103 -242.84923912030527 46
1694513318435 -242.7516301854756 47
1694513318774 -242.65406202499932 48
1694513319155 -242.55653462168908 49
