1694513301033 169.11566141462717 0
1694513301407 169.04860652956776 1
1694513301781 168.98157952477757 2
1694513302104 168.9145803885214 3
1694513302440 168.84760910906908 4
1694513302803 168.78066567469526 5
1694513303150 168.71375007367973 6
1694513303449 168.64686229430723 7
1694513303826 168.5800023248673 8
1694513304142 168.51317015365456 9
1694513304467 168.44636576896866 10
1694513304797 168.3795891591141 11
1694513305167 168.31284031240034 12
1694513305497 168.24611921714182 13
1694513305900 168.17942586165796 14
1694513306255 168.11276023427308 15
1694513306575 168.04612232331647 16
1694513306950 167.9795121171224 17
1694513307320 167.91292960402996 18
1694513307697 167.84637477238337 19
1694513308041 167.7798476105316 20
1694513308470 167.71334810682876 21
1694513308840 167.64687624963364 22
1694513309249 167.58043202731017 23
1694513309627 167.51401542822717 24
1694513309987 167.44762644075834 25
1694513310384 167.3812650532823 26
1694513310755 167.31493125418262 27
1694513311153 167.24862503184787 28
1694513311579 167.1823463746714 29
1694513311938 167.11609527105153 30
1694513312306 167.04987170939157 31
1694513312739 166.98367567809964 32
1694513313106 166.91750716558883 33
1694513313502 166.85136616027708 34
1694513313934 166.78525265058735 35
1694513314255 166.71916662494743 36
1694513314706 166.65310807178997 37
1694513315065 166.58707697955262 38
1694513315395 166.52107333667783 39
1694513315710 166.4550971316131 40
1694513316114 166.38914835281062 41
1694513316454 166.3232269887276 42
1694513316794 166.25733302782615 43
1694513317148 166.19146645857325 44
1694513317480 166.12562726944074 45
1694513317810 166.05981544890528 46
1694513318202 165.9940309854486 47
1694513318541 165.92827386755718 48
1694513318866 165.86254408372236 49
