1694493292637 168.62645162641383 0
1694493293057 167.96706363530086 1
1694493293473 167.31160737486488 2
1694493293879 166.65883514074125 3
1694493294236 166.00883601931255 4
1694493294611 165.36185362621976 5
1694493294958 164.71752867079852 6
1694493295369 164.07585350833412 7
1694493295749 163.43681708512204 8
1694493296187 162.80040839395218 9
1694493296658 162.16661647384305 10
1694493297168 161.53543040984715 11
1694493297598 160.90683933285672 12
1694493297944 160.28081988579845 13
1694493298323 159.65737430133115 14
1694493298744 159.03649171693593 15
1694493299159 158.4181614426028 16
1694493299521 157.80237283320895 17
1694493299911 157.18931914249552 18
1694493300350 156.57878662583002 19
1694493300794 155.9707667603718 20
1694493301239 155.36524905623403 21
1694493301677 154.76222306751654 22
1694493302123 154.16167839220992 23
1694493302547 153.56360467201057 24
1694493302917 152.9679915921365 25
1694493303349 152.37482888114369 26
1694493303726 151.78410631074345 27
1694493304096 151.1958136956206 28
1694493304464 150.60994089325206 29
1694493304871 150.0264778037267 30
1694493305243 149.44541436956553 31
1694493305635 148.86674057554293 32
1694493306079 148.29044644850845 33
1694493306464 147.7165220572095 34
1694493306866 147.14495751211453 35
1694493307235 146.57574296523757 36
1694493307621 146.0088686099627 37
1694493307989 145.44432468086973 38
1694493308408 144.88210145356072 39
1694493308822 144.32204976983869 40
1694493309157 143.76430133517312 41
1694493309533 143.20884514619982 42
1694493309914 142.65567163644047 43
1694493310272 142.10477127961852 44
1694493310724 141.55613458948488 45
1694493311082 141.0097521196496 46
1694493311528 140.4656144634135 47
1694493311923 139.9237122536009 48
1694493312339 139.38403616239316 49
