1694493292798 -237.60470289099027 0
1694493293177 -236.67167563345205 1
1694493293601 -235.7442117345742 2
1694493294002 -234.8205457054531 3
1694493294369 -233.90080360240808 4
1694493294731 -232.98533013907726 5
1694493295087 -232.0736169228487 6
1694493295513 -231.16565313652916 7
1694493295924 -230.26142313923995 8
1694493296367 -229.36091135589146 9
1694493296852 -228.4641022768071 10
1694493297319 -227.57098045744786 11
1694493297711 -226.68153051813752 12
1694493298072 -225.79571940885648 13
1694493298471 -224.91355028879408 14
1694493298921 -224.0350077875973 15
1694493299278 -223.16007677901138 16
1694493299644 -222.28874220029655 17
1694493300068 -221.42127750351827 18
1694493300493 -220.5573802422096 19
1694493300942 -219.69703835663822 20
1694493301395 -218.8402370037217 21
1694493301846 -217.98696140261816 22
1694493302275 -217.13719683459084 23
1694493302659 -216.2909286427461 24
1694493303085 -215.44814223177312 25
1694493303466 -214.60882306768363 26
1694493303846 -213.77295667755396 27
1694493304207 -212.94052864926726 28
1694493304594 -212.11152463125734 29
1694493304993 -211.28593033225323 30
1694493305370 -210.46373152102515 31
1694493305768 -209.6449140261314 32
1694493306221 -208.82946373566617 33
1694493306632 -208.01736659700862 34
1694493306980 -207.208608616573 35
1694493307351 -206.40317585955984 36
1694493307731 -205.60105444970804 37
1694493308109 -204.80223056904805 38
1694493308535 -204.00669045765625 39
1694493308936 -203.21422305821082 40
1694493309284 -202.42501473260288 41
1694493309647 -201.63904991118469 42
1694493310028 -200.8563150574874 43
1694493310420 -200.07679669192717 44
1694493310837 -199.30048139155866 45
1694493311240 -198.5273557898368 46
1694493311660 -197.75740657637851 47
1694493312063 -196.99062049672622 48
1694493312501 -196.22698435211183 49
