1694493292503 169.45321458732113 0
1694493292903 168.7723332491146 1
1694493293306 168.11070123406927 2
1694493293756 167.45301237382375 3
1694493294103 166.7980197827301 4
1694493294485 166.14582277232233 5
1694493294835 165.4966262919047 6
1694493295232 164.8500996842681 7
1694493295635 164.20623497330888 8
1694493296064 163.56502105655713 9
1694493296499 162.92644687820166 10
1694493297013 162.29050142882386 11
1694493297448 161.65717374520239 12
1694493297817 161.02645291011868 13
1694493298166 160.39845699776865 14
1694493298597 159.7730447731805 15
1694493299025 159.1502067469582 16
1694493299376 158.52993218377267 17
1694493299754 157.91221039334283 18
1694493300191 157.2973164976965 19
1694493300635 156.68495335869028 20
1694493301067 156.07511323672722 21
1694493301518 155.46778560042574 22
1694493301981 154.86295996254617 23
1694493302403 154.26062587987707 24
1694493302776 153.66077295304973 25
1694493303202 153.0633908263536 26
1694493303594 152.46846918755256 27
1694493303947 151.8759977677016 28
1694493304327 151.2859663409646 29
1694493304740 150.69836472443282 30
1694493305108 150.11318277794413 31
1694493305496 149.53041040390303 32
1694493305925 148.95003754710118 33
1694493306325 148.37205419453923 34
1694493306724 147.79645037524875 35
1694493307091 147.2232161601156 36
1694493307452 146.6523416617033 37
1694493307874 146.08381703407773 38
1694493308226 145.5176324726324 39
1694493308701 144.95377821391438 40
1694493309042 144.39232894081684 41
1694493309411 143.8331889183326 42
1694493309763 143.27634935877632 43
1694493310147 142.72180066244877 44
1694493310569 142.1695332699866 45
1694493310959 141.619537662163 46
1694493311376 141.07180435971864 47
1694493311780 140.52632392319367 48
1694493312178 139.9830869527597 49
