1694511484809 162.66098004542525 0
1694511485173 156.3229309008217 1
1694511485542 150.24769097351748 2
1694511485935 144.42247260262315 3
1694511486335 138.83691188031258 4
1694511486726 133.48100053989495 5
1694511487148 128.34515105594681 6
1694511487533 123.42017889600154 7
1694511487918 118.69728552239503 8
1694511488342 114.16804211252168 9
1694511488697 109.82437396709945 10
1694511489093 105.65854557733066 11
1694511489472 101.6631463230778 12
1694511489882 97.83107677535492 13
1694511490302 94.15553557756503 14
1694511490769 90.63000688099815 15
1694511491174 87.2482483111398 16
1694511491542 84.00427944233465 17
1694511491943 80.892370759299 18
1694511492357 77.90703308488847 19
1694511492743 75.04300745439701 20
1694511493169 72.29525541750063 21
1694511493571 69.65894974975737 22
1694511493972 67.12946555634174 23
1694511494359 64.70237175142458 24
1694511494796 62.373422897312416 25
1694511495208 60.13855138813198 26
1694511495648 57.99385996349031 27
1694511496108 55.93561453815747 28
1694511496541 53.96023733440928 29
1694511496992 52.06430030423342 30
1694511497423 50.244518829143814 31
1694511497804 48.49774568586667 32
1694511498200 46.820965266658824 33
1694511498645 45.21128804349414 34
1694511499075 43.66594526580974 35
1694511499489 42.18228388193968 36
1694511499888 40.75776167478209 37
1694511500336 39.38994260264486 38
1694511500741 38.0764923365994 39
1694511501151 36.815173986037635 40
1694511501585 35.603844004479726 41
1694511502053 34.44044826801591 42
1694511502436 33.32301831908847 43
1694511502791 32.249667768628186 44
1694511503251 31.218588849855273 45
1694511503645 30.228049117337786 46
1694511504066 29.276388285171574 47
1694511504428 28.362015198405274 48
1694511504790 27.483404932082564 49
