1694511484946 -229.16362166999716 0
1694511485309 -220.1953470104138 1
1694511485685 -211.59894470303794 2
1694511486080 -203.35632033861316 3
1694511486497 -195.45280909365653 4
1694511486883 -187.87424937325108 5
1694511487301 -180.60707492706626 6
1694511487670 -173.6382897356802 7
1694511488064 -166.95544395836507 8
1694511488469 -160.5466108974165 9
1694511488852 -154.40036493600778 10
1694511489255 -148.50576040837544 11
1694511489654 -142.8523113628844 12
1694511490026 -137.42997218019354 13
1694511490486 -132.22911901034084 14
1694511490921 -127.24053199410173 15
1694511491319 -122.45537823543889 16
1694511491687 -117.8651954932692 17
1694511492108 -113.46187656211697 18
1694511492487 -109.23765431251336 19
1694511492920 -105.1850873632332 20
1694511493316 -101.29704635864456 21
1694511493716 -97.5667008255765 22
1694511494115 -93.98750658519403 23
1694511494528 -90.55319369640814 24
1694511494942 -87.2577549083414 25
1694511495341 -84.09543460032154 26
1694511495803 -81.06071818878719 27
1694511496291 -78.14832198136232 28
1694511496707 -75.35318345919144 29
1694511497137 -72.67045196942868 30
1694511497555 -70.09547981053953 31
1694511497960 -67.62381369380843 32
1694511498340 -65.25118656514834 33
1694511498816 -62.973509771981206 34
1694511499241 -60.78686556060312 35
1694511499655 -58.687499890065 36
1694511500043 -56.671815549191315 37
1694511500458 -54.73636556392452 38
1694511500891 -52.877846882726246 39
1694511501318 -51.093094328284174 40
1694511501773 -49.379074804271966 41
1694511502210 -47.732881746384535 42
1694511502560 -46.151729807328 43
1694511502952 -44.63294976587963 44
1694511503371 -43.17398365055139 45
1694511503783 -41.77238006879142 46
1694511504206 -40.425789733041015 47
1694511504546 -39.13196117533201 48
1694511504902 -37.88873664246124 49
