1694511484649 169.4985892312357 0
1694511485028 162.76740065471853 1
1694511485405 156.41109197819088 2
1694511485782 150.31941341552334 3
1694511486169 144.48002778697773 4
1694511486602 138.88113715065992 5
1694511486981 133.51269934383944 6
1694511487396 128.36509406217752 7
1694511487784 123.42910508184288 8
1694511488174 118.69590323224757 9
1694511488568 114.15703008767022 10
1694511488952 109.80438234737596 11
1694511489352 105.63019687512835 12
1694511489752 101.62703637022021 13
1694511490124 97.78777564332981 14
1694511490614 94.10558847163776 15
1694511491018 90.57393500872207 16
1694511491426 87.1865497257845 17
1694511491798 83.93742986175283 18
1694511492213 80.82082436075451 19
1694511492602 77.83122327636582 20
1694511493018 74.96334762291298 21
1694511493415 72.2121396549348 22
1694511493813 69.57275355671675 23
1694511494215 67.04054652457036 24
1694511494635 64.61107022526542 25
1694511495037 62.28006261472389 26
1694511495460 60.04344010175662 27
1694511495924 57.897290042267564 28
1694511496396 55.83786354996654 29
1694511496826 53.86156861022186 30
1694511497239 51.96496348424971 31
1694511497654 50.14475039137804 32
1694511498058 48.39776945764175 33
1694511498470 46.720992919462155 34
1694511498920 45.1115195716393 35
1694511499341 43.56656944934111 36
1694511499754 42.08347873420955 37
1694511500169 40.659694875121474 38
1694511500574 39.29277191454206 39
1694511500997 37.98036601179157 40
1694511501434 36.72023115491322 41
1694511501885 35.510215053181234 42
1694511502317 34.3482552026245 43
1694511502659 33.23237511726384 44
1694511503055 32.16068071906893 45
1694511503466 31.13135687993724 46
1694511503897 30.14266410927962 47
1694511504314 29.192935381068835 48
1694511504654 28.280573094466604 49
