1694491631628 121.67953545864013 0
1694491631992 88.57974813079471 1
1694491632356 65.56688165014278 2
1694491632755 49.45063350551328 3
1694491633128 38.071846555051934 4
1694491633477 29.966629328422393 5
1694491633812 24.133640851093986 6
1694491634159 19.893507945094264 7
1694491634486 16.768786997119243 8
1694491634840 14.434650792833583 9
1694491635141 12.675548070020938 10
1694491635493 11.327282212245295 11
1694491635851 10.279500146164933 12
1694491636182 9.454946611477485 13
1694491636558 8.795453164166767 14
1694491636879 8.265585870984323 15
1694491637222 7.834758534186202 16
1694491637602 7.477344983298832 17
1694491637975 7.179652508557252 18
1694491638340 6.928963394497594 19
1694491638676 6.715866239839157 20
1694491639008 6.5332486592733545 21
1694491639346 6.375951798359072 22
1694491639726 6.239729515100438 23
1694491640076 6.121082974029397 24
1694491640417 6.017071568676139 25
1694491640824 5.925785423386296 26
1694491641131 5.844051036194398 27
1694491641527 5.77151509862856 28
1694491641852 5.705151032780581 29
1694491642188 5.64522219410296 30
1694491642497 5.592272179623802 31
1694491642885 5.542223962830571 32
1694491643225 5.497307157579029 33
1694491643517 5.454900220440086 34
1694491643861 5.417748232029928 35
1694491644190 5.381942199338792 36
1694491644537 5.350526613007634 37
1694491644901 5.320485130486953 38
1694491645269 5.293267622022513 39
1694491645631 5.265280595558529 40
1694491645985 5.240603405944328 41
1694491646363 5.217871559501739 42
1694491646677 5.195759316239409 43
1694491646996 5.176088673863136 44
1694491647316 5.156535694259284 45
1694491647658 5.13810596800666 46
1694491647995 5.119996409481076 47
1694491648358 5.1043980297372595 48
1694491648732 5.088738397983694 49
