1694491631771 -169.48253082667003 0
1694491632138 -123.10714410115357 1
1694491632497 -90.86432114485338 2
1694491632910 -68.28419901691369 3
1694491633254 -52.3416299584419 4
1694491633601 -40.98558770789097 5
1694491633947 -32.81311536774332 6
1694491634294 -26.87235806511552 7
1694491634619 -22.49438001539683 8
1694491634944 -19.224072926362652 9
1694491635262 -16.759432647791545 10
1694491635632 -14.870406898355538 11
1694491635958 -13.402382405108726 12
1694491636332 -12.247118515698382 13
1694491636675 -11.323116697830226 14
1694491636990 -10.580731244076377 15
1694491637372 -9.977108502998245 16
1694491637767 -9.476344208679116 17
1694491638092 -9.059253805508979 18
1694491638466 -8.708018781028521 19
1694491638805 -8.409453027130805 20
1694491639119 -8.15359153661021 21
1694491639489 -7.933206351552755 22
1694491639870 -7.742348295451668 23
1694491640213 -7.5761152266009315 24
1694491640585 -7.430387125711778 25
1694491640947 -7.302488107855046 26
1694491641307 -7.187971848966319 27
1694491641666 -7.086343336287515 28
1694491641972 -6.9933620978313815 29
1694491642307 -6.909397115151638 30
1694491642641 -6.835210010132783 31
1694491643008 -6.7650885502659985 32
1694491643341 -6.702156598668153 33
1694491643648 -6.642741168285351 34
1694491643988 -6.590688331417316 35
1694491644330 -6.540521283613931 36
1694491644656 -6.496505593999797 37
1694491645034 -6.454415131124454 38
1694491645404 -6.416281276418941 39
1694491645766 -6.37706926690634 40
1694491646133 -6.342494597277128 41
1694491646488 -6.310645505338302 42
1694491646798 -6.279664525838274 43
1694491647123 -6.25210441983809 44
1694491647435 -6.224709168570056 45
1694491647787 -6.198887682959126 46
1694491648120 -6.17351477733487 47
1694491648498 -6.151660229275513 48
1694491648857 -6.12971986236748 49
