1694491631527 121.2113063972104 0
1694491631879 79.31122825024075 1
1694491632248 57.646084179390115 2
1694491632624 43.90561784708507 3
1694491633020 36.6947877897145 4
1694491633351 31.909142795319212 5
1694491633700 18.86621452571047 6
1694491634057 14.298202864802972 7
1694491634392 13.911981410076802 8
1694491634731 14.701213514645758 9
1694491635030 7.858488797676324 10
1694491635379 8.402617834252192 11
1694491635735 10.098155459823102 12
1694491636065 9.152616625536805 13
1694491636450 10.916302138701054 14
1694491636781 7.705685211609847 15
1694491637107 6.854565917638845 16
1694491637485 6.001088038628557 17
1694491637877 7.1075160758391025 18
1694491638205 5.495056329757277 19
1694491638560 10.678926703436167 20
1694491638904 9.809291932155265 21
1694491639232 8.238183217542465 22
1694491639622 8.906392008818532 23
1694491639975 8.017244831348773 24
1694491640307 11.652272843159134 25
1694491640699 5.530541857118699 26
1694491641038 4.4630252214077215 27
1694491641407 5.530723971540512 28
1694491641757 4.386401643427709 29
1694491642079 6.47530505107313 30
1694491642399 1.8900003785155577 31
1694491642776 4.558265451681396 32
1694491643115 4.829462225434586 33
1694491643424 7.435715567464039 34
1694491643761 3.9941484993944294 35
1694491644081 6.9386599322482265 36
1694491644425 3.7588904968869707 37
1694491644776 4.40495391539877 38
1694491645157 3.8660137372794585 39
1694491645520 7.070528377935764 40
1694491645874 5.485404504597234 41
1694491646258 5.551484977770611 42
1694491646579 7.382041106204554 43
1694491646892 4.583846717172956 44
1694491647210 6.055385672601437 45
1694491647538 3.146070333467278 46
1694491647882 6.725791220122345 47
1694491648245 3.8974447426981462 48
1694491648614 4.596409489133553 49
