1694512622946 163.74020299158346 0
1694512623263 158.23643816313478 1
1694512623584 152.92804548164617 2
1694512623864 147.80574489807796 3
1694512624178 142.86507503891124 4
1694512624492 138.09852777215855 5
1694512624793 133.50065358722932 6
1694512625102 129.06439334604747 7
1694512625395 124.78400993246876 8
1694512625698 120.65461732563955 9
1694512625982 116.67016731339572 10
1694512626284 112.82703122770891 11
1694512626566 109.11807184490921 12
1694512626851 105.53992400689667 13
1694512627153 102.08738573223383 14
1694512627440 98.75632520094887 15
1694512627778 95.54154718749301 16
1694512628087 92.43941731379515 17
1694512628391 89.44579503534798 18
1694512628677 86.5575935921965 19
1694512628964 83.77047113988434 20
1694512629247 81.08104563340598 21
1694512629565 78.48533371898736 22
1694512629832 75.98019689995135 23
1694512630137 73.56300472513394 24
1694512630437 71.22983731284255 25
1694512630769 68.97823688545334 26
1694512631075 66.80474053008064 27
1694512631390 64.70690761371631 28
1694512631691 62.68242004278693 29
1694512632000 60.72848389993385 30
1694512632313 58.842497976656695 31
1694512632600 57.02204654472442 32
1694512632892 55.26443250138544 33
1694512633179 53.568060685820114 34
1694512633482 51.9302017568538 35
1694512633783 50.349009925757386 36
1694512634095 48.822582521654034 37
1694512634406 47.34884344046106 38
1694512634707 45.92600769850236 39
1694512635005 44.55214345055715 40
1694512635309 43.22546883367046 41
1694512635662 41.944828876021184 42
1694512635984 40.70802022022833 43
1694512636309 39.51383040479708 44
1694512636615 38.36093800338945 45
1694512636874 37.24752674932038 46
1694512637179 36.1717083743114 47
1694512637489 35.133136869433066 48
1694512637832 34.13014702795202 49
