1694512622850 163.67419852222798 0
1694512623176 157.02704155824023 1
1694512623487 155.75268540953715 2
1694512623781 152.26808746484426 3
1694512624086 144.43625071878438 4
1694512624404 137.797629127682 5
1694512624704 133.3702956260274 6
1694512625009 132.9665744700962 7
1694512625310 117.84565464941491 8
1694512625608 122.65080381976423 9
1694512625895 110.58053035658172 10
1694512626189 114.07680409751376 11
1694512626482 108.24819822185725 12
1694512626754 111.81619816506256 13
1694512627057 102.93668684947576 14
1694512627359 90.25312438234889 15
1694512627684 102.2656442338738 16
1694512627997 92.98408714209859 17
1694512628299 89.24381153121179 18
1694512628598 90.8010386932695 19
1694512628861 75.80913772808337 20
1694512629161 79.1828494603251 21
1694512629480 79.81947012121935 22
1694512629757 74.26852018312829 23
1694512630046 72.62445132763018 24
1694512630341 69.69280740716714 25
1694512630670 73.80614587664941 26
1694512630978 65.41291125158918 27
1694512631303 69.62181604431143 28
1694512631597 58.30591060984921 29
1694512631904 58.69927873488478 30
1694512632233 50.43885945101795 31
1694512632518 52.396889841108944 32
1694512632812 55.65705492694011 33
1694512633101 48.1239017427772 34
1694512633391 48.63926400692898 35
1694512633692 51.36336684836774 36
1694512633998 47.94728828965869 37
1694512634307 42.756009499683465 38
1694512634613 45.31958178070208 39
1694512634918 49.799107133310045 40
1694512635217 45.98978047875847 41
1694512635566 39.132091726663475 42
1694512635891 49.07543398788601 43
1694512636217 34.58802259421364 44
1694512636532 39.07850927202011 45
1694512636800 29.180902379352823 46
1694512637092 46.248702512315894 47
1694512637403 31.13880762562902 48
1694512637740 35.405820476138665 49
