1694492128202 168.50336000301738 0
1694492128622 168.4429406136222 1
1694492129003 168.38254490873422 2
1694492129389 168.32217303298634 3
1694492129826 168.26182497667082 4
1694492130210 168.20150073008762 5
1694492130618 168.14120028354068 6
1694492130982 168.080923627338 7
1694492131389 168.0206707517915 8
1694492131782 167.96044164721718 9
1694492132170 167.90023630393497 10
1694492132548 167.84005471226894 11
1694492132865 167.77989686254702 12
1694492133252 167.71976274510118 13
1694492133609 167.6596523502675 14
1694492134015 167.59956566838588 15
1694492134426 167.53950268980034 16
1694492134847 167.4794634048589 17
1694492135231 167.4194478039135 18
1694492135616 167.3594558773201 19
1694492136010 167.29948761543872 20
1694492136515 167.2395430086333 21
1694492137008 167.1796220472717 22
1694492137423 167.11972472172587 23
1694492137882 167.05985102237176 24
1694492138314 167.00000093958926 25
1694492138761 166.9401744637622 26
1694492139164 166.88037158527843 27
1694492139551 166.82059229452975 28
1694492140014 166.76083658191203 29
1694492140392 166.70110443782502 30
1694492140838 166.64139585267245 31
1694492141262 166.58171081686203 32
1694492141634 166.52204932080545 33
1694492142154 166.46241135491834 34
1694492142535 166.4027969096204 35
1694492142936 166.34320597533517 36
1694492143411 166.2836385424901 37
1694492143902 166.22409460151684 38
1694492144426 166.16457414285077 39
1694492144893 166.10507715693137 40
1694492145373 166.04560363420194 41
1694492145888 165.98615356510984 42
1694492146333 165.92672694010636 43
1694492146792 165.86732374964677 44
1694492147238 165.8079439841902 45
1694492147731 165.74858763419982 46
1694492148173 165.68925469014266 47
1694492148595 165.6299451424898 48
1694492149012 165.5706589817161 49
