1694492128345 -237.43052950392317 0
1694492128743 -237.34503668641773 1
1694492129142 -237.25957738224744 2
1694492129528 -237.17415179606655 3
1694492129960 -237.0887599141386 4
1694492130340 -237.00340172273812 5
1694492130758 -236.91807720814538 6
1694492131103 -236.83278635664618 7
1694492131531 -236.74752915453206 8
1694492131897 -236.66230558810022 9
1694492132310 -236.5771156436535 10
1694492132652 -236.49195930750054 11
1694492133007 -236.40683656595544 12
1694492133368 -236.3217474053381 13
1694492133735 -236.23669181197408 14
1694492134139 -236.1516697721945 15
1694492134578 -236.06668127233627 16
1694492134978 -235.98172629874185 17
1694492135379 -235.89680483775942 18
1694492135725 -235.8119168757427 19
1694492136188 -235.72706239905125 20
1694492136650 -235.6422413940501 21
1694492137140 -235.55745384710994 22
1694492137578 -235.47269974460716 23
1694492138024 -235.38797907292383 24
1694492138449 -235.30329181844752 25
1694492138913 -235.21863796757154 26
1694492139285 -235.1340175066947 27
1694492139729 -235.04943042222163 28
1694492140149 -234.96487670056248 29
1694492140524 -234.88035632813302 30
1694492141005 -234.79586929135462 31
1694492141384 -234.7114155766543 32
1694492141809 -234.6269951704647 33
1694492142294 -234.54260805922405 34
1694492142672 -234.4582542293763 35
1694492143105 -234.37393366737084 36
1694492143579 -234.28964635966267 37
1694492144083 -234.2053922927126 38
1694492144572 -234.12117145298683 39
1694492145026 -234.03698382695728 40
1694492145552 -233.9528294011014 41
1694492146057 -233.86870816190228 42
1694492146465 -233.78462009584854 43
1694492146912 -233.7005651894345 44
1694492147387 -233.61654342915995 45
1694492147902 -233.53255480153038 46
1694492148313 -233.4485992930567 47
1694492148726 -233.3646768902556 48
1694492149157 -233.28078757964911 49
