1694492128018 168.70689647618823 0
1694492128457 168.63952817667925 1
1694492128850 168.57892422559766 2
1694492129240 168.51834405542243 3
1694492129660 168.45778781107913 4
1694492130072 168.3972554828215 5
1694492130452 168.33674706091082 6
1694492130856 168.2762625356124 7
1694492131232 168.21580189719555 8
1694492131644 168.15536513593366 9
1694492132000 168.0949522421041 10
1694492132414 168.0345632059883 11
1694492132749 167.9741980178717 12
1694492133112 167.91385666804356 13
1694492133475 167.85353914679757 14
1694492133877 167.79324544443108 15
1694492134270 167.73297555124557 16
1694492134728 167.67272945754658 17
1694492135090 167.61250715364352 18
1694492135486 167.55230862984996 19
1694492135883 167.49213387648345 20
1694492136318 167.43198288386543 21
1694492136843 167.37185564232144 22
1694492137271 167.31175214218095 23
1694492137731 167.25167237377758 24
1694492138184 167.19161632744877 25
1694492138588 167.13158399353603 26
1694492139028 167.07157536238483 27
1694492139386 167.01159042434475 28
1694492139862 166.95162916976923 29
1694492140257 166.89169158901572 30
1694492140670 166.83177767244572 31
1694492141115 166.77188741042463 32
1694492141499 166.71202079332187 33
1694492141957 166.65217781151094 34
1694492142398 166.59235845536912 35
1694492142787 166.53256271527783 36
1694492143287 166.4727905816224 37
1694492143753 166.4130420447922 38
1694492144262 166.35331709518047 39
1694492144713 166.29361572318444 40
1694492145169 166.23393791920546 41
1694492145722 166.17428367364866 42
1694492146199 166.11465297692325 43
1694492146633 166.0550458194423 44
1694492147085 165.995462191623 45
1694492147521 165.9359020838863 46
1694492148038 165.87636548665736 47
1694492148454 165.81685239036509 48
1694492148841 165.7573627854424 49
