1694493504796 2.928901376353318 0
1694493505278 2.1177965809949497 1
1694493505752 1.5748080498085315 2
1694493506192 1.2056544621741876 3
1694493506556 0.9649075102968075 4
1694493506934 0.729267250955468 5
1694493507303 0.6080296705067287 6
1694493507722 0.4880076960492729 7
1694493508129 0.43225424761819237 8
1694493508519 0.36469252528846074 9
1694493508919 0.34361098387759387 10
1694493509346 0.3141093716607873 11
1694493509780 0.27703513337322366 12
1694493510176 0.2690782651136872 13
1694493510626 0.2435554581773031 14
1694493511015 0.23442733740659594 15
1694493511407 0.2466571959105783 16
1694493511855 0.23715342359177632 17
1694493512345 0.2331948752999876 18
1694493512792 0.23402827919694427 19
1694493513219 0.2307148874198143 20
1694493513628 0.22379545689985678 21
1694493514077 0.2144750006909802 22
1694493514535 0.2304003930814468 23
1694493514938 0.21534423988884818 24
1694493515348 0.22094886753728196 25
1694493515795 0.2245127339619637 26
1694493516165 0.22672089065511283 27
1694493516590 0.21998460077408477 28
1694493516975 0.22910737447649532 29
1694493517341 0.21640103198866587 30
1694493517745 0.2231851646137714 31
1694493518111 0.21991870566184935 32
1694493518507 0.2178283271098691 33
1694493518894 0.2105966123716698 34
1694493519301 0.22621190442752176 35
1694493519678 0.2131119478397303 36
1694493520073 0.21470370885703743 37
1694493520495 0.2163920767609162 38
1694493520849 0.22066408115270078 39
1694493521189 0.2192302736823577 40
1694493521627 0.21454441438162591 41
1694493522017 0.21776892566107173 42
1694493522451 0.22000581535903868 43
1694493522860 0.2115834949029489 44
1694493523254 0.21377545397790024 45
1694493523701 0.21677121586374035 46
1694493524075 0.2273598033350867 47
1694493524448 0.22158000482520307 48
1694493524892 0.21495568303076945 49
