1694493504933 -3.1443654655680806 0
1694493505432 -1.9966604830858086 1
1694493505929 -1.2283372698097241 2
1694493506313 -0.7059887221822261 3
1694493506678 -0.3653342497043399 4
1694493507072 -0.03190569488981687 5
1694493507449 0.13964424038535928 6
1694493507897 0.30947410562653377 7
1694493508247 0.3883646644311426 8
1694493508654 0.48396380992584653 9
1694493509057 0.5137939752190601 10
1694493509503 0.5555384545098389 11
1694493509940 0.6079981221728464 12
1694493510349 0.6192570093088672 13
1694493510767 0.6553715198572592 14
1694493511147 0.6682877173069509 15
1694493511545 0.6509825927159021 16
1694493512034 0.664430333260756 17
1694493512539 0.6700316385715885 18
1694493512943 0.6688523805886115 19
1694493513367 0.6735407960354067 20
1694493513810 0.6833317193897512 21
1694493514249 0.6965200695155931 22
1694493514674 0.6739858023048461 23
1694493515077 0.695290104948658 24
1694493515516 0.6873596141984174 25
1694493515914 0.6823167796893435 26
1694493516329 0.6791922605725391 27
1694493516716 0.6887240417975349 28
1694493517089 0.675815410394747 29
1694493517466 0.6937947549453668 30
1694493517869 0.6841952767272483 31
1694493518240 0.6888172827068065 32
1694493518623 0.6917751469595037 33
1694493519028 0.7020079492859339 34
1694493519442 0.6799124708742956 35
1694493519817 0.6984487753470943 36
1694493520255 0.6961964498018146 37
1694493520604 0.6938074265009615 38
1694493520964 0.6877625840173573 39
1694493521350 0.689791406910589 40
1694493521745 0.6964218498538892 41
1694493522182 0.6918591994014835 42
1694493522575 0.6886940233769901 43
1694493523013 0.700611520606489 44
1694493523390 0.6975099209536262 45
1694493523817 0.6932709485515581 46
1694493524191 0.6782882056706654 47
1694493524620 0.6864665613967047 48
1694493525010 0.6958399089253409 49
