1694493504656 2.722115871061131 0
1694493505141 1.7121639782777898 1
1694493505632 0.4146737365615935 2
1694493506073 3.1671447452205723 3
1694493506441 0.8946045444774581 4
1694493506824 0.03534135986569993 5
1694493507194 0.023546387031482985 6
1694493507596 0.585946117929965 7
1694493508021 0.045493942057301215 8
1694493508398 0.9359265566816618 9
1694493508800 0.1333055160664629 10
1694493509196 0.00488292871555008 11
1694493509648 0.2954931032887953 12
1694493510075 0.39683704327172803 13
1694493510491 0.0009556784167039537 14
1694493510892 0.14945310162787115 15
1694493511305 0.31257789568550753 16
1694493511679 0.7220845075898812 17
1694493512188 0.026449585647899104 18
1694493512669 0.04252636832779555 19
1694493513084 0.1302609102691351 20
1694493513513 0.02593907595781659 21
1694493513947 0.08126809151130374 22
1694493514405 0.37156525969086607 23
1694493514821 0.0041514106435016985 24
1694493515229 0.03951587485354943 25
1694493515668 0.168877956971796 26
1694493516042 0.0014274474205432475 27
1694493516469 0.10292537704494685 28
1694493516856 0.4942740059558971 29
1694493517229 0.05402552105862878 30
1694493517621 0.05223147929361305 31
1694493518003 1.782829419851786e-05 32
1694493518389 0.48177693229450524 33
1694493518783 0.0016060526717875962 34
1694493519174 1.0560178779106217 35
1694493519571 0.0783384789593097 36
1694493519972 0.14379699895646753 37
1694493520385 0.4107227302275752 38
1694493520735 0.0763165683892092 39
1694493521083 0.11600508613843642 40
1694493521504 0.014948672222427432 41
1694493521910 0.4748575653117338 42
1694493522319 0.05615698193691341 43
1694493522748 0.001318701013926314 44
1694493523164 0.07591310040454192 45
1694493523555 0.003817234926324211 46
1694493523945 0.13339292616795706 47
1694493524335 0.07252100597331874 48
1694493524752 0.6997113101222839 49
