1694396334359 5.009500622064621 0
1694396335017 4.209499335206882 1
1694396335650 4.690923008678362 2
1694396336323 4.6503527376720415 3
1694396336924 4.590435712729445 4
1694396337563 4.8927153126406555 5
1694396338334 4.338946111628252 6
1694396339002 4.4698525693086335 7
1694396339633 4.845326352511428 8
1694396340298 4.701894292116275 9
1694396340923 4.277468686253466 10
1694396341516 4.880532737404783 11
1694396342035 4.464527715324612 12
1694396342787 4.800439376839737 13
1694396343367 4.913427092687473 14
1694396344028 4.792587523995814 15
1694396344709 4.343205675733242 16
1694396345328 4.481431130307357 17
1694396345962 5.063709278235805 18
1694396346627 4.132708924679939 19
1694396347244 4.360626180409588 20
1694396347862 9.128234241105492 21
1694396348560 4.857386609210104 22
1694396349215 4.250214688733765 23
1694396349872 4.343514382269664 24
1694396350598 4.921699228984564 25
1694396351203 4.561037312015255 26
1694396351885 4.7695807087136 27
1694396352594 4.703997853468971 28
1694396353243 4.484323016951566 29
1694396353876 4.749378164855292 30
1694396354549 4.637679273603329 31
1694396355249 4.403681833959966 32
1694396355908 4.756487640567127 33
1694396356668 4.41860007278689 34
1694396357349 5.544297188729965 35
1694396358035 4.7478032285746465 36
1694396358727 5.205572477898801 37
1694396359365 4.5458485240207125 38
1694396360116 4.252908233902783 39
1694396360724 3.9053418792713597 40
1694396361404 4.393855895314901 41
1694396362093 4.207829693039184 42
1694396362749 4.480988100636511 43
1694396363460 4.527494791330739 44
1694396364114 4.637126491264931 45
1694396364773 4.689579778584296 46
1694396365386 5.2373342479530205 47
1694396366056 5.375356174584646 48
1694396366763 4.602020038949352 49
1694396367348 4.333368390779164 50
1694396368077 4.023697851639171 51
1694396368778 4.48799153867526 52
1694396369456 4.491760001954557 53
1694396370126 4.135664757231405 54
1694396370849 4.111390474353786 55
1694396371559 4.473033821617171 56
1694396372209 4.679894207187868 57
1694396372902 4.820511139373557 58
1694396373546 4.377666117265617 59
1694396374243 4.256959074073525 60
1694396374855 4.218045371335818 61
1694396375440 4.409641236540611 62
1694396376056 4.30069120704934 63
1694396376604 5.0565355745254035 64
1694396377229 5.216255306370215 65
1694396377822 4.7985240687473505 66
1694396378465 4.364574483150775 67
1694396379083 4.8622440556632895 68
1694396379682 4.402019572426816 69
1694396380301 4.988979084397195 70
1694396380885 4.583323994338491 71
1694396381602 3.7442745383034852 72
1694396382296 4.346602824443602 73
1694396382928 4.236618022474672 74
1694396383541 3.904276382624867 75
1694396384210 4.191905741698716 76
1694396384826 4.51567394404324 77
1694396385444 4.591188462337698 78
1694396386116 4.200178058138298 79
1694396386741 4.992831229194262 80
1694396387426 4.673646627685074 81
1694396387990 4.138102802958881 82
1694396388605 4.7647809332622515 83
1694396389276 4.20302820597082 84
1694396389928 4.352581535038875 85
1694396390598 4.514863598967651 86
1694396391316 3.841052668502723 87
1694396392052 4.454633588337067 88
1694396392775 4.787753927118613 89
1694396393481 5.19507450414274 90
1694396394183 4.586506860379363 91
1694396394860 5.060001786996688 92
1694396395550 4.071374484355673 93
1694396396239 4.199859593329655 94
1694396396876 4.398192645598638 95
1694396397606 4.1591403448847535 96
1694396398277 4.43167584659522 97
1694396398909 4.407543776862877 98
1694396399604 4.877761493201913 99
