1694396334566 -6.088392100001518 0
1694396335203 -4.956398468385537 1
1694396335884 -5.637608038209386 2
1694396336499 -5.580201520036803 3
1694396337127 -5.495419543089238 4
1694396337832 -5.923142082650309 5
1694396338552 -5.139564331927787 6
1694396339199 -5.3247956295093735 7
1694396339846 -5.856087189168957 8
1694396340501 -5.653132291965469 9
1694396341159 -5.052574404341858 10
1694396341654 -5.905903863399616 11
1694396342232 -5.317261015630348 12
1694396342925 -5.792572578083225 13
1694396343519 -5.9524490393984895 14
1694396344219 -5.781462286685297 15
1694396344817 -5.145591571532922 16
1694396345484 -5.341179174797548 17
1694396346167 -6.165096793571783 18
1694396346805 -4.847740823562105 19
1694396347435 -5.170241407323331 20
1694396348098 -11.91635800914386 21
1694396348743 -5.873152328941643 22
1694396349372 -5.014010276839566 23
1694396350071 -5.146028388121856 24
1694396350768 -5.964154027580379 25
1694396351432 -5.453821107018127 26
1694396352108 -5.748907878572372 27
1694396352767 -5.6561088097462315 28
1694396353438 -5.345271164796038 29
1694396354062 -5.720321485818089 30
1694396354774 -5.56226869811267 31
1694396355423 -5.231164716353907 32
1694396356163 -5.7303813211735255 33
1694396356864 -5.252273871582063 34
1694396357564 -6.845123767338091 35
1694396358247 -5.718092967102958 36
1694396358901 -6.365831768899059 37
1694396359636 -5.432329127487293 38
1694396360270 -5.017821615681 39
1694396360945 -4.526018781772913 40
1694396361604 -5.217261113755277 41
1694396362287 -4.954035941809691 42
1694396362990 -5.340552292348415 43
1694396363680 -5.406358783610675 44
1694396364321 -5.561486516762446 45
1694396364935 -5.635707381376383 46
1694396365572 -6.410774348393462 47
1694396366232 -6.606073961702898 48
1694396366901 -5.5118112461063715 49
1694396367569 -5.131671914023186 50
1694396368282 -4.6934912711114265 51
1694396368949 -5.350462085481899 52
1694396369682 -5.355794422445879 53
1694396370354 -4.851923296364775 54
1694396371094 -4.817575434578902 55
1694396371772 -5.329297068960768 56
1694396372440 -5.622002396997692 57
1694396373067 -5.820973916602112 58
1694396373767 -5.194352743543712 59
1694396374393 -5.023553513055798 60
1694396374989 -4.9684910220256855 61
1694396375575 -5.2395972100015396 62
1694396376155 -5.085434033548521 63
1694396376779 -6.154946076255851 64
1694396377346 -6.38094786183034 65
1694396377988 -5.789862436738727 66
1694396378647 -5.175828215284942 67
1694396379253 -5.880025565949198 68
1694396379860 -5.228812633300396 69
1694396380455 -6.059354334272742 70
1694396381086 -5.485356534365805 71
1694396381811 -4.298110143084215 72
1694396382471 -5.150398502182852 73
1694396383105 -4.99477113326649 74
1694396383720 -4.524511114925182 75
1694396384391 -4.931503713669941 76
1694396385005 -5.389632405704069 77
1694396385622 -5.496484676079324 78
1694396386277 -4.9432089567516115 79
1694396386917 -6.064805079727753 80
1694396387569 -5.613162135955168 81
1694396388137 -4.85537310611187 82
1694396388754 -5.7421162454420624 83
1694396389449 -4.9472418867588255 84
1694396390091 -5.158858316473536 85
1694396390786 -5.388485775717283 86
1694396391505 -4.435050206637789 87
1694396392228 -5.303260927225124 88
1694396392943 -5.774622796583623 89
1694396393655 -6.35097724349772 90
1694396394387 -5.4898602572319355 91
1694396395070 -6.159850731420511 92
1694396395710 -4.760953218358984 93
1694396396404 -4.942758332307377 94
1694396397096 -5.223397571013217 95
1694396397766 -4.885141012584222 96
1694396398392 -5.270775957669473 97
1694396399087 -5.236629326028388 98
1694396399792 -5.901982581220653 99
