1694396334166 4.796251697193626 0
1694396334795 0.005016644565445648 1
1694396335438 0.058088806038557844 2
1694396336139 0.7140194412514836 3
1694396336744 1.2034716932701557 4
1694396337354 2.039668070078441 5
1694396338123 31.83964932470388 6
1694396338780 3.2930039225389827 7
1694396339440 1.3949432718842212 8
1694396340085 0.15296484747441727 9
1694396340736 1.7233545081867716 10
1694396341335 0.0064775588188587295 11
1694396341840 1.2229685517332995 12
1694396342520 0.004736792987983295 13
1694396343170 13.315516112728892 14
1694396343789 3.210418462247613 15
1694396344475 0.14760670963610611 16
1694396345101 7.418259551475895 17
1694396345722 0.6036068434025564 18
1694396346408 4.1159100529156865 19
1694396347054 0.43328783418059813 20
1694396347666 13.815383667229916 21
1694396348349 0.019163951750445163 22
1694396348992 0.18494479049367493 23
1694396349641 0.4647994833054359 24
1694396350388 0.011540008309648636 25
1694396351006 31.050419177543393 26
1694396351677 1.246568616024475 27
1694396352354 0.001151589866840499 28
1694396353033 0.4354663816329686 29
1694396353675 15.332117296973223 30
1694396354326 0.24735358020348786 31
1694396355041 5.996526891125166 32
1694396355676 1.1671857097029932 33
1694396356428 0.11787352458956575 34
1694396357116 0.27002434594005226 35
1694396357815 0.06085373064906731 36
1694396358496 0.0917242233921246 37
1694396359138 0.7883929480928609 38
1694396359894 0.005618637687225081 39
1694396360507 1.4981379247782107 40
1694396361186 36.21418310363014 41
1694396361879 2.280426796334253 42
1694396362533 0.530262646481008 43
1694396363241 1.9488479728250936 44
1694396363912 2.733391650263609 45
1694396364567 0.7897038947412651 46
1694396365163 4.00118782636789 47
1694396365829 22.710181794838523 48
1694396366512 2.194848839265655 49
1694396367155 35.882160780081406 50
1694396367876 13.966714627372525 51
1694396368540 1.4633203946579971 52
1694396369240 5.039923033208629 53
1694396369925 0.7444400623841966 54
1694396370632 0.2840357766736579 55
1694396371383 0.43202216391208037 56
1694396372023 5.064854201347176 57
1694396372687 0.35907507880983625 58
1694396373330 6.860089902080066 59
1694396374034 2.7416101259362304 60
1694396374659 7.518546651242268 61
1694396375244 1.369512009046473 62
1694396375832 2.0690673074820105 63
1694396376390 2.331693226880271 64
1694396377033 0.36115366664608245 65
1694396377618 21.71847076364644 66
1694396378244 4.581105031859807 67
1694396378879 1.1937116860693455 68
1694396379507 21.028151688903232 69
1694396380103 0.000246114051567153 70
1694396380689 0.024084809488393137 71
1694396381377 22.42172332311563 72
1694396382102 0.18196899165749333 73
1694396382726 0.8735964677048881 74
1694396383355 0.009083527706311744 75
1694396383969 32.6902912570632 76
1694396384615 0.035384648204085246 77
1694396385233 1.3351344676851467 78
1694396385879 0.25623584472262345 79
1694396386538 3.444878267690389 80
1694396387175 3.421777185920757 81
1694396387800 31.015565749703843 82
1694396388358 5.255185432534803 83
1694396389026 0.0033621668033291963 84
1694396389698 2.296168394879677 85
1694396390334 0.6053577439953838 86
1694396391102 0.03829030520811836 87
1694396391800 17.14110263597815 88
1694396392514 0.6331094458255407 89
1694396393225 0.7376011705204047 90
1694396393968 0.16349683590711184 91
1694396394664 0.48091642545439006 92
1694396395337 0.67377918244206 93
1694396395987 2.054464852942078 94
1694396396674 0.5890530506998649 95
1694396397369 5.246845475282398 96
1694396398043 0.33536701126757573 97
1694396398642 1.4773481584232302 98
1694396399356 3.716282427037022 99
