1694493553961 40.3120394717308 0
1694493554350 13.307574506722359 1
1694493554764 6.9275408900514 2
1694493555198 5.037435569596633 3
1694493555634 4.268349215074452 4
1694493556054 3.8526907746898815 5
1694493556460 3.58058444864472 6
1694493556876 3.3804441502121874 7
1694493557262 3.226893963005253 8
1694493557680 3.097932304908303 9
1694493558041 2.985638700561297 10
1694493558439 2.885926117248784 11
1694493558897 2.7942648282720017 12
1694493559368 2.709546135655124 13
1694493559780 2.6311824162440542 14
1694493560244 2.5562545258014406 15
1694493560634 2.4844403301009517 16
1694493561004 2.415900457640732 17
1694493561431 2.3500834776197825 18
1694493561832 2.2862025502928445 19
1694493562280 2.2246795409826334 20
1694493562686 2.1653540394864765 21
1694493563062 2.108347555352306 22
1694493563457 2.053568490437921 23
1694493563861 2.0004515285167055 24
1694493564235 1.9486394368796487 25
1694493564641 1.8986509638383549 26
1694493565086 1.8501427926345033 27
1694493565492 1.8030024734909458 28
1694493565855 1.757322557612833 29
1694493566244 1.7135221082450645 30
1694493566643 1.6704586422374674 31
1694493567131 1.6288313960388803 32
1694493567554 1.5884867941160743 33
1694493567937 1.5493061571976092 34
1694493568345 1.5111702942711855 35
1694493568779 1.4741852288252417 36
1694493569235 1.4383288947360604 37
1694493569663 1.4036744493379931 38
1694493570080 1.3699087215169417 39
1694493570518 1.3373234503058713 40
1694493570907 1.3055047461329417 41
1694493571337 1.2746286628121615 42
1694493571742 1.2445918323639944 43
1694493572132 1.2150329594266396 44
1694493572535 1.1865397508445275 45
1694493572949 1.1590211934343324 46
1694493573397 1.1324266725045098 47
1694493573835 1.106679251226249 48
1694493574246 1.0811051440119344 49
