1694493554089 -55.48031516574374 0
1694493554480 -17.644951038966248 1
1694493554945 -8.706025741219605 2
1694493555341 -6.057840593688274 3
1694493555781 -4.980290554982166 4
1694493556167 -4.397920622280418 5
1694493556615 -4.016678411392012 6
1694493557003 -3.736266224835128 7
1694493557400 -3.5211304222100006 8
1694493557814 -3.340445068924404 9
1694493558182 -3.183112960508905 10
1694493558569 -3.0434078449830437 11
1694493559021 -2.914983221526881 12
1694493559525 -2.796285717700847 13
1694493559926 -2.6864920275800355 14
1694493560379 -2.5815122021392805 15
1694493560765 -2.480894906172839 16
1694493561149 -2.3848651927496873 17
1694493561560 -2.2926504642577807 18
1694493561988 -2.2031482967716727 19
1694493562414 -2.1169497565508912 20
1694493562815 -2.0338300963754627 21
1694493563218 -1.9539595606104143 22
1694493563573 -1.8772098131058534 23
1694493563992 -1.8027888016841693 24
1694493564360 -1.730196015424633 25
1694493564771 -1.6601582612195531 26
1694493565227 -1.59219452548178 27
1694493565603 -1.5261472572926085 28
1694493565983 -1.462146128117546 29
1694493566368 -1.4007782782862916 30
1694493566771 -1.340442999691816 31
1694493567266 -1.2821199772005585 32
1694493567675 -1.2255940394981386 33
1694493568077 -1.170698907657902 34
1694493568522 -1.1172675857642909 35
1694493568928 -1.065448621003715 36
1694493569372 -1.0152110970137578 37
1694493569809 -0.9666575129325192 38
1694493570235 -0.9193490915744014 39
1694493570654 -0.8736945821057576 40
1694493571050 -0.8291140929168419 41
1694493571470 -0.7858542891486813 42
1694493571881 -0.7437703441901986 43
1694493572278 -0.7023560550268655 44
1694493572674 -0.6624348448402779 45
1694493573126 -0.6238791970536071 46
1694493573577 -0.5866181965316244 47
1694493573984 -0.5505440487693629 48
1694493574423 -0.514712727544349 49
