1694493553813 25.195670054390938 0
1694493554233 4.759708914127811 1
1694493554665 0.2805613963937055 2
1694493555085 0.02679160133303637 3
1694493555492 19.43855360421395 4
1694493555929 7.7723744136111454 5
1694493556310 3.768686067790532 6
1694493556765 2.258573581267496 7
1694493557142 2.1585485926774046 8
1694493557527 0.20986514553371224 9
1694493557941 0.0010160296932561215 10
1694493558314 1.9098733065657718 11
1694493558716 0.15119136747755357 12
1694493559197 0.8685579914416642 13
1694493559672 13.69092846540218 14
1694493560126 0.8872472359309449 15
1694493560520 0.48157049327127516 16
1694493560906 1.6034736203304534 17
1694493561295 1.7419752213356938 18
1694493561682 0.00034951865517487886 19
1694493562158 10.727403481015088 20
1694493562563 0.02580137267866369 21
1694493562949 0.3945764951005058 22
1694493563355 1.4524412705331105 23
1694493563742 0.00017258732967650285 24
1694493564116 4.286524142305998 25
1694493564492 0.3809338952496035 26
1694493564958 0.08824455484950824 27
1694493565365 0.7107043491669965 28
1694493565739 0.6667226204627243 29
1694493566136 0.008351875509657885 30
1694493566517 5.603762732670569 31
1694493566970 11.50912926306369 32
1694493567414 0.0009785167994952493 33
1694493567808 1.1488572952792313 34
1694493568230 0.015378580783540811 35
1694493568654 0.0658981598809068 36
1694493569098 1.377625423254898 37
1694493569512 0.52902378213503 38
1694493569956 0.18996087050789404 39
1694493570388 2.2334396599570687 40
1694493570795 1.6808616239509069 41
1694493571199 0.23227445558066884 42
1694493571611 0.04363303254616424 43
1694493572022 6.990290005247682 44
1694493572408 0.13449925348186464 45
1694493572814 0.44682819110536365 46
1694493573270 0.18417398710361862 47
1694493573711 0.3491163785029015 48
1694493574134 1.8718009539580716 49
