1694494138036 121.10872468983719 0
1694494138486 87.36873952675394 1
1694494138833 63.66436048443721 2
1694494139227 46.96082557485415 3
1694494139601 35.1511368313589 4
1694494139970 26.775256723907326 5
1694494140394 20.794554376166772 6
1694494140735 16.50357332951707 7
1694494141122 13.403829064042567 8
1694494141549 11.15097183547044 9
1694494142036 9.49480674165229 10
1694494142459 8.26763649399237 11
1694494142852 7.34391149569769 12
1694494143301 6.641194531208128 13
1694494143756 6.098329036040794 14
1694494144174 5.670529103650418 15
1694494144641 5.32895872299822 16
1694494145113 5.052552222942867 17
1694494145512 4.825627425433158 18
1694494145994 4.63496030098753 19
1694494146363 4.473429731185794 20
1694494146752 4.334584959006357 21
1694494147220 4.213979808439361 22
1694494147638 4.108108935853848 23
1694494148011 4.013618349034328 24
1694494148411 3.928897425867861 25
1694494148776 3.8522392919716664 26
1694494149127 3.7821624164573993 27
1694494149539 3.7180714179400174 28
1694494149893 3.6590858051743895 29
1694494150256 3.6046360141048384 30
1694494150657 3.5537409015392503 31
1694494151034 3.5063975771822986 32
1694494151429 3.4616604847075587 33
1694494151818 3.4196679983614637 34
1694494152166 3.3800569866878107 35
1694494152544 3.342549013497792 36
1694494152923 3.306581664838487 37
1694494153369 3.272474627084377 38
1694494153818 3.2399886275673198 39
1694494154308 3.208801760571086 40
1694494154759 3.1789922743226633 41
1694494155142 3.1501743226852796 42
1694494155551 3.122278120024687 43
1694494155932 3.095187360128036 44
1694494156345 3.0691116072957803 45
1694494156739 3.0438664828196265 46
1694494157110 3.0193401014444485 47
1694494157484 2.995445168800115 48
1694494157915 2.972206129160078 49
