1694494138182 -168.68278036639873 0
1694494138618 -121.4104264822741 1
1694494138993 -88.19874042860353 2
1694494139372 -64.79578368321641 3
1694494139736 -48.24948756466605 4
1694494140163 -36.51422548269933 5
1694494140523 -28.134794475499366 6
1694494140877 -22.122794957217426 7
1694494141309 -17.779811190048328 8
1694494141745 -14.623382292859752 9
1694494142221 -12.302965670650673 10
1694494142626 -10.583604327038646 11
1694494143005 -9.289393473064218 12
1694494143490 -8.304832132412674 13
1694494143918 -7.544235182681067 14
1694494144356 -6.944854071580591 15
1694494144846 -6.466287295914281 16
1694494145282 -6.079020205447816 17
1694494145726 -5.76108084414959 18
1694494146115 -5.493941314084709 19
1694494146528 -5.267624372276244 20
1694494146935 -5.073092004413543 21
1694494147343 -4.904114770716082 22
1694494147790 -4.755781411033415 23
1694494148164 -4.62339272036682 24
1694494148553 -4.504692091366633 25
1694494148919 -4.397288059737048 26
1694494149316 -4.2991048850144695 27
1694494149674 -4.209308391386619 28
1694494150016 -4.1266649418637185 29
1694494150410 -4.050376532727937 30
1694494150820 -3.979068505752119 31
1694494151189 -3.9127368114068153 32
1694494151573 -3.8500566514425882 33
1694494151957 -3.791221898983988 34
1694494152291 -3.735723778504849 35
1694494152674 -3.6831721791622734 36
1694494153063 -3.632779115090724 37
1694494153495 -3.584992491864357 38
1694494154003 -3.5394770697909017 39
1694494154466 -3.4957818338251148 40
1694494154890 -3.4540164158432116 41
1694494155312 -3.4136402152778196 42
1694494155673 -3.3745554570059735 43
1694494156092 -3.3365991869414104 44
1694494156512 -3.300065021033416 45
1694494156878 -3.2646946303140005 46
1694494157238 -3.230331254803895 47
1694494157653 -3.1968525882739476 48
1694494158038 -3.1642928790600555 49
