1694494137898 123.87640662270867 0
1694494138307 83.67204711508417 1
1694494138725 57.7840129222318 2
1694494139107 46.72069977992019 3
1694494139487 30.599482896803107 4
1694494139848 23.471547180674378 5
1694494140284 22.865013684078825 6
1694494140626 16.422373040361766 7
1694494140994 17.414132518313572 8
1694494141422 9.545720428336702 9
1694494141869 11.21208698333986 10
1694494142333 5.908575937418976 11
1694494142721 7.658317104642503 12
1694494143176 5.175182865955598 13
1694494143639 1.7557434782636372 14
1694494144039 7.989085858614122 15
1694494144489 6.486003395848368 16
1694494144972 4.254992585526532 17
1694494145393 4.172535452735885 18
1694494145847 4.815702735262329 19
1694494146237 6.208127143189925 20
1694494146646 6.378960081480965 21
1694494147112 4.158506319005544 22
1694494147512 2.3704979868074525 23
1694494147908 2.8918746034382283 24
1694494148277 3.9233873923081037 25
1694494148659 4.840016637631501 26
1694494149016 4.505823681200563 27
1694494149422 4.833836352513642 28
1694494149776 2.7361309450903346 29
1694494150129 1.6707291633232264 30
1694494150530 4.236325903979833 31
1694494150928 3.747245742771761 32
1694494151312 4.951338158948751 33
1694494151676 4.487481079505619 34
1694494152060 2.629655658480734 35
1694494152408 2.317271388851872 36
1694494152791 3.0170989299570325 37
1694494153229 3.720094138802619 38
1694494153642 1.6139416564683688 39
1694494154141 3.280717562821995 40
1694494154589 1.76874590843124 41
1694494155017 3.166880534527739 42
1694494155422 3.5330901623502484 43
1694494155794 5.743570418140415 44
1694494156219 3.002438231916187 45
1694494156620 2.0364063680888655 46
1694494156987 2.0701314680108474 47
1694494157366 3.409454767894376 48
1694494157788 1.991728186743053 49
