1694492930939 163.10723395166397 0
1694492931344 158.18848161602315 1
1694492931814 153.42442799199037 2
1694492932191 148.81098502504508 3
1694492932581 144.34310025889047 4
1694492932960 140.01772609995265 5
1694492933442 135.82797981381967 6
1694492933850 131.7721228948263 7
1694492934235 127.84247004388962 8
1694492934607 124.03865008958456 9
1694492935066 120.35474495570026 10
1694492935425 116.78685129005233 11
1694492935837 113.32982529071514 12
1694492936219 109.98324534419436 13
1694492936632 106.74337168760626 14
1694492937022 103.60371571630871 15
1694492937408 100.5641548244132 16
1694492937773 97.61918522919295 17
1694492938124 94.76671005974936 18
1694492938481 92.00562709437888 19
1694492938859 89.33006327679807 20
1694492939245 86.73879094181734 21
1694492939666 84.22790298725103 22
1694492940093 81.79721377619246 23
1694492940497 79.44260161542023 24
1694492940857 77.16153999910692 25
1694492941211 74.95273917397779 26
1694492941522 72.81224060357755 27
1694492941938 70.739455599718 28
1694492942310 68.73107275692898 29
1694492942676 66.78569302963832 30
1694492943068 64.90062242984261 31
1694492943508 63.07472224943408 32
1694492943920 61.30562680206962 33
1694492944326 59.59149941045706 34
1694492944707 57.93146818610281 35
1694492945085 56.32271376009847 36
1694492945408 54.764230185428715 37
1694492945726 53.254305304984726 38
1694492946086 51.791026144508415 39
1694492946394 50.37320066301156 40
1694492946708 48.99946155923013 41
1694492947017 47.66834543732254 42
1694492947400 46.378530843096556 43
1694492947829 45.128502247168704 44
1694492948215 43.917217201441275 45
1694492948659 42.74359621833185 46
1694492949041 41.60600058459986 47
1694492949376 40.50355143793507 48
1694492949797 39.43541339184384 49
