1694492930807 164.30660861755504 0
1694492931201 161.01518082851643 1
1694492931672 161.36444496742828 2
1694492932073 151.66758772430947 3
1694492932457 144.6363219135095 4
1694492932853 143.18064708292763 5
1694492933319 137.94832839304965 6
1694492933739 130.64192607278346 7
1694492934108 128.505487767749 8
1694492934498 123.66639866750886 9
1694492934937 125.66440780880748 10
1694492935315 116.23821149104663 11
1694492935699 115.72667229028758 12
1694492936096 106.58299040601374 13
1694492936481 115.00060307595136 14
1694492936891 102.2356061281656 15
1694492937287 101.72504517016391 16
1694492937666 98.28241644228444 17
1694492938019 94.1576085964257 18
1694492938369 95.12402178390604 19
1694492938742 93.40732851767058 20
1694492939132 87.59105087468788 21
1694492939551 81.2907412807946 22
1694492939945 80.54636767974698 23
1694492940376 77.96093514924237 24
1694492940755 82.85534815672325 25
1694492941100 72.0565256585035 26
1694492941428 78.14488834742637 27
1694492941820 73.72817511563296 28
1694492942171 74.12814212778451 29
1694492942545 67.66461003673093 30
1694492942929 67.41278230444358 31
1694492943358 64.93820257197336 32
1694492943760 57.87744887803454 33
1694492944177 55.782572571380044 34
1694492944573 58.267604026292695 35
1694492944944 51.405126564650566 36
1694492945308 55.21556559640993 37
1694492945626 60.75614891309019 38
1694492945950 60.845724020529744 39
1694492946302 57.69219825432477 40
1694492946604 53.500471450483595 41
1694492946921 50.03408224023767 42
1694492947292 43.01069253253997 43
1694492947680 51.16353819389174 44
1694492948105 50.02262792368496 45
1694492948534 50.373356380626376 46
1694492948942 43.92071154658325 47
1694492949257 45.857942737366265 48
1694492949675 40.72703162409228 49
