1694510113577 35.85554900378594 0
1694510113992 11.705610231986856 1
1694510114373 6.450969576419662 2
1694510114741 4.850936889824328 3
1694510115115 4.14161282987645 4
1694510115489 3.729611521504014 5
1694510115878 3.4411193203388857 6
1694510116262 3.2266779655152886 7
1694510116689 3.0532233823354384 8
1694510117094 2.9116344611987226 9
1694510117476 2.786795573284857 10
1694510117888 2.674595226008842 11
1694510118292 2.5728295232407654 12
1694510118658 2.481342803074613 13
1694510119055 2.3938260803121043 14
1694510119432 2.315409105724811 15
1694510119800 2.2396549001332353 16
1694510120166 2.1661964003213217 17
1694510120551 2.099321679416759 18
1694510120909 2.0349639867055873 19
1694510121331 1.9719599942307249 20
1694510121681 1.9133626602385818 21
1694510122025 1.8571442931569748 22
1694510122378 1.7996548293366907 23
1694510122766 1.7459304690505253 24
1694510123093 1.693740804164479 25
1694510123436 1.641498247104572 26
1694510123817 1.5946300191038252 27
1694510124171 1.5491937574930963 28
1694510124531 1.5053793697090245 29
1694510124890 1.4597886208630482 30
1694510125236 1.416670996243345 31
1694510125559 1.3789737718843906 32
1694510125949 1.3385490574704348 33
1694510126323 1.3008915312140523 34
1694510126702 1.2654125169867867 35
1694510127085 1.2305018908546215 36
1694510127423 1.1975726956982988 37
1694510127815 1.1655433469829724 38
1694510128193 1.1335208850130059 39
1694510128590 1.102054416954493 40
1694510128933 1.072904801744269 41
1694510129285 1.045055281342702 42
1694510129653 1.0181185284901455 43
1694510130049 0.9915851765081687 44
1694510130455 0.9644459590974439 45
1694510130838 0.940020494805163 46
1694510131210 0.9147914025448979 47
1694510131573 0.8927274957444133 48
1694510131920 0.869566677876579 49
