1694510113726 -49.23642402401253 0
1694510114140 -15.400473996697702 1
1694510114515 -8.038312116565393 2
1694510114880 -5.7965413801140855 3
1694510115257 -4.802722982793962 4
1694510115645 -4.225476977617463 5
1694510116035 -3.821276876154177 6
1694510116409 -3.52082779285986 7
1694510116825 -3.277804377192421 8
1694510117234 -3.079427242356876 9
1694510117645 -2.904518212034542 10
1694510118047 -2.7473167640577114 11
1694510118426 -2.6047350678516676 12
1694510118816 -2.4765550289308376 13
1694510119209 -2.353937266379632 14
1694510119559 -2.2440689615983684 15
1694510119948 -2.1379314041090445 16
1694510120302 -2.035010309682921 17
1694510120689 -1.941313603616745 18
1694510121057 -1.8511434505979154 19
1694510121460 -1.762869937317204 20
1694510121807 -1.680770496675669 21
1694510122158 -1.602004174443342 22
1694510122503 -1.5214569464233785 23
1694510122887 -1.4461849224621877 24
1694510123220 -1.3730631265970707 25
1694510123586 -1.2998672246661576 26
1694510123941 -1.2342011774149775 27
1694510124287 -1.1705414268948688 28
1694510124674 -1.109154048253958 29
1694510125020 -1.0452778490537478 30
1694510125341 -0.9848666900146019 31
1694510125726 -0.9320499350061981 32
1694510126071 -0.8754117534478942 33
1694510126460 -0.8226506185811191 34
1694510126858 -0.7729417491816659 35
1694510127210 -0.724029235887446 36
1694510127553 -0.677892862115347 37
1694510127964 -0.6330172434738306 38
1694510128330 -0.588151273700332 39
1694510128695 -0.5440642948129475 40
1694510129064 -0.5032234076832316 41
1694510129402 -0.46420405490158045 42
1694510129783 -0.4264635607318168 43
1694510130212 -0.3892882626822953 44
1694510130584 -0.35126409985658946 45
1694510130976 -0.3170421170599842 46
1694510131342 -0.2816941887269446 47
1694510131697 -0.25078093238443544 48
1694510132068 -0.21833081798154086 49
