1694510113477 100.23185009079567 0
1694510113893 6.994481002466017 1
1694510114272 1.1492176207401166 2
1694510114646 0.5181682826105343 3
1694510115015 0.503250010901858 4
1694510115383 19.030309632760282 5
1694510115782 0.3637236604555974 6
1694510116164 3.994134865754799 7
1694510116580 2.9666776488351645 8
1694510116988 0.007742553758345444 9
1694510117365 0.20990709116140263 10
1694510117786 0.36904717300909007 11
1694510118202 0.5868178216005343 12
1694510118559 0.05786921335276641 13
1694510118964 0.07175883097219893 14
1694510119341 0.4773618401853021 15
1694510119712 0.2687940929799061 16
1694510120079 0.4042502625603634 17
1694510120453 0.2915952016400363 18
1694510120817 0.46974480362420845 19
1694510121228 0.3169998619112323 20
1694510121584 0.5530494151168858 21
1694510121930 0.8121454224184268 22
1694510122279 0.8129244285685556 23
1694510122667 0.0009206473050375923 24
1694510123004 0.18151820392621582 25
1694510123340 0.016265848805319297 26
1694510123719 0.09687005210390379 27
1694510124066 0.17581945469773738 28
1694510124414 0.007884742395778986 29
1694510124803 0.4560805261765803 30
1694510125145 0.1471829418847952 31
1694510125464 2.0002542898838334 32
1694510125856 1.091482409214944 33
1694510126224 0.6398459094704853 34
1694510126607 0.49241196934092524 35
1694510126989 0.04910103431278738 36
1694510127337 0.07168271706642837 37
1694510127713 0.07199716640111319 38
1694510128093 0.40783273818294685 39
1694510128482 0.1554440884046077 40
1694510128833 1.7379984541050064 41
1694510129192 3.048621801874847 42
1694510129559 0.04112182972692067 43
1694510129943 1.0744638624628837 44
1694510130351 10.047825041243298 45
1694510130740 3.2249694502834996 46
1694510131111 0.11679439555085229 47
1694510131474 0.0016118946180780584 48
1694510131821 0.003322162744621186 49
