1694508362852 163.9730977732331 0
1694508363278 158.50170969820422 1
1694508363650 153.23418207806404 2
1694508364077 148.16029794254248 3
1694508364461 143.2734158707468 4
1694508364858 138.56697667560724 5
1694508365218 134.03283996514003 6
1694508365635 129.66633494294254 7
1694508366056 125.45879805283487 8
1694508366420 121.40567375842983 9
1694508366892 117.50037093205724 10
1694508367316 113.7374019268614 11
1694508367796 110.11220410134175 12
1694508368202 106.61794754520632 13
1694508368662 103.25118582164673 14
1694508369116 100.00670663495104 15
1694508369544 96.87908713638642 16
1694508369963 93.86481826437289 17
1694508370557 90.95956577916512 18
1694508371037 88.15879589121683 19
1694508371548 85.45850302883609 20
1694508371961 82.85523863458997 21
1694508372403 80.34520159705463 22
1694508372830 77.92523983617431 23
1694508373264 75.59128612881008 24
1694508373742 73.34034501234238 25
1694508374263 71.16938101319639 26
1694508374655 69.07575439778546 27
1694508375045 67.0559085227547 28
1694508375510 65.10773083171793 29
1694508375901 63.22789377933688 30
1694508376321 61.41439178152923 31
1694508376720 59.66445558507 32
1694508377227 57.97618048175876 33
1694508377618 56.34660489599125 34
1694508378095 54.77424727552868 35
1694508378598 53.25653050059599 36
1694508379112 51.791235196825475 37
1694508379579 50.376835114281135 38
1694508380022 49.01141796277711 39
1694508380459 47.693485284280406 40
1694508380880 46.419962004647765 41
1694508381355 45.19059767523055 42
1694508381835 44.002894509865136 43
1694508382294 42.85581352564124 44
1694508382703 41.74786888982957 45
1694508383117 40.67776368779268 46
1694508383539 39.643907365833556 47
1694508383995 38.64493496505732 48
1694508384496 37.67953061705537 49
