1694508363050 -228.7391142274024 0
1694508363413 -221.07327228734306 1
1694508363819 -213.6930547635333 2
1694508364213 -206.58414688280732 3
1694508364606 -199.7372434958824 4
1694508364988 -193.14315466948352 5
1694508365369 -186.79047507877857 6
1694508365789 -180.67266057327677 7
1694508366195 -174.77757283425467 8
1694508366566 -169.09882919950348 9
1694508367034 -163.6271949844727 10
1694508367483 -158.35498156740093 11
1694508367941 -153.27579633126066 12
1694508368326 -148.38007003840235 13
1694508368811 -143.66297396173383 14
1694508369258 -139.11720526794758 15
1694508369668 -134.73516612251234 16
1694508370131 -130.51194005614073 17
1694508370696 -126.44145446049964 18
1694508371199 -122.51735714240252 19
1694508371699 -118.73403598312393 20
1694508372113 -115.08665928441118 21
1694508372562 -111.5699013923402 22
1694508372985 -108.1793459966149 23
1694508373468 -104.90929460001836 24
1694508373940 -101.75555032551247 25
1694508374423 -98.71386023758637 26
1694508374790 -95.78052586335502 27
1694508375257 -92.95056406774891 28
1694508375657 -90.22101499430671 29
1694508376072 -87.5872164921699 30
1694508376496 -85.04635858142812 31
1694508376916 -82.59456132206915 32
1694508377369 -80.22915606917032 33
1694508377790 -77.94599342404804 34
1694508378319 -75.7429976163251 35
1694508378792 -73.61655789995582 36
1694508379297 -71.56356475814569 37
1694508379759 -69.58187979555333 38
1694508380195 -67.66882374430243 39
1694508380614 -65.82229714767796 40
1694508381057 -64.03799158668038 41
1694508381553 -62.31555616319606 42
1694508382013 -60.6514912837639 43
1694508382461 -59.04434125219504 44
1694508382862 -57.492024300810805 45
1694508383252 -55.99272335093131 46
1694508383691 -54.544209912624716 47
1694508384159 -53.144571571893074 48
1694508384660 -51.7919646943431 49
