1694508362724 166.2544804103791 0
1694508363155 156.82266665639833 1
1694508363532 151.30273333848749 2
1694508363933 153.30419419209872 3
1694508364350 138.59122148168265 4
1694508364719 135.53064650814449 5
1694508365099 129.04637956439004 6
1694508365511 136.32248786173895 7
1694508365902 125.62398158186376 8
1694508366305 116.84309917053811 9
1694508366727 115.21400171437489 10
1694508367157 103.15241821481307 11
1694508367649 115.28109733420841 12
1694508368042 107.41614147747504 13
1694508368464 91.46813766283867 14
1694508368944 100.38065627092432 15
1694508369406 96.05553867979289 16
1694508369776 84.44731792837169 17
1694508370351 86.65906749073304 18
1694508370820 83.09152426190816 19
1694508371388 91.152281575748 20
1694508371851 87.84020992847232 21
1694508372260 86.45116523738716 22
1694508372663 68.67703992185737 23
1694508373095 71.96078186983968 24
1694508373605 71.79174031706368 25
1694508374125 68.21959904189262 26
1694508374534 71.96740809665377 27
1694508374934 72.75544684661924 28
1694508375376 61.18567122626711 29
1694508375765 63.839164999079856 30
1694508376191 61.43438142569496 31
1694508376601 63.21718917380166 32
1694508377074 53.67163743957805 33
1694508377490 55.533051335720906 34
1694508377956 53.29780833251434 35
1694508378464 50.838177943643366 36
1694508378982 59.679176609535936 37
1694508379431 40.99950147394646 38
1694508379885 43.00294302590058 39
1694508380325 39.98949538570473 40
1694508380737 53.96519279111583 41
1694508381199 40.77647454408002 42
1694508381686 49.09130404842475 43
1694508382160 40.7037844616223 44
1694508382583 42.95106329716364 45
1694508382988 38.30319493395771 46
1694508383381 30.33001803468427 47
1694508383829 35.142081607553656 48
1694508384336 31.631493404816087 49
