1694491219210 4.764798378489013 0
1694491219619 4.507663013333446 1
1694491220022 4.449423649657576 2
1694491220520 4.3037063356931435 3
1694491220945 4.327554027802225 4
1694491221336 4.274088408967332 5
1694491221774 4.264205144295182 6
1694491222213 4.391491878566107 7
1694491222629 4.253884559746263 8
1694491223020 4.210369508852414 9
1694491223417 4.305490847038472 10
1694491223830 4.29377631779555 11
1694491224249 4.335268342675678 12
1694491224689 4.371848840366558 13
1694491225105 4.268230929778309 14
1694491225520 4.248795710435778 15
1694491226061 4.319039262076485 16
1694491226462 4.333155957578648 17
1694491226866 4.198620442676893 18
1694491227245 4.402794493511748 19
1694491227593 4.310923066510641 20
1694491227961 4.295325882496823 21
1694491228325 4.437697210596057 22
1694491228779 4.308784600037209 23
1694491229175 4.329054243432572 24
1694491229552 4.244017193898851 25
1694491229957 4.310292376687795 26
1694491230350 4.135545298241771 27
1694491230742 4.2367398606327376 28
1694491231117 4.370621530438162 29
1694491231521 4.464538817188681 30
1694491231920 4.344565530445668 31
1694491232302 4.325395545529029 32
1694491232712 4.387683067845831 33
1694491233093 4.118260976394795 34
1694491233479 4.341053951410927 35
1694491233879 4.2700090939584845 36
1694491234242 4.523168185605695 37
1694491234593 4.5190609463029325 38
1694491235009 4.167157041721816 39
1694491235376 4.442462413363091 40
1694491235793 4.497392215217212 41
1694491236226 4.375055936263245 42
1694491236789 4.374917937743511 43
1694491237196 4.219188685339149 44
1694491237512 4.209833163406299 45
1694491237965 4.21833397202752 46
1694491238354 4.496313898196301 47
1694491238858 4.294451285640814 48
1694491239261 4.551219031654813 49
