1694491219354 -6.026535550457984 0
1694491219760 -5.647344104981012 1
1694491220230 -5.561459891883557 2
1694491220685 -5.34657401307896 3
1694491221076 -5.381741640980557 4
1694491221514 -5.302897156570339 5
1694491221932 -5.28832253975403 6
1694491222343 -5.476029278300222 7
1694491222740 -5.273103017651715 8
1694491223167 -5.208932400597697 9
1694491223572 -5.349205589782132 10
1694491223958 -5.331930450386124 11
1694491224378 -5.393117758792899 12
1694491224819 -5.447062154139994 13
1694491225242 -5.2942592704546225 14
1694491225648 -5.265598611850942 15
1694491226211 -5.369185117215389 16
1694491226588 -5.390002674417546 17
1694491226991 -5.191606330403484 18
1694491227353 -5.492696977417822 19
1694491227712 -5.3572163554446215 20
1694491228093 -5.334215556826385 21
1694491228480 -5.544167189359558 22
1694491228906 -5.354062809479935 23
1694491229297 -5.383953973512312 24
1694491229692 -5.258551846456471 25
1694491230094 -5.3562862920695276 26
1694491230499 -5.098590905716363 27
1694491230875 -5.247820135092202 28
1694491231282 -5.445252269196649 29
1694491231665 -5.583749872187428 30
1694491232045 -5.406828101853801 31
1694491232438 -5.3785585781890415 32
1694491232851 -5.470412515154102 33
1694491233221 -5.073102124811881 34
1694491233626 -5.401649659249128 35
1694491234003 -5.296881487143362 36
1694491234365 -5.670209216058698 37
1694491234747 -5.664152367335489 38
1694491235150 -5.145207996667636 39
1694491235512 -5.551194321252247 40
1694491235929 -5.632198001754249 41
1694491236440 -5.451791582657586 42
1694491236948 -5.451588079502197 43
1694491237305 -5.221937831717211 44
1694491237687 -5.208141464645095 45
1694491238102 -5.220677406198112 46
1694491238531 -5.630607833130053 47
1694491238999 -5.332925809514346 48
1694491239408 -5.711575135732103 49
