1694491219041 0.12283539626720438 0
1694491219493 0.004445461129683488 1
1694491219905 0.010237085462812281 2
1694491220394 20.615655706386654 3
1694491220829 8.153633145935125 4
1694491221215 0.551886188863444 5
1694491221652 0.7928037142155128 6
1694491222076 0.0473283872551664 7
1694491222482 1.4730203238149921 8
1694491222894 3.48461911102692 9
1694491223310 0.07208240708312143 10
1694491223698 3.173803253367386e-05 11
1694491224127 2.6490883059919943 12
1694491224550 0.3226100053639623 13
1694491224985 19.18645094703194 14
1694491225400 0.4620661743176716 15
1694491225924 1.0021506094247137 16
1694491226353 2.6439373011795886 17
1694491226745 4.626592833481985 18
1694491227125 5.400748009401708 19
1694491227488 19.791805873075138 20
1694491227830 1.7340331581303994 21
1694491228217 0.2448956586460555 22
1694491228646 0.7099821305633633 23
1694491229055 0.1412496781235042 24
1694491229436 0.0016652986181903643 25
1694491229825 9.298800057560545 26
1694491230224 2.9408774982870654 27
1694491230641 4.815257203280241 28
1694491230994 1.2038397859957435 29
1694491231411 27.986992868867418 30
1694491231803 0.09057369007662004 31
1694491232178 5.7318468814264865 32
1694491232586 0.9569961442600257 33
1694491232982 0.6253246573879889 34
1694491233342 4.949127985055779 35
1694491233767 5.465988458049397e-06 36
1694491234131 0.24560042613558175 37
1694491234490 0.02995541521862189 38
1694491234869 0.0019093387057397097 39
1694491235273 1.8714686671056107 40
1694491235659 0.10608734558617088 41
1694491236074 0.33650419100506657 42
1694491236633 0.22637334896817823 43
1694491237078 0.6762143297988563 44
1694491237419 10.00186989146494 45
1694491237855 1.2140184622239858 46
1694491238227 3.3983688345095207 47
1694491238722 0.31538766697448467 48
1694491239116 17.40507115557793 49
