1694492883513 121.84163778863467 0
1694492883853 88.28473813782605 1
1694492884283 64.65227537180976 2
1694492884675 47.955163092895155 3
1694492885046 36.11138436525165 4
1694492885428 27.672828223351974 5
1694492885791 21.62696834771096 6
1694492886226 17.270054822212117 7
1694492886611 14.106395372864073 8
1694492887050 11.788195865276094 9
1694492887423 10.071202595958646 10
1694492887782 8.785166968983443 11
1694492888139 7.807303922878702 12
1694492888521 7.05772463213032 13
1694492888874 6.472305941941394 14
1694492889317 6.009015114107726 15
1694492889691 5.634814906326299 16
1694492890079 5.328668367672194 17
1694492890478 5.074294991359834 18
1694492890858 4.8595579341223765 19
1694492891239 4.675945827569973 20
1694492891626 4.517549725582919 21
1694492892044 4.3785075042422426 22
1694492892452 4.25514251158848 23
1694492892864 4.14501684057218 24
1694492893396 4.045323267053017 25
1694492893871 3.9553169363380754 26
1694492894302 3.8726016635949807 27
1694492894723 3.7969773102268767 28
1694492895216 3.727019347600485 29
1694492895577 3.6618780229061887 30
1694492895957 3.601321964446172 31
1694492896322 3.544716346363074 32
1694492896678 3.491306337913752 33
1694492897029 3.440899278148272 34
1694492897421 3.3932917394329882 35
1694492897793 3.348263873081969 36
1694492898196 3.305234923207065 37
1694492898535 3.26447590235072 38
1694492898955 3.2251946781849323 39
1694492899326 3.18853954006185 40
1694492899665 3.1524958175684388 41
1694492900011 3.1180333397948092 42
1694492900386 3.085201579172117 43
1694492900710 3.0533106358568984 44
1694492901079 3.0224115348315475 45
1694492901445 2.992647108880422 46
1694492901811 2.9636411099727615 47
1694492902186 2.9359736783456722 48
1694492902497 2.908932108496004 49
