1694492883630 -169.7096488491559 0
1694492884027 -122.69381206441555 1
1694492884410 -89.58288632960316 2
1694492884818 -66.18892819130964 3
1694492885209 -49.594869342966405 4
1694492885578 -37.77179324252387 5
1694492885959 -29.301071450747763 6
1694492886396 -23.19669538109661 7
1694492886780 -18.764161450344602 8
1694492887186 -15.51618291784047 9
1694492887556 -13.110541271837524 10
1694492887907 -11.308704935155259 11
1694492888310 -9.938642448694841 12
1694492888661 -8.88842332959341 13
1694492889015 -8.0682060307645 14
1694492889456 -7.419099403753142 15
1694492889835 -6.8948156922975885 16
1694492890256 -6.465880485429403 17
1694492890618 -6.109483521838128 18
1694492891003 -5.808620136371334 19
1694492891352 -5.551365237283475 20
1694492891796 -5.329439929646094 21
1694492892185 -5.134630920090188 22
1694492892587 -4.961786932120035 23
1694492893012 -4.80749226758932 24
1694492893538 -4.667813786268369 25
1694492894031 -4.5417078885685775 26
1694492894427 -4.425817332427736 27
1694492894911 -4.319861708043329 28
1694492895336 -4.221845139562273 29
1694492895720 -4.130577056943234 30
1694492896085 -4.045733290370337 31
1694492896454 -3.9664243992454633 32
1694492896790 -3.891592806754635 33
1694492897190 -3.820968579862585 34
1694492897559 -3.7542667005694232 35
1694492897931 -3.6911791436987276 36
1694492898339 -3.630892224901433 37
1694492898660 -3.573785653912192 38
1694492899083 -3.518749591483851 39
1694492899455 -3.467392880665799 40
1694492899798 -3.416892810888827 41
1694492900149 -3.368608188439694 42
1694492900519 -3.3226083280576297 43
1694492900856 -3.2779266261893945 44
1694492901211 -3.2346345728197345 45
1694492901579 -3.19293228783299 46
1694492901944 -3.1522926183578024 47
1694492902309 -3.113528386168049 48
1694492902649 -3.0756410352004355 49
