1694492883392 116.63236343478495 0
1694492883738 84.70734542056051 1
1694492884147 61.14446898912099 2
1694492884526 48.15469388846183 3
1694492884939 38.53351569420252 4
1694492885317 27.531152434397754 5
1694492885692 19.370370320430325 6
1694492886086 16.642439580376504 7
1694492886505 8.717008651419404 8
1694492886939 13.447566502116466 9
1694492887298 7.79914929495263 10
1694492887649 7.404269722763336 11
1694492888003 10.552567535823506 12
1694492888410 4.400492066653691 13
1694492888754 5.067203382748331 14
1694492889165 5.028502852538894 15
1694492889566 5.170673157433674 16
1694492889971 4.364321414285633 17
1694492890364 3.9743243954852963 18
1694492890741 4.847525244553807 19
1694492891118 4.644779215093978 20
1694492891461 2.2221629451701452 21
1694492891921 4.024322395309015 22
1694492892347 2.362103261482694 23
1694492892727 2.1413561298542256 24
1694492893230 5.399231354076325 25
1694492893726 2.554771724617018 26
1694492894156 5.992514905216914 27
1694492894572 2.1798381809882197 28
1694492895058 1.5970363416285542 29
1694492895451 2.281548993188144 30
1694492895847 3.414761830660721 31
1694492896192 4.198080364198907 32
1694492896562 5.76871003921221 33
1694492896900 4.766191419843759 34
1694492897304 4.236075090241462 35
1694492897676 4.004555120451772 36
1694492898055 3.0509190805923017 37
1694492898434 2.2613132526286286 38
1694492898797 4.5953033374435055 39
1694492899200 4.693391936132649 40
1694492899548 2.514648191303016 41
1694492899910 2.1761356865435606 42
1694492900268 3.182931965947596 43
1694492900616 2.93778852742921 44
1694492900957 3.3974087775995354 45
1694492901336 1.7214327761963235 46
1694492901682 5.2369257978447346 47
1694492902053 1.3481783483274141 48
1694492902400 0.743974734671334 49
