1694511687696 2.925047292903092 0
1694511687971 2.084376997082326 1
1694511688292 1.5740412035075277 2
1694511688601 1.180213614590016 3
1694511688924 0.9061970511956549 4
1694511689227 0.7219578496187927 5
1694511689536 0.5778116710858171 6
1694511689852 0.463338963978715 7
1694511690150 0.4039753471827953 8
1694511690491 0.3714643297251339 9
1694511690826 0.29787191251318723 10
1694511691125 0.27210240060428337 11
1694511691446 0.2550733674890062 12
1694511691759 0.29442380430185233 13
1694511692100 0.22309794928175966 14
1694511692424 0.21920759395966158 15
1694511692759 0.2789587157504191 16
1694511693098 0.21318416460755252 17
1694511693415 0.21972207153090054 18
1694511693773 0.1991554733488667 19
1694511694120 0.19808523574191936 20
1694511694424 0.19601981799142382 21
1694511694749 0.1995541402932471 22
1694511695061 0.20279052239921558 23
1694511695381 0.21978997351416857 24
1694511695703 0.224647396023055 25
1694511696049 0.19998741125941327 26
1694511696353 0.2022354735432507 27
1694511696679 0.1989796116516361 28
1694511696975 0.19318508870552337 29
1694511697293 0.2060779116926978 30
1694511697594 0.249213929184726 31
1694511697875 0.2581295016642105 32
1694511698174 0.19856728393664586 33
1694511698519 0.21030723166455684 34
1694511698827 0.21570779544640203 35
1694511699139 0.19647197952542794 36
1694511699496 0.19872814525495144 37
1694511699814 0.19407027516887293 38
1694511700098 0.20366191835673073 39
1694511700408 0.19593369416304923 40
1694511700736 0.19757193005419296 41
1694511701060 0.1942663584867378 42
1694511701402 0.19306529751897886 43
1694511701725 0.19600735165898406 44
1694511702076 0.20238593693507412 45
1694511702387 0.20388650672689448 46
1694511702727 0.20277888155449522 47
1694511703048 0.19599052513817775 48
1694511703365 0.21832032043518732 49
