1694511687790 -3.313498107945567 0
1694511688079 -2.073781492345173 1
1694511688412 -1.3212013595921803 2
1694511688724 -0.7404331225198737 3
1694511689024 -0.336347372995385 4
1694511689335 -0.06465417701206588 5
1694511689661 0.14791478550630321 6
1694511689958 0.3167249810596956 7
1694511690279 0.4042671036610236 8
1694511690610 0.4522103326923137 9
1694511690937 0.5607353309626202 10
1694511691242 0.5987370210998813 11
1694511691536 0.6238493337455981 12
1694511691881 0.5658201746441809 13
1694511692198 0.6710027272214472 14
1694511692562 0.6767397422645273 15
1694511692893 0.5886261752061787 16
1694511693216 0.6856223511634347 17
1694511693556 0.6759810543501459 18
1694511693886 0.7063101305877582 19
1694511694228 0.7078883846911432 20
1694511694554 0.7109342074306578 21
1694511694845 0.7057222258675653 22
1694511695173 0.7009496096693402 23
1694511695481 0.6758809209003165 24
1694511695818 0.6687177947339773 25
1694511696147 0.7050832914143277 26
1694511696471 0.7017681270983851 27
1694511696782 0.7065694696760885 28
1694511697074 0.715114515708386 29
1694511697400 0.696101774377268 30
1694511697679 0.6324901089222796 31
1694511697985 0.6193425249106245 32
1694511698326 0.7071775196118208 33
1694511698629 0.6898648961767777 34
1694511698937 0.6819008124126111 35
1694511699278 0.7102674155035171 36
1694511699616 0.7069403012277502 37
1694511699912 0.713809152152692 38
1694511700195 0.6996645826466549 39
1694511700534 0.7110612122047837 40
1694511700856 0.7086453444566068 41
1694511701189 0.7135199927183602 42
1694511701524 0.7152911689398611 43
1694511701855 0.7109525912364589 44
1694511702173 0.7015462422907377 45
1694511702523 0.6993333874854284 46
1694511702832 0.7009667761479124 47
1694511703145 0.7109774049089892 48
1694511703459 0.6780481835599332 49
