1694511687595 0.24597545429043724 0
1694511687898 0.5961874586483743 1
1694511688198 3.561468218579521 2
1694511688524 0.05871137516391511 3
1694511688833 0.14801945172680198 4
1694511689147 0.09721239958135064 5
1694511689445 2.926449955783161 6
1694511689771 1.0803750924449491 7
1694511690067 0.021852964611990478 8
1694511690401 0.16903272577967252 9
1694511690741 0.1391521604455125 10
1694511691048 0.10471491528388523 11
1694511691363 0.0003528481356769475 12
1694511691669 0.16244541054743322 13
1694511692010 0.0032648447338671487 14
1694511692325 0.5204862725764321 15
1694511692677 0.0006828649165897306 16
1694511693007 0.034720453548107336 17
1694511693321 0.1114268410614111 18
1694511693671 0.005890241266409435 19
1694511694008 0.002917468418286195 20
1694511694348 0.07193676046357964 21
1694511694666 0.061141975006782284 22
1694511694971 0.10217678903880925 23
1694511695290 0.0031942294529236272 24
1694511695604 0.40531580656841165 25
1694511695942 0.01727866355390902 26
1694511696269 0.0038155315368604953 27
1694511696580 0.19891114246199984 28
1694511696889 0.4063995785972259 29
1694511697202 0.029836606936978777 30
1694511697510 0.014521454556215627 31
1694511697789 0.3935881911315739 32
1694511698093 0.034682529376960085 33
1694511698439 0.1350112173531823 34
1694511698746 0.03229561567967548 35
1694511699054 0.00025993181665771793 36
1694511699413 0.18276315465326498 37
1694511699722 0.059434954159366275 38
1694511700019 0.151486051952311 39
1694511700317 0.042586653721025096 40
1694511700651 0.17637563750179974 41
1694511700970 0.23718628933793912 42
1694511701302 0.07458167346768964 43
1694511701644 0.16062117979900797 44
1694511701977 0.1533652775665483 45
1694511702294 0.03186508355127041 46
1694511702645 0.047350406045555446 47
1694511702957 0.03341793097654849 48
1694511703267 0.09945404673827558 49
