1694510670373 162.38359962014044 0
1694510670691 156.05722575033732 1
1694510671042 149.99146235131352 2
1694510671346 144.17542017760493 3
1694510671724 138.59866788069468 4
1694510672096 133.25121269071442 5
1694510672426 128.1234819147235 6
1694510672748 123.20630521700608 7
1694510673077 118.49089764829301 8
1694510673416 113.96884339221516 9
1694510673748 109.6320801986376 10
1694510674100 105.4728844748099 11
1694510674438 101.48385700649844 12
1694510674799 97.65790928244506 13
1694510675085 93.98825039662604 14
1694510675388 90.46837450386558 15
1694510675716 87.09204880539374 16
1694510676040 83.85330204192961 17
1694510676376 80.74641347282024 18
1694510676709 77.76590232067454 19
1694510677044 74.9065176618026 20
1694510677371 72.16322874360338 21
1694510677692 69.53121571084351 22
1694510678028 67.00586072353339 23
1694510678401 64.5827394498393 24
1694510678710 62.257612918171475 25
1694510679036 60.02641971325949 26
1694510679393 57.88526850166873 27
1694510679709 55.83043087282854 28
1694510680009 53.858334482231186 29
1694510680330 51.96555648402605 30
1694510680688 50.14881724077421 31
1694510681034 48.404974298646174 32
1694510681375 46.73101661684154 33
1694510681713 45.12405904048442 34
1694510682042 43.58133700670292 35
1694510682339 42.10020147403695 36
1694510682665 40.678114065735215 37
1694510682993 39.31264241790206 38
1694510683369 38.00145572383715 39
1694510683688 36.74232046627728 40
1694510684038 35.533096329600454 41
1694510684359 34.3717322843882 42
1694510684674 33.25626283706411 43
1694510685021 32.18480443763397 44
1694510685352 31.15555203884897 45
1694510685660 30.16677580039482 46
1694510686028 29.21681793198116 47
1694510686345 28.30408966946431 48
1694510686654 27.427068378384472 49
