1694510670496 -228.77113120764972 0
1694510670816 -219.81937694239394 1
1694510671166 -211.2363838255275 2
1694510671469 -203.00674368618755 3
1694510671864 -195.1156962730041 4
1694510672208 -187.5491019189054 5
1694510672533 -180.29341536137213 6
1694510672863 -173.33566066923945 7
1694510673207 -166.66340722921942 8
1694510673519 -160.26474674729903 9
1694510673882 -154.12827122206733 10
1694510674226 -148.24305184884574 11
1694510674560 -142.59861881523642 12
1694510674893 -137.1849419503713 13
1694510675204 -131.9924121917425 14
1694510675486 -127.01182383502402 15
1694510675811 -122.234357533759 16
1694510676155 -117.6515640171903 17
1694510676485 -113.25534849585489 18
1694510676816 -109.03795572584887 19
1694510677163 -104.99195570390258 20
1694510677472 -101.11022996658332 21
1694510677798 -97.38595846807478 22
1694510678153 -93.81260701206259 23
1694510678512 -90.38391521429216 24
1694510678828 -87.09388497335661 25
1694510679161 -83.93676942822331 26
1694510679514 -80.90706238191629 27
1694510679825 -77.99948817164427 28
1694510680116 -75.20899196649748 29
1694510680448 -72.53073047463558 30
1694510680802 -69.96006304265478 31
1694510681166 -67.49254313055437 32
1694510681481 -65.12391014642462 33
1694510681834 -62.85008162565026 34
1694510682144 -60.6671457400673 35
1694510682451 -58.57135412312685 36
1694510682776 -56.55911499771016 37
1694510683107 -54.62698659380401 38
1694510683493 -52.77167084378693 39
1694510683838 -50.99000734359512 40
1694510684166 -49.278967568532956 41
1694510684468 -47.63564933296889 42
1694510684777 -46.05727148361223 43
1694510685142 -44.54116881650235 44
1694510685461 -43.08478720825966 45
1694510685762 -41.68567895254714 46
1694510686135 -40.34149829307405 47
1694510686452 -39.049997144840624 48
1694510686772 -37.80902099567282 49
