1694510670254 169.17813275916612 0
1694510670572 162.49000205166772 1
1694510670900 156.1475773659169 2
1694510671236 150.066675481471 3
1694510671575 144.23637077266443 4
1694510671966 138.64619669573685 5
1694510672289 133.28612643973395 6
1694510672626 128.14655439443465 7
1694510672968 123.21827840076251 8
1694510673297 118.49248275060017 9
1694510673617 113.96072190432602 10
1694510673974 109.61490489573234 11
1694510674318 105.44728039526848 12
1694510674662 101.45042240378164 13
1694510674980 97.61721655010565 14
1694510675289 93.94084696697499 15
1694510675596 90.41478372082197 16
1694510675907 87.03277077204835 17
1694510676261 83.78881444335325 18
1694510676590 80.67717237464744 19
1694510676916 77.69234294399287 20
1694510677246 74.82905513487485 21
1694510677580 72.08225883094869 22
1694510677893 69.44711552019933 23
1694510678250 66.91898939121658 24
1694510678605 64.49343880502045 25
1694510678929 62.166208126571334 26
1694510679254 59.93321990077122 27
1694510679599 57.790567358403884 28
1694510679912 55.734507238078365 29
1694510680217 53.7614529108285 30
1694510680549 51.86796779458619 31
1694510680900 50.05075904628628 32
1694510681248 48.30667151987872 33
1694510681588 46.63268197901942 34
1694510681934 45.02589355368555 35
1694510682230 43.4835304304163 36
1694510682535 42.002932766315155 37
1694510682882 40.58155181736647 38
1694510683237 39.21694527201924 39
1694510683579 37.906772781372624 40
1694510683938 36.64879167766436 41
1694510684251 35.44085287311413 42
1694510684570 34.280896931509645 43
1694510684892 33.16695030524481 44
1694510685227 32.09712173082795 45
1694510685549 31.069598776172526 46
1694510685862 30.0826445332657 47
1694510686231 29.1345944500808 48
1694510686544 28.22385329585877 49
