1694509125797 167.9239709584242 0
1694509126110 167.25575681657347 1
1694509126390 166.59046866915355 2
1694509126695 165.9280932918228 3
1694509127012 165.2686175209723 4
1694509127329 164.6120282534444 5
1694509127622 163.95831244625282 6
1694509127918 163.307457116304 7
1694509128260 162.65944934011972 8
1694509128574 162.01427625356115 9
1694509128971 161.37192505155403 10
1694509129290 160.732382987815 11
1694509129607 160.09563737457975 12
1694509129934 159.46167558233165 13
1694509130291 158.83048503953233 14
1694509130621 158.20205323235322 15
1694509130970 157.57636770440817 16
1694509131302 156.95341605648778 17
1694509131633 156.33318594629435 18
1694509131959 155.71566508817867 19
1694509132341 155.1008412528777 20
1694509132712 154.4887022672535 21
1694509133097 153.87923601403335 22
1694509133448 153.27243043155127 23
1694509133835 152.6682735134905 24
1694509134197 152.0667533086274 25
1694509134573 151.46785792057622 26
1694509134964 150.87157550753548 27
1694509135377 150.27789428203522 28
1694509135749 149.68680251068557 29
1694509136128 149.09828851392626 30
1694509136476 148.51234066577783 31
1694509136867 147.92894739359318 32
1694509137242 147.34809717781116 33
1694509137653 146.76977855171066 34
1694509138041 146.19398010116603 35
1694509138367 145.6206904644038 36
1694509138741 145.04989833176037 37
1694509139167 144.4815924454408 38
1694509139537 143.9157615992789 39
1694509139929 143.35239463849808 40
1694509140303 142.79148045947386 41
1694509140664 142.23300800949707 42
1694509141065 141.67696628653798 43
1694509141470 141.1233443390122 44
1694509141872 140.57213126554714 45
1694509142264 140.02331621474957 46
1694509142631 139.47688838497444 47
1694509142988 138.9328370240948 48
1694509143330 138.39115142927255 49
