1694509125900 -236.61069993679376 0
1694509126204 -235.66518376631132 1
1694509126484 -234.72380784799623 2
1694509126811 -233.78655346954048 3
1694509127104 -232.85340200457222 4
1694509127430 -231.92433491225748 5
1694509127732 -230.99933373690416 6
1694509128017 -230.0783801075678 7
1694509128362 -229.16145573765903 8
1694509128699 -228.24854242455308 9
1694509129082 -227.33962204920093 10
1694509129401 -226.43467657574215 11
1694509129705 -225.53368805112007 12
1694509130051 -224.63663860469796 13
1694509130418 -223.74351044787775 14
1694509130733 -222.85428587372004 15
1694509131103 -221.96894725656603 16
1694509131409 -221.08747705166124 17
1694509131755 -220.20985779478087 18
1694509132085 -219.33607210185698 19
1694509132472 -218.46610266860762 20
1694509132878 -217.59993227016713 21
1694509133224 -216.73754376071872 22
1694509133572 -215.87892007312846 23
1694509133961 -215.02404421858108 24
1694509134345 -214.1728992862174 25
1694509134724 -213.32546844277343 26
1694509135124 -212.48173493222126 27
1694509135517 -211.64168207541158 28
1694509135907 -210.8052932697178 29
1694509136240 -209.97255198868177 30
1694509136600 -209.1434417816615 31
1694509137029 -208.3179462734798 32
1694509137380 -207.4960491640756 33
1694509137796 -206.6777342281559 34
1694509138154 -205.86298531484977 35
1694509138494 -205.051786347364 36
1694509138912 -204.24412132264038 37
1694509139309 -203.43997431101437 38
1694509139684 -202.63932945587544 39
1694509140067 -201.842170973329 40
1694509140436 -201.04848315185998 41
1694509140793 -200.25825035199807 42
1694509141211 -199.47145700598386 43
1694509141613 -198.68808761743753 44
1694509142016 -197.90812676102848 45
1694509142394 -197.1315590821463 46
1694509142751 -196.35836929657393 47
1694509143111 -195.58854219016166 48
1694509143459 -194.82206261850325 49
