1694509125677 168.7253591854632 0
1694509125976 168.05216264062673 1
1694509126281 167.3819173036049 2
1694509126565 166.71460983599948 3
1694509126909 166.05022696062943 4
1694509127212 165.3887554612474 5
1694509127532 164.73018218225798 6
1694509127830 164.074494028437 7
1694509128121 163.4216779646523 8
1694509128467 162.77172101558574 9
1694509128808 162.12461026545634 10
1694509129169 161.48033285774505 11
1694509129508 160.83887599492044 12
1694509129817 160.2002269381659 13
1694509130152 159.56437300710817 14
1694509130514 158.9313015795466 15
1694509130832 158.3010000911845 16
1694509131205 157.67345603536114 17
1694509131510 157.048656962785 18
1694509131848 156.4265904812687 19
1694509132187 155.80724425546455 20
1694509132592 155.19060600660214 21
1694509132977 154.57666351222608 22
1694509133336 153.96540460593596 23
1694509133690 153.35681717712703 24
1694509134068 152.75088917073197 25
1694509134450 152.1476085869643 26
1694509134835 151.5469634810626 27
1694509135226 150.948941963036 28
1694509135622 150.35353219741103 29
1694509136007 149.76072240297938 30
1694509136355 149.1705008525472 31
1694509136707 148.58285587268497 32
1694509137129 147.99777584347922 33
1694509137489 147.41524919828493 34
1694509137892 146.83526442347926 35
1694509138257 146.2578100582164 36
1694509138610 145.6828746941835 37
1694509139027 145.11044697535797 38
1694509139407 144.5405155977654 39
1694509139807 143.97306930923912 40
1694509140184 143.4080969091809 41
1694509140530 142.8455872483221 42
1694509140904 142.28552922848658 43
1694509141308 141.72791180235475 44
1694509141728 141.17272397322805 45
1694509142119 140.61995479479518 46
1694509142508 140.0695933708992 47
1694509142852 139.52162885530558 48
1694509143210 138.9760504514716 49
