1694509149365 167.93053435162028 0
1694509149681 167.86329718879864 1
1694509149982 167.79608945910357 2
1694509150290 167.72891114926202 3
1694509150604 167.66176224600702 4
1694509150911 167.5946427360777 5
1694509151186 167.52755260621927 6
1694509151498 167.46049184318295 7
1694509151764 167.3934604337261 8
1694509152061 167.32645836461214 9
1694509152335 167.25948562261044 10
1694509152666 167.1925421944967 11
1694509153000 167.12562806705236 12
1694509153306 167.0587432270651 13
1694509153652 166.9918876613286 14
1694509153974 166.9250613566426 15
1694509154275 166.8582642998129 16
1694509154620 166.79149647765138 17
1694509154963 166.72475787697581 18
1694509155308 166.6580484846102 19
1694509155633 166.59136828738448 20
1694509155970 166.52471727213455 21
1694509156320 166.45809542570248 22
1694509156637 166.39150273493632 23
1694509156995 166.32493918669016 24
1694509157302 166.25840476782398 25
1694509157621 166.191899465204 26
1694509157916 166.12542326570224 27
1694509158251 166.0589761561969 28
1694509158590 165.99255812357214 29
1694509158919 165.92616915471802 30
1694509159290 165.8598092365308 31
1694509159634 165.79347835591255 32
1694509159946 165.72717649977153 33
1694509160278 165.66090365502177 34
1694509160580 165.59465980858351 35
1694509160916 165.5284449473829 36
1694509161245 165.46225905835206 37
1694509161587 165.39610212842902 38
1694509161907 165.32997414455798 39
1694509162298 165.26387509368897 40
1694509162678 165.19780496277806 41
1694509162988 165.1317637387873 42
1694509163321 165.06575140868463 43
1694509163664 164.9997679594441 44
1694509164013 164.9338133780456 45
1694509164372 164.86788765147503 46
1694509164705 164.80199076672432 47
1694509164987 164.7361227107912 48
1694509165341 164.67028347067946 49
