1694509149473 -246.64318988944316 0
1694509149796 -246.54403683461274 1
1694509150102 -246.44492718411843 2
1694509150413 -246.34586091838676 3
1694509150701 -246.24683801785318 4
1694509151007 -246.14785846296232 5
1694509151281 -246.04892223416755 6
1694509151590 -245.95002931193125 7
1694509151875 -245.8511796767248 8
1694509152142 -245.7523733090285 9
1694509152438 -245.6536101893316 10
1694509152786 -245.55489029813234 11
1694509153108 -245.45621361593774 12
1694509153424 -245.35758012326386 13
1694509153779 -245.2589898006357 14
1694509154069 -245.16044262858708 15
1694509154399 -245.06193858766088 16
1694509154737 -244.96347765840883 17
1694509155104 -244.86505982139147 18
1694509155424 -244.76668505717845 19
1694509155750 -244.6683533463482 20
1694509156088 -244.57006466948792 21
1694509156419 -244.4718190071939 22
1694509156758 -244.3736163400713 23
1694509157101 -244.27545664873415 24
1694509157418 -244.17733991380516 25
1694509157719 -244.07926611591625 26
1694509158054 -243.98123523570794 27
1694509158375 -243.8832472538298 28
1694509158712 -243.78530215094017 29
1694509159036 -243.68739990770618 30
1694509159400 -243.58954050480403 31
1694509159744 -243.49172392291857 32
1694509160059 -243.39395014274362 33
1694509160398 -243.2962191449817 34
1694509160713 -243.19853091034437 35
1694509161022 -243.10088541955184 36
1694509161373 -243.00328265333337 37
1694509161698 -242.9057225924267 38
1694509162053 -242.8082052175788 39
1694509162438 -242.7107305095451 40
1694509162782 -242.61329844909008 41
1694509163124 -242.51590901698697 42
1694509163439 -242.41856219401774 43
1694509163775 -242.32125796097324 44
1694509164125 -242.22399629865313 45
1694509164486 -242.1267771878657 46
1694509164801 -242.02960060942837 47
1694509165115 -241.93246654416697 48
1694509165450 -241.8353749729163 49
