1694509149222 168.69469747911808 0
1694509149571 168.62785545584487 1
1694509149874 168.56104255486358 2
1694509150186 168.49425876306398 3
1694509150500 168.42750406734166 4
1694509150794 168.3607784545985 5
1694509151082 168.294081911742 6
1694509151363 168.22741442568608 7
1694509151673 168.16077598335028 8
1694509151957 168.0941665716603 9
1694509152231 168.02758617754793 10
1694509152541 167.96103478795072 11
1694509152891 167.89451238981243 12
1694509153203 167.82801897008258 13
1694509153524 167.76155451571685 14
1694509153875 167.69511901367676 15
1694509154169 167.62871245092995 16
1694509154492 167.56233481444988 17
1694509154847 167.49598609121608 18
1694509155201 167.42966626821396 19
1694509155523 167.36337533243497 20
1694509155853 167.29711327087645 21
1694509156187 167.2308800705418 22
1694509156517 167.16467571844024 23
1694509156862 167.098500201587 24
1694509157196 167.0323535070033 25
1694509157523 166.96623562171624 26
1694509157815 166.9001465327589 27
1694509158153 166.8340862271703 28
1694509158483 166.76805469199536 29
1694509158823 166.70205191428497 30
1694509159150 166.6360778810959 31
1694509159499 166.57013257949095 32
1694509159836 166.50421599653868 33
1694509160168 166.4383281193138 34
1694509160486 166.37246893489674 35
1694509160811 166.3066384303739 36
1694509161119 166.2408365928377 37
1694509161479 166.17506340938635 38
1694509161792 166.10931886712393 39
1694509162152 166.04360295316062 40
1694509162536 165.97791565461233 41
1694509162874 165.91225695860086 42
1694509163220 165.84662685225413 43
1694509163545 165.7810253227057 44
1694509163874 165.71545235709507 45
1694509164223 165.64990794256784 46
1694509164581 165.58439206627517 47
1694509164891 165.51890471537442 48
1694509165214 165.4534458770286 49
