1694509166621 169.66529218095098 0
1694509166962 169.59798610932148 1
1694509167273 169.53070958440068 2
1694509167564 169.46346259277436 3
1694509167849 169.3962451210344 4
1694509168188 169.3290571557789 5
1694509168508 169.2618986836122 6
1694509168810 169.19476969114467 7
1694509169107 169.12767016499308 8
1694509169441 169.0606000917802 9
1694509169733 168.9935594581351 10
1694509170039 168.92654825069295 11
1694509170372 168.85956645609514 12
1694509170696 168.79261406098917 13
1694509170987 168.7256910520288 14
1694509171300 168.6587974158738 15
1694509171652 168.59193313919025 16
1694509171950 168.5250982086504 17
1694509172255 168.45829261093243 18
1694509172584 168.39151633272095 19
1694509172893 168.32476936070657 20
1694509173197 168.25805168158607 21
1694509173508 168.19136328206235 22
1694509173878 168.12470414884453 23
1694509174204 168.05807426864772 24
1694509174523 167.99147362819335 25
1694509174861 167.92490221420886 26
1694509175182 167.85836001342784 27
1694509175523 167.79184701259 28
1694509175834 167.7253631984412 29
1694509176155 167.6589085577334 30
1694509176455 167.5924830772247 31
1694509176776 167.5260867436793 32
1694509177098 167.4597195438675 33
1694509177389 167.3933814645657 34
1694509177696 167.3270724925564 35
1694509178009 167.26079261462834 36
1694509178332 167.19454181757615 37
1694509178666 167.12832008820067 38
1694509179063 167.06212741330884 39
1694509179382 166.9959637797137 40
1694509179684 166.92982917423424 41
1694509180019 166.86372358369576 42
1694509180328 166.79764699492947 43
1694509180634 166.73159939477276 44
1694509180961 166.665580770069 45
1694509181294 166.59959110766775 46
1694509181589 166.53363039442456 47
1694509181882 166.46769861720105 48
1694509182195 166.40179576286494 49
