1694509166755 -236.71432308177066 0
1694509167066 -236.62002201965578 1
1694509167379 -236.525762354787 2
1694509167648 -236.43154406836993 3
1694509167973 -236.33736714161884 4
1694509168294 -236.24323155575655 5
1694509168602 -236.14913729201464 6
1694509168921 -236.05508433163334 7
1694509169219 -235.96107265586159 8
1694509169541 -235.86710224595691 9
1694509169834 -235.77317308318555 10
1694509170166 -235.6792851488223 11
1694509170484 -235.58543842415077 12
1694509170793 -235.49163289046302 13
1694509171102 -235.39786852905996 14
1694509171411 -235.30414532125093 15
1694509171752 -235.21046324835393 16
1694509172041 -235.11682229169585 17
1694509172381 -235.02322243261176 18
1694509172701 -234.92966365244573 19
1694509173001 -234.8361459325503 20
1694509173316 -234.74266925428654 21
1694509173628 -234.6492335990243 22
1694509173984 -234.55583894814197 23
1694509174307 -234.46248528302633 24
1694509174646 -234.36917258507316 25
1694509174990 -234.27590083568646 26
1694509175299 -234.18267001627902 27
1694509175636 -234.08948010827214 28
1694509175966 -233.9963310930957 29
1694509176246 -233.90322295218823 30
1694509176585 -233.81015566699668 31
1694509176884 -233.71712921897677 32
1694509177199 -233.6241435895926 33
1694509177492 -233.53119876031687 34
1694509177804 -233.4382947126309 35
1694509178127 -233.34543142802463 36
1694509178447 -233.25260888799622 37
1694509178829 -233.15982707405277 38
1694509179188 -233.0670859677097 39
1694509179488 -232.97438555049104 40
1694509179798 -232.88172580392916 41
1694509180121 -232.78910670956535 42
1694509180438 -232.69652824894902 43
1694509180742 -232.60399040363836 44
1694509181070 -232.51149315519993 45
1694509181406 -232.4190364852089 46
1694509181691 -232.32662037524884 47
1694509181984 -232.23424480691193 48
1694509182310 -232.1419097617988 49
