1694509166506 168.95975546614937 0
1694509166828 168.89198219374776 1
1694509167155 168.8242388313131 2
1694509167471 168.7565253652263 3
1694509167739 168.68884178187454 4
1694509168067 168.6211880676514 5
1694509168385 168.55356420895654 6
1694509168690 168.48597019219625 7
1694509169005 168.41840600378282 8
1694509169300 168.3508716301349 9
1694509169630 168.2833670576775 10
1694509169932 168.2158922728418 11
1694509170256 168.14844726206536 12
1694509170568 168.08103201179196 13
1694509170882 168.0136465084716 14
1694509171192 167.94629073856066 15
1694509171514 167.87896468852168 16
1694509171849 167.81166834482354 17
1694509172138 167.74440169394134 18
1694509172479 167.67716472235642 19
1694509172787 167.60995741655645 20
1694509173096 167.54277976303524 21
1694509173408 167.47563174829293 22
1694509173730 167.40851335883585 23
1694509174075 167.3414245811766 24
1694509174405 167.27436540183405 25
1694509174734 167.20733580733318 26
1694509175080 167.1403357842054 27
1694509175399 167.0733653189882 28
1694509175724 167.00642439822536 29
1694509176052 166.93951300846683 30
1694509176349 166.8726311362688 31
1694509176663 166.8057787681938 32
1694509176965 166.7389558908103 33
1694509177285 166.67216249069327 34
1694509177574 166.60539855442372 35
1694509177898 166.53866406858896 36
1694509178229 166.4719590197824 37
1694509178534 166.40528339460369 38
1694509178935 166.33863717965875 39
1694509179280 166.27202036155967 40
1694509179575 166.20543292692466 41
1694509179901 166.13887486237815 42
1694509180218 166.0723461545508 43
1694509180531 166.00584679007937 44
1694509180841 165.93937675560693 45
1694509181162 165.87293603778258 46
1694509181493 165.8065246232617 47
1694509181780 165.74014249870575 48
1694509182083 165.67378965078248 49
