1694492769885 -231.00610338174354 0
1694492770252 -224.045967684112 1
1694492770591 -217.3079089171563 2
1694492771019 -210.7815573460621 3
1694492771386 -204.46163258703487 4
1694492771724 -198.34104191755156 5
1694492772082 -192.4168563541444 6
1694492772449 -186.67779032426165 7
1694492772819 -181.12071820782253 8
1694492773158 -175.73888756000252 9
1694492773531 -170.52745612422797 10
1694492773892 -165.48105665166085 11
1694492774262 -160.59287435757227 12
1694492774599 -155.85838463113768 13
1694492774968 -151.27298354122325 14
1694492775388 -146.83299544165158 15
1694492775737 -142.53256656632357 16
1694492776102 -138.36797278211807 17
1694492776490 -134.3337667294891 18
1694492776875 -130.42702725709714 19
1694492777280 -126.64206711052535 20
1694492777654 -122.97561063225518 21
1694492778050 -119.42401128354142 22
1694492778515 -115.98458209344831 23
1694492778871 -112.65272776900711 24
1694492779251 -109.42489237564104 25
1694492779642 -106.29801116968191 26
1694492779954 -103.26883823637579 27
1694492780305 -100.33418260654331 28
1694492780660 -97.49099790228563 29
1694492781150 -94.73656856297089 30
1694492781608 -92.06843988389002 31
1694492781997 -89.48292821747506 32
1694492782351 -86.97770889538809 33
1694492782802 -84.55069812508016 34
1694492783156 -82.19906492228674 35
1694492783523 -79.92026378867932 36
1694492783859 -77.71270937495186 37
1694492784212 -75.572773150197 38
1694492784578 -73.49962829528678 39
1694492784950 -71.49002743904532 40
1694492785320 -69.54284061147169 41
1694492785665 -67.65584224501703 42
1694492786051 -65.82712778295915 43
1694492786426 -64.05450864105134 44
1694492786761 -62.336589713085935 45
1694492787095 -60.67134670095165 46
1694492787490 -59.057224305325875 47
1694492787807 -57.49244754973882 48
1694492788137 -55.97591744305765 49
