1694492769607 160.4098700113385 0
1694492769990 159.64033765627727 1
1694492770349 161.63548814224367 2
1694492770731 147.7201141096215 3
1694492771134 142.40294943649957 4
1694492771499 131.40797466709046 5
1694492771822 143.09833509804812 6
1694492772192 137.8234209724557 7
1694492772552 130.11937039986339 8
1694492772937 131.0685640109691 9
1694492773262 116.49725410713788 10
1694492773635 123.00214951310323 11
1694492773998 107.87964658282002 12
1694492774368 105.03666353443406 13
1694492774736 107.99328388886838 14
1694492775072 105.29104318474003 15
1694492775499 110.09439883897667 16
1694492775857 88.61262150009357 17
1694492776210 94.34432718317942 18
1694492776618 94.94533230509028 19
1694492776977 90.51727932905472 20
1694492777385 83.36221413045543 21
1694492777785 84.84958516710472 22
1694492778176 79.07811582075115 23
1694492778616 78.0399881313934 24
1694492778981 71.60442990639592 25
1694492779366 72.64315929965572 26
1694492779729 75.51484297867174 27
1694492780051 76.48903283249084 28
1694492780419 81.58450810377107 29
1694492780783 67.7472082614565 30
1694492781323 69.82315492060079 31
1694492781756 64.34144228344272 32
1694492782095 65.98800993897272 33
1694492782468 62.23563282574125 34
1694492782895 56.93026146122384 35
1694492783266 59.26174656133839 36
1694492783623 49.345191864781285 37
1694492783948 55.11368897677265 38
1694492784333 51.40050191165329 39
1694492784692 49.12402199638628 40
1694492785081 47.13459931456472 41
1694492785416 54.51328719062718 42
1694492785773 42.38520101485281 43
1694492786152 44.428317156521125 44
1694492786518 48.60535772707901 45
1694492786863 42.72052566005901 46
1694492787202 47.996809399294094 47
1694492787578 45.74069120890181 48
1694492787904 40.14864878552676 49
