1694493013464 162.99509864976406 0
1694493013805 156.68557776024022 1
1694493014133 150.63590024791054 2
1694493014468 144.83529183872466 3
1694493014809 139.2733077374854 4
1694493015108 133.939920933594 5
1694493015422 128.82563861677036 6
1694493015784 123.92126267941555 7
1694493016107 119.21796864005181 8
1694493016418 114.70744490057221 9
1694493016745 110.38159186778077 10
1694493017075 106.23264482389695 11
1694493017436 102.2533222157256 12
1694493017746 98.43649290709678 13
1694493018045 94.77532659449952 14
1694493018399 91.26343906421334 15
1694493018720 87.89455345585309 16
1694493019048 84.66266379845277 17
1694493019397 81.56216675609025 18
1694493019723 78.58749861849121 19
1694493020033 75.73351378954742 20
1694493020410 72.99511224098258 21
1694493020745 70.36756463121972 22
1694493021072 67.84622357290434 23
1694493021435 65.426655429452 24
1694493021769 63.10469301999737 25
1694493022115 60.87624135325804 26
1694493022444 58.73746041253779 27
1694493022771 56.6846089565972 28
1694493023109 54.71414367353536 29
1694493023438 52.8226511436747 30
1694493023788 51.00687814747347 31
1694493024127 49.263663959145276 32
1694493024472 47.59005066083591 33
1694493024886 45.98311228444861 34
1694493025192 44.4401624504871 35
1694493025489 42.95854266551337 36
1694493025840 41.53565753726624 37
1694493026162 40.1692000444868 38
1694493026471 38.85672255235619 39
1694493026783 37.59614385869241 40
1694493027099 36.385275245571314 41
1694493027405 35.22207588946342 42
1694493027711 34.10447120384365 43
1694493028036 33.03080110590402 44
1694493028384 31.99917477377491 45
1694493028674 31.007727019075322 46
1694493029010 30.055073476212186 47
1694493029359 29.13951332311352 48
1694493029661 28.25953206613533 49
