1694493013569 -227.36886108592867 0
1694493013927 -218.5287296250768 1
1694493014249 -210.0526590261902 2
1694493014578 -201.9255536899884 3
1694493014918 -194.1327796427923 4
1694493015213 -186.66028825976898 5
1694493015540 -179.4947793724463 6
1694493015881 -172.62336571382107 7
1694493016218 -166.0336834962614 8
1694493016535 -159.71408752178766 9
1694493016838 -153.65322962785538 10
1694493017219 -147.84023083852674 11
1694493017541 -142.2648891291772 12
1694493017849 -136.91721322118008 13
1694493018171 -131.7876333259553 14
1694493018505 -126.86720466155332 15
1694493018848 -122.14713285643023 16
1694493019160 -117.61900307627154 17
1694493019498 -113.27496460989987 18
1694493019835 -109.10722226476477 19
1694493020153 -105.10856665891195 20
1694493020516 -101.27185225447792 21
1694493020856 -97.59045287461095 22
1694493021179 -94.05785716672456 23
1694493021573 -90.66785325975245 24
1694493021879 -87.41460260789758 25
1694493022230 -84.29236780860573 26
1694493022549 -81.29576869862827 27
1694493022890 -78.4195635068446 28
1694493023211 -75.65878777659323 29
1694493023550 -73.00865904036054 30
1694493023905 -70.46461928353281 31
1694493024219 -68.02224008247013 32
1694493024606 -65.67737716328243 33
1694493024987 -63.42593101618462 34
1694493025296 -61.2641378137298 35
1694493025619 -59.188272799016254 36
1694493025954 -57.19469962481839 37
1694493026259 -55.28018597420301 38
1694493026568 -53.44130251965922 39
1694493026891 -51.6751333344142 40
1694493027201 -49.97861185374474 41
1694493027503 -48.34887872452325 42
1694493027819 -46.78302728902886 43
1694493028188 -45.278731641615856 44
1694493028477 -43.83334259319542 45
1694493028814 -42.44424686919787 46
1694493029147 -41.10950486532569 47
1694493029463 -39.826733597043116 48
1694493029773 -38.59381114049191 49
