1694493013358 168.8767281972115 0
1694493013679 162.17452296512252 1
1694493014015 155.8258171016169 2
1694493014357 149.73990780241132 3
1694493014659 143.90611192539276 4
1694493015001 138.3136973527264 5
1694493015310 132.95239261608955 6
1694493015649 127.81277158849483 7
1694493015988 122.88539330007085 8
1694493016307 118.1612296048757 9
1694493016626 113.63201169883001 10
1694493016937 109.28943726898056 11
1694493017312 105.12557469877058 12
1694493017644 101.13316189939808 13
1694493017934 97.30490127700946 14
1694493018267 93.63382877993533 15
1694493018591 90.11355700823299 16
1694493018928 86.7376754153218 17
1694493019248 83.5000741849715 18
1694493019602 80.39512491617961 19
1694493019932 77.41714793138013 20
1694493020252 74.56095842961408 21
1694493020610 71.82136863669572 22
1694493020953 69.19359622104989 23
1694493021275 66.67292494932816 24
1694493021668 64.25487631151219 25
1694493021977 61.935210290283344 26
1694493022328 59.70980751808112 27
1694493022654 57.574742384437236 28
1694493022980 55.52627206461974 29
1694493023313 53.56075531961222 30
1694493023639 51.674798585408006 31
1694493023998 49.86508005306813 32
1694493024328 48.128355915231325 33
1694493024762 46.46171794861704 34
1694493025091 44.862113231262335 35
1694493025386 43.32692349516564 36
1694493025732 41.85341142265544 37
1694493026047 40.43889032525846 38
1694493026348 39.08114684998418 39
1694493026676 37.77758005986789 40
1694493026985 36.52621821631027 41
1694493027296 35.32478396705123 42
1694493027592 34.17121454664602 43
1694493027922 33.06333446563513 44
1694493028273 31.999621872281736 45
1694493028574 30.9780898362266 46
1694493028900 29.996767798822713 47
1694493029249 29.054428943593717 48
1694493029559 28.14927103402853 49
