1694396044659 4.280024827227318 0
1694396045321 4.67978883561472 1
1694396045973 4.722384303428599 2
1694396046730 4.60227315531078 3
1694396047477 4.84522230333187 4
1694396048168 4.646098832029224 5
1694396048848 4.512968607820523 6
1694396049591 6.993299036341676 7
1694396050388 4.789492104855369 8
1694396051146 4.582735360329416 9
1694396051773 4.2696288351252 10
1694396052465 5.03507399166085 11
1694396053156 4.101214848310589 12
1694396053924 4.92285225547535 13
1694396054717 3.8649585998438014 14
1694396055508 4.243182841261914 15
1694396056274 4.167164933152448 16
1694396056978 4.374874399969082 17
1694396057822 5.469919509388217 18
1694396058603 4.727761084654332 19
1694396059344 5.1865046281293905 20
1694396060117 5.036447540322768 21
1694396060806 4.809621939204958 22
1694396061487 4.96133191849031 23
1694396062270 4.629038400479827 24
1694396063021 5.861726626491441 25
1694396063730 4.445194875658592 26
1694396064436 4.555406521028696 27
1694396065126 4.617780995104788 28
1694396065809 5.556587380468848 29
1694396066487 4.283530142727679 30
1694396067325 4.595959348497628 31
1694396068032 4.4715973685746935 32
1694396068800 5.299630366659292 33
1694396069518 4.79221091948827 34
1694396070240 4.571726113078002 35
1694396070977 5.2990385389794135 36
1694396071717 5.160773974433989 37
1694396072366 4.544296733128706 38
1694396072955 4.324204489776883 39
1694396073658 5.401893901893486 40
1694396074293 4.053027557092418 41
1694396074940 5.440828034205449 42
1694396075557 5.014497158831096 43
1694396076284 4.5089488275857 44
1694396076909 5.130804620594849 45
1694396077537 5.720542633841353 46
1694396078218 4.700030561559806 47
1694396078952 4.36639129466213 48
1694396079593 4.1268993672487495 49
1694396080209 5.001821941440744 50
1694396080930 4.522975219612075 51
1694396081618 5.4528522926226595 52
1694396082411 4.441257899675986 53
1694396083094 4.831975196927953 54
1694396083728 4.547885596643703 55
1694396084478 5.284564156269659 56
1694396085165 8.441132088924412 57
1694396085913 4.190448635145469 58
1694396086528 4.612087411499774 59
1694396087164 4.152181574027248 60
1694396087742 5.2500921384088475 61
1694396088359 4.946059015754984 62
1694396089014 4.34157566276277 63
1694396089595 4.615404389820255 64
1694396090252 5.721108611562753 65
1694396090886 4.838743614043908 66
1694396091647 4.845715084463822 67
1694396092316 4.315468614957527 68
1694396092993 5.491060609982224 69
1694396093778 5.3075206256640275 70
1694396094428 4.121020527201072 71
1694396095041 4.459518231503269 72
1694396095807 4.5246375848598 73
1694396096548 4.749015986961339 74
1694396097187 5.2591310195516705 75
1694396097786 4.498250207769398 76
1694396098524 4.534913313439812 77
1694396099225 5.14455553768044 78
1694396099949 4.677406670252303 79
1694396100760 4.789253070038713 80
1694396101524 4.604686636453549 81
1694396102256 5.9890720235984105 82
1694396103132 4.892298655936302 83
1694396103959 4.543327301548013 84
1694396104756 4.630865812460981 85
1694396105675 3.9926475305765416 86
1694396106405 4.9299512557106855 87
1694396107132 4.917324389366901 88
1694396107883 4.895266009041331 89
1694396108593 5.009096329606623 90
1694396109272 5.434575645138638 91
1694396109943 4.281637821760963 92
1694396110602 4.7882298469162965 93
1694396111398 4.935765440496939 94
1694396112159 4.787087141973975 95
1694396112797 4.65378189637941 96
1694396113439 4.319042713433091 97
1694396114242 4.488212335160838 98
1694396114959 4.748361122239553 99
