1694396044813 -4.99664899932754 0
1694396045453 -5.556749591645006 1
1694396046196 -5.616429168225279 2
1694396046958 -5.448144070534526 3
1694396047672 -5.788534798200455 4
1694396048314 -5.5095472658540166 5
1694396049017 -5.323021425933005 6
1694396049765 -8.798158039060661 7
1694396050607 -5.710452438303741 8
1694396051282 -5.420770094108327 9
1694396051917 -4.982083402595577 10
1694396052674 -6.054531838590556 11
1694396053372 -4.746122256043339 12
1694396054157 -5.897300423081331 13
1694396054983 -4.415108803284694 14
1694396055727 -4.945030500091918 15
1694396056432 -4.838523474783162 16
1694396057263 -5.129540657303507 17
1694396058039 -6.663784364920209 18
1694396058814 -5.623962458581865 19
1694396059547 -6.266697985120803 20
1694396060321 -6.056456287522866 21
1694396060960 -5.738655908115689 22
1694396061717 -5.9512134357454665 23
1694396062486 -5.485644269047088 24
1694396063222 -7.2127367312149 25
1694396063951 -5.2280651348937255 26
1694396064568 -5.382480256207642 27
1694396065302 -5.469871765054164 28
1694396065981 -6.785212819980409 29
1694396066751 -5.001560220064824 30
1694396067506 -5.439297934159994 31
1694396068239 -5.2650570891735 32
1694396069022 -6.425195978505807 33
1694396069674 -5.714261709909837 34
1694396070449 -5.4053452790246475 35
1694396071148 -6.42436678171196 36
1694396071855 -6.230647330051466 37
1694396072503 -5.366914575824341 38
1694396073127 -5.058548156438295 39
1694396073836 -6.568475176871367 40
1694396074517 -4.678608098222217 41
1694396075114 -6.623024936508968 42
1694396075756 -6.025702089002911 43
1694396076466 -5.317389399929482 44
1694396077053 -6.1886579250913085 45
1694396077717 -7.014926932808967 46
1694396078427 -5.585109830319578 47
1694396079089 -5.117655164344096 48
1694396079737 -4.782108272715235 49
1694396080440 -6.007943119663156 50
1694396081125 -5.337041470444136 51
1694396081881 -6.6398718614956 52
1694396082589 -5.222549124113536 53
1694396083263 -5.7699745676953205 54
1694396083967 -5.3719428538541845 55
1694396084617 -6.404087041267426 56
1694396085373 -10.826685203373412 57
1694396086108 -4.871145759441156 58
1694396086713 -5.461894609825906 59
1694396087291 -4.817530618635899 60
1694396087915 -6.35578905241119 61
1694396088520 -5.929814906390685 62
1694396089115 -5.082886526262764 63
1694396089787 -5.4665419554674015 64
1694396090431 -7.015719911792427 65
1694396091106 -5.779457648603457 66
1694396091873 -5.789225223046359 67
1694396092463 -5.046308513653869 68
1694396093268 -6.693404697707827 69
1694396093985 -6.4362508475019355 70
1694396094614 -4.773871558744594 71
1694396095314 -5.248133274906979 72
1694396096093 -5.339370573966123 73
1694396096748 -5.6537422364558845 74
1694396097327 -6.368453230715797 75
1694396098074 -5.302399798138509 76
1694396098731 -5.353767672112539 77
1694396099438 -6.207924033702779 78
1694396100234 -5.553411991954954 79
1694396101007 -5.710117531859977 80
1694396101689 -5.451525546078222 81
1694396102515 -7.391157576643774 82
1694396103356 -5.854492444273325 83
1694396104170 -5.365556326479314 84
1694396105004 -5.4882046159306945 85
1694396105916 -4.594010966148953 86
1694396106619 -5.907246676754124 87
1694396107349 -5.889555451006222 88
1694396108112 -5.858649937686616 89
1694396108810 -6.0181351055222425 90
1694396109462 -6.614264851193018 91
1694396110141 -4.998908930623866 92
1694396110883 -5.708683916364549 93
1694396111701 -5.915392803654742 94
1694396112340 -5.707082897509402 95
1694396112960 -5.520311838959813 96
1694396113694 -5.051316104710501 97
1694396114436 -5.288335954781672 98
1694396115210 -5.652824719843922 99
