1694396044431 0.14060610248355998 0
1694396045109 0.2362985796181852 1
1694396045740 5.58138722264617 2
1694396046500 0.03716448473671191 3
1694396047232 0.6740079798498022 4
1694396047955 10.820929226456272 5
1694396048592 9.248029349135232 6
1694396049324 1.173192498175383 7
1694396050178 4.044564744583176 8
1694396050905 0.20398005875691086 9
1694396051548 3.122663415824345 10
1694396052202 0.69852488680942 11
1694396052914 1.481298293041861 12
1694396053675 1.4804809747532293 13
1694396054439 0.29435593811613475 14
1694396055267 22.7765938114844 15
1694396056017 0.00858605977873163 16
1694396056722 0.9770181078748165 17
1694396057573 0.38201364345718586 18
1694396058335 16.638880279644997 19
1694396059120 4.259880802562096 20
1694396059849 4.2296994569506055 21
1694396060598 5.416936696756646 22
1694396061264 1.3752082879271799 23
1694396062037 22.460988968741784 24
1694396062771 4.839047052901128 25
1694396063516 9.597392378209802 26
1694396064215 5.829034961436329 27
1694396064854 1.8994674735878403 28
1694396065587 24.212059509615766 29
1694396066242 27.60909713405439 30
1694396067065 0.3013147865670408 31
1694396067766 0.6129208446308112 32
1694396068523 2.7408803205232095 33
1694396069287 0.4473164357110159 34
1694396069989 5.238027001665368 35
1694396070747 12.196895317795029 36
1694396071470 0.5536117103577883 37
1694396072161 24.42502392020201 38
1694396072723 0.8704313146027903 39
1694396073429 0.5819530921672901 40
1694396074082 0.3838805359957099 41
1694396074737 0.3506852136191402 42
1694396075351 10.86673334961706 43
1694396076044 0.03401813286951918 44
1694396076708 0.0974244927529582 45
1694396077306 2.285400756197779 46
1694396077975 0.5173676512591545 47
1694396078715 17.78044519657588 48
1694396079337 17.469977634377685 49
1694396080014 0.3704996183033145 50
1694396080723 11.33755426429847 51
1694396081379 6.797967078340497 52
1694396082179 0.6023115424554818 53
1694396082855 0.010440579314894277 54
1694396083549 0.14063876903292782 55
1694396084227 2.650871052960359 56
1694396084909 1.2758932552112576 57
1694396085702 2.19970123066288 58
1694396086339 4.780243352138131 59
1694396086953 0.22443475075533612 60
1694396087535 0.054499162561348236 61
1694396088143 0.06879224236139908 62
1694396088768 0.8547135460319774 63
1694396089361 0.5037780022487812 64
1694396090062 0.40821099696541413 65
1694396090666 0.20696748206226673 66
1694396091419 2.1737245972601564 67
1694396092121 1.285601422720681 68
1694396092718 0.30278604593362446 69
1694396093581 6.352640637594163 70
1694396094224 0.005798831342445816 71
1694396094860 4.06371463412262 72
1694396095580 6.819203861912713 73
1694396096347 2.076955040128852 74
1694396096990 0.4186072041692649 75
1694396097578 4.840225496409319 76
1694396098319 6.375613039304937 77
1694396099012 3.381687492510772 78
1694396099732 0.23054182695346273 79
1694396100522 25.17739636552939 80
1694396101282 1.0847949325336166 81
1694396101977 4.258420610667364 82
1694396102848 13.715576124280199 83
1694396103681 2.132571317593613 84
1694396104465 2.7758150707981613 85
1694396105395 12.896797799576637 86
1694396106195 2.2441443437717092 87
1694396106893 4.081574100167551 88
1694396107610 0.8160477786844338 89
1694396108374 0.1214715271911494 90
1694396109074 3.69370121967826 91
1694396109726 10.963741475430947 92
1694396110368 4.24388535714365 93
1694396111146 9.719261095537815 94
1694396111940 3.9890483124508322 95
1694396112572 0.8243805914658722 96
1694396113221 1.3255082993468081e-05 97
1694396113996 1.4414268745971812 98
1694396114736 0.5679844760412636 99
