1694492253614 2.939730691412209 0
1694492254069 2.0016365952157047 1
1694492254545 1.4871261655324242 2
1694492254894 1.1225564000551598 3
1694492255284 0.9360284531201912 4
1694492255675 0.6767503603943124 5
1694492256151 0.5510646362870629 6
1694492256554 0.5801253016426093 7
1694492257032 0.40552618167373317 8
1694492257431 0.37350669439203577 9
1694492257907 0.3990688271022526 10
1694492258414 0.334961486706261 11
1694492258888 0.33351244563972837 12
1694492259277 0.32593534280019415 13
1694492259688 0.31837106274597876 14
1694492260102 0.3315403551378995 15
1694492260490 0.3251517351008564 16
1694492260936 0.3230014826833002 17
1694492261320 0.31971622454532544 18
1694492261685 0.3282351366728649 19
1694492262062 0.31798643775368196 20
1694492262461 0.3145897310450273 21
1694492262850 0.31326698151024 22
1694492263305 0.3179106422426146 23
1694492263697 0.32197127363379957 24
1694492264073 0.31847207070453426 25
1694492264459 0.3195258539839708 26
1694492264874 0.35147761704395303 27
1694492265280 0.31475209744977883 28
1694492265692 0.3502808420156218 29
1694492266167 0.32188747752415964 30
1694492266575 0.31690058266638343 31
1694492267104 0.34381024744466593 32
1694492267488 0.32407537410970394 33
1694492267872 0.32262930879530144 34
1694492268253 0.3308922913468094 35
1694492268721 0.3242438349307164 36
1694492269135 0.32055051552274166 37
1694492269553 0.32787315779262294 38
1694492269968 0.3138229470398539 39
1694492270388 0.33968125476092254 40
1694492270854 0.31812846273838413 41
1694492271266 0.31980566035777824 42
1694492271687 0.32243323678894514 43
1694492272151 0.31967401220858294 44
1694492272587 0.3263158039237492 45
1694492273021 0.31881355248754223 46
1694492273534 0.31828124250702094 47
1694492274003 0.32410801454079713 48
1694492274429 0.37054858340439945 49
