1694492253795 -3.118792254849975 0
1694492254248 -1.804449172668348 1
1694492254651 -1.0835798838557014 2
1694492255010 -0.5727891740853157 3
1694492255411 -0.3114489549308366 4
1694492255845 0.051819899352755106 5
1694492256277 0.22791541330932996 6
1694492256692 0.18719915187188796 7
1694492257135 0.4318261529547539 8
1694492257570 0.47668795495770133 9
1694492258055 0.4408734109479878 10
1694492258608 0.5306928008238669 11
1694492259004 0.5327230205100544 12
1694492259435 0.5433391332651595 13
1694492259845 0.553937280296734 14
1694492260234 0.5354860732987076 15
1694492260636 0.5444370288418876 16
1694492261072 0.5474497003866909 17
1694492261448 0.552052603575545 18
1694492261840 0.5401169424644241 19
1694492262181 0.5544761699453408 20
1694492262609 0.5592352212844561 21
1694492262989 0.5610884966728799 22
1694492263441 0.554582365375027 23
1694492263813 0.5488931037114768 24
1694492264199 0.55379576025934 25
1694492264602 0.5523193275975615 26
1694492265031 0.5075524125176512 27
1694492265413 0.5590077332726147 28
1694492265827 0.5092291877854975 29
1694492266301 0.5490105086045101 30
1694492266754 0.5559975377143407 31
1694492267231 0.5182949960518746 32
1694492267595 0.5459450946408168 33
1694492268006 0.5479711450659008 34
1694492268412 0.5363940612756974 35
1694492268854 0.5457090678758962 36
1694492269289 0.5508836967684992 37
1694492269687 0.5406241031416642 38
1694492270122 0.5603095455519398 39
1694492270550 0.5240800372244607 40
1694492271007 0.5542771818513988 41
1694492271413 0.5519272970184808 42
1694492271827 0.5482458572575761 43
1694492272300 0.5521117463555765 44
1694492272721 0.542806077521806 45
1694492273181 0.5533173176158916 46
1694492273674 0.5540631254653505 47
1694492274129 0.545899362848046 48
1694492274575 0.48083249944283246 49
