1694492253477 1.6170058739340487 0
1694492253934 0.03722558885294896 1
1694492254424 0.4834976569140369 2
1694492254786 0.010190566315526636 3
1694492255143 0.9455608481825807 4
1694492255553 0.016311178595224927 5
1694492255994 0.04210066438949491 6
1694492256440 0.06152016795635081 7
1694492256870 0.4166706171727461 8
1694492257263 0.36340782564296065 9
1694492257705 0.45077034010305395 10
1694492258242 0.18261025542589937 11
1694492258767 0.3722743938034904 12
1694492259157 0.02722371162369435 13
1694492259575 0.035512281302971 14
1694492259985 0.360205090416433 15
1694492260371 0.30944456691403555 16
1694492260780 0.14520678644798748 17
1694492261210 1.3009207339074913 18
1694492261571 0.2244640674262451 19
1694492261959 0.006061681386563163 20
1694492262329 0.1510244715868646 21
1694492262736 0.3233327359409055 22
1694492263190 0.2726765101852005 23
1694492263565 0.07013523009735707 24
1694492263944 1.3809368126816643 25
1694492264343 0.029467227311052575 26
1694492264750 0.25504424398055325 27
1694492265157 0.029943078216575773 28
1694492265551 0.04520578026549471 29
1694492266056 0.42146894989427724 30
1694492266448 0.2065748853573554 31
1694492266938 0.20171060978393068 32
1694492267361 0.2320091583332296 33
1694492267736 0.02752066478788849 34
1694492268154 0.028789512408442002 35
1694492268595 0.0023759161967115174 36
1694492269004 0.23100437543695396 37
1694492269419 0.018278284634164945 38
1694492269819 0.05930941702113423 39
1694492270283 0.531190249726223 40
1694492270713 0.10738627773226458 41
1694492271149 0.1562411379719275 42
1694492271561 0.005459274667795072 43
1694492272024 0.008658410599569849 44
1694492272470 0.000810832428639594 45
1694492272894 0.5126943043753959 46
1694492273409 0.07104797633792455 47
1694492273851 0.6825267858267862 48
1694492274263 0.03358186644597402 49
