1694352970243 25.086771759437926 0
1694352970450 4.389908071982787 1
1694352970647 0.01612118724005969 2
1694352970829 0.14178286459815204 3
1694352971017 0.4949046313424494 4
1694352971205 0.4873652413201869 5
1694352971393 2.554477999897431 6
1694352971567 6.6854410562287665 7
1694352971735 0.11129575274324902 8
1694352971918 0.45008599330160787 9
1694352972113 3.092556385370081 10
1694352972320 7.633041814375052 11
1694352972497 0.8316953072815727 12
1694352972718 0.9400283416729112 13
1694352972914 0.3998064767832295 14
1694352973107 0.002254769352095461 15
1694352973291 0.14684428406565717 16
1694352973486 0.2605409664506379 17
1694352973673 0.08325529498763952 18
1694352973881 0.3520775595197563 19
1694352974081 3.4009827632263967 20
