1694512435861 162.99041243026213 0
1694512436141 157.48293811678337 1
1694512436421 152.16863203134838 2
1694512436732 147.04269810783578 3
1694512437061 142.0963140413904 4
1694512437347 137.32475478589427 5
1694512437671 132.72084535421763 6
1694512437986 128.27993881825478 7
1694512438273 123.99553299926077 8
1694512438576 119.8622539183011 9
1694512438859 115.87387665501518 10
1694512439146 112.02516431362925 11
1694512439409 108.31230180521803 12
1694512439669 104.72930052578205 13
1694512439952 101.27243024776085 14
1694512440258 97.93733325881827 15
1694512440521 94.71968877026035 16
1694512440848 91.6145530204642 17
1694512441159 88.61820779802665 18
1694512441440 85.72691799313586 19
1694512441724 82.9364664937856 20
1694512442021 80.24372337778684 21
1694512442323 77.64532888076202 22
1694512442651 75.13805271797123 23
1694512442947 72.7187170229992 24
1694512443252 70.38363108029185 25
1694512443573 68.12996254938392 26
1694512443861 65.95504513334511 27
1694512444137 63.856267763176994 28
1694512444438 61.8305380319131 29
1694512444741 59.87549191463366 30
1694512445042 57.98907186657902 31
1694512445329 56.16787733215847 32
1694512445629 54.4100578923913 33
1694512445894 52.71354652071381 34
1694512446206 51.07612382218661 35
1694512446491 49.49551974903963 36
1694512446815 47.9697817039952 37
1694512447086 46.49700391960472 38
1694512447373 45.07551185789547 39
1694512447691 43.702994439699744 40
1694512447979 42.37824000030493 41
1694512448280 41.099142195664285 42
1694512448554 39.86419856812259 43
1694512448891 38.67204889547969 44
1694512449181 37.520859085818 45
1694512449460 36.40992135661548 46
1694512449772 35.33683680080467 47
1694512450064 34.301152291859275 48
1694512450374 33.301203948247206 49
