1694512435985 -239.35810885417226 0
1694512436254 -231.23636665588757 1
1694512436542 -223.3994850778751 2
1694512436866 -215.84039147478302 3
1694512437169 -208.5460758021608 4
1694512437500 -201.509570146177 5
1694512437799 -194.72029372289566 6
1694512438110 -188.17139381727162 7
1694512438399 -181.8532818199919 8
1694512438699 -175.75803285133833 9
1694512438987 -169.8764671683841 10
1694512439260 -164.20086204470826 11
1694512439517 -158.72559145884412 12
1694512439783 -153.4418241580172 13
1694512440080 -148.3440592638098 14
1694512440360 -143.42587056083647 15
1694512440679 -138.68088628413406 16
1694512440976 -134.10181598528553 17
1694512441272 -129.68317650581633 18
1694512441559 -125.41945976756806 19
1694512441861 -121.30444689513858 20
1694512442138 -117.33352226625296 21
1694512442491 -113.50173131579326 22
1694512442771 -109.80431041920285 23
1694512443078 -106.23657325198954 24
1694512443395 -102.79307720315758 25
1694512443697 -99.46964548716656 26
1694512443979 -96.26234617895255 27
1694512444266 -93.16732879677753 28
1694512444561 -90.18003304117848 29
1694512444866 -87.29697274048111 30
1694512445170 -84.51511368205944 31
1694512445438 -81.82944114695758 32
1694512445739 -79.23722636604026 33
1694512446036 -76.73542114408912 34
1694512446316 -74.32075259184352 35
1694512446654 -71.98987312351062 36
1694512446930 -69.73990329003561 37
1694512447209 -67.56803270120575 38
1694512447506 -65.4717919554512 39
1694512447801 -63.447772958946814 40
1694512448098 -61.494188898379164 41
1694512448391 -59.60793359796699 42
1694512448683 -57.78679141891744 43
1694512449016 -56.02875647370144 44
1694512449293 -54.3311240703178 45
1694512449595 -52.69285045861001 46
1694512449893 -51.110398027025035 47
1694512450194 -49.58309856058442 48
1694512450495 -48.1084983725194 49
