1694512435774 156.09293133132505 0
1694512436064 158.07342033710722 1
1694512436340 150.27385609158196 2
1694512436645 147.20307807283012 3
1694512436970 146.01403333167823 4
1694512437256 135.6095091513901 5
1694512437587 136.46553281571076 6
1694512437875 125.056295046938 7
1694512438201 124.22422356734454 8
1694512438485 117.34433522027885 9
1694512438775 127.61010534358094 10
1694512439065 115.02296240033513 11
1694512439335 99.89362041068813 12
1694512439596 100.16167861321702 13
1694512439858 100.18657697785294 14
1694512440175 101.91843484516079 15
1694512440437 91.83635497576653 16
1694512440764 88.06047381311146 17
1694512441067 86.70286919336397 18
1694512441349 90.58240500159137 19
1694512441639 83.65702814446705 20
1694512441942 81.43936257354775 21
1694512442232 88.55272517200795 22
1694512442571 69.91646972631158 23
1694512442854 69.32553381794689 24
1694512443171 77.25726882485344 25
1694512443478 70.07597472332976 26
1694512443776 65.72895046424462 27
1694512444062 68.01220459798951 28
1694512444344 63.31417534202794 29
1694512444656 57.69216698081488 30
1694512444955 62.37495307455473 31
1694512445249 55.4397204954765 32
1694512445536 54.270931958100256 33
1694512445819 45.03353277000495 34
1694512446114 49.096406411976794 35
1694512446399 52.16831620722713 36
1694512446732 43.59852027464646 37
1694512447008 44.904463715426246 38
1694512447290 46.47342869693093 39
1694512447599 44.260583673956326 40
1694512447881 42.54501301524117 41
1694512448184 43.70418063544267 42
1694512448475 49.86154693402082 43
1694512448778 44.57430228209007 44
1694512449098 40.88923437599859 45
1694512449373 33.111965739663624 46
1694512449681 42.74160677421052 47
1694512449985 32.16557590653257 48
1694512450278 32.12763734084167 49
