1694510597787 163.70440784436025 0
1694510598053 158.28848994843725 1
1694510598320 153.0626052168239 2
1694510598617 148.02094305615267 3
1694510598871 143.1561435302921 4
1694510599140 138.46285267071198 5
1694510599400 133.93357658291245 6
1694510599671 129.56317190829148 7
1694510599950 125.34646404333704 8
1694510600236 121.27697054840961 9
1694510600503 117.35014734355697 10
1694510600766 113.56099138574582 11
1694510601059 109.90429050905584 12
1694510601350 106.37558503365071 13
1694510601652 102.96977726789373 14
1694510601937 99.68272752418362 15
1694510602234 96.51059724310883 16
1694510602518 93.44894227735317 17
1694510602803 90.49372382285729 18
1694510603086 87.64131756852882 19
1694510603388 84.88818548571267 20
1694510603677 82.23072720627522 21
1694510603979 79.66511006879206 22
1694510604305 77.18829168081415 23
1694510604589 74.79788272816046 24
1694510604880 72.4903379066093 25
1694510605195 70.26237392164025 26
1694510605486 68.11121541027129 27
1694510605772 66.03402526754311 28
1694510606061 64.0286489068742 29
1694510606349 62.09239564040804 30
1694510606633 60.22239578292747 31
1694510606900 58.41663245179522 32
1694510607204 56.67309669092703 33
1694510607509 54.98902195750108 34
1694510607794 53.36276248154121 35
1694510608075 51.79250533192447 36
1694510608396 50.275700084267356 37
1694510608668 48.81056397732271 38
1694510608967 47.39547234532241 39
1694510609279 46.028651791912665 40
1694510609604 44.70814827396438 41
1694510609902 43.43227249948019 42
1694510610178 42.19999567200641 43
1694510610475 41.00935321974046 44
1694510610766 39.858912771122625 45
1694510611053 38.74743424978538 46
1694510611319 37.6735499983952 47
1694510611656 36.6359417154156 48
1694510611953 35.63290059603134 49
