1694510597692 165.74366208242023 0
1694510597978 153.01947089968684 1
1694510598230 143.66230279120114 2
1694510598545 154.01195964328494 3
1694510598792 139.91080346722032 4
1694510599051 131.63114269663072 5
1694510599323 130.11302968969704 6
1694510599589 127.67326891816587 7
1694510599866 121.72631035289778 8
1694510600153 122.66621664745733 9
1694510600420 111.36678370274772 10
1694510600690 104.27477588278971 11
1694510600979 103.88694337717236 12
1694510601263 105.94520769664356 13
1694510601557 101.7745519561431 14
1694510601847 101.88962946848861 15
1694510602144 89.56660414291997 16
1694510602441 86.90208331343047 17
1694510602721 85.10539206072674 18
1694510602993 86.62390477921527 19
1694510603294 81.98668868281236 20
1694510603596 87.40829930833512 21
1694510603896 79.94361916116657 22
1694510604212 83.02643298783276 23
1694510604502 73.95701514555648 24
1694510604783 76.17010706712458 25
1694510605092 69.28179998275299 26
1694510605397 69.4891996369927 27
1694510605684 69.71814636303623 28
1694510605974 53.01604254085728 29
1694510606248 62.76305741486364 30
1694510606541 57.11069957925617 31
1694510606819 60.06002438209153 32
1694510607107 60.400544998937384 33
1694510607412 54.090792692109474 34
1694510607697 55.63060961924866 35
1694510607989 45.0140981143975 36
1694510608300 48.04103043774648 37
1694510608588 53.026879209578254 38
1694510608876 44.72689720099962 39
1694510609188 43.78855795405982 40
1694510609517 39.45345464203562 41
1694510609809 41.468926778413554 42
1694510610098 41.49688107531681 43
1694510610393 39.39755579979099 44
1694510610679 42.4696315257583 45
1694510610961 39.58975208396562 46
1694510611236 37.322865582489015 47
1694510611553 30.03195199053284 48
1694510611853 34.633023114908205 49
