1694493805500 39.621614781729456 0
1694493805990 12.688271421617909 1
1694493806408 6.494293406442513 2
1694493806842 4.715647276499869 3
1694493807184 4.034882072469546 4
1694493807560 3.6722280862743952 5
1694493807966 3.4379013380980155 6
1694493808382 3.266740770176547 7
1694493808798 3.1277233668699114 8
1694493809218 3.009774595129278 9
1694493809639 2.9076187485636793 10
1694493810045 2.812962660011254 11
1694493810409 2.7264887531063926 12
1694493810891 2.6427062886677484 13
1694493811306 2.5659627377740075 14
1694493811718 2.4926116996230903 15
1694493812152 2.4232066006667856 16
1694493812550 2.3552480392524693 17
1694493812979 2.2900686105355916 18
1694493813373 2.2265969173839957 19
1694493813787 2.165056036098891 20
1694493814169 2.1086967046106744 21
1694493814561 2.0512501627985706 22
1694493815027 1.9980196522551523 23
1694493815449 1.945872509117041 24
1694493815814 1.8952820591027777 25
1694493816259 1.8452236118274044 26
1694493816673 1.7974804391150572 27
1694493817093 1.7517877820229693 28
1694493817533 1.707464213102093 29
1694493817981 1.6645039243809572 30
1694493818444 1.6215347343644193 31
1694493818928 1.5817456922210091 32
1694493819369 1.5422696628677224 33
1694493819843 1.5049504819058723 34
1694493820284 1.4672869780251678 35
1694493820722 1.432504933745923 36
1694493821125 1.3988006860745887 37
1694493821531 1.3642540061805333 38
1694493822003 1.331575853756771 39
1694493822491 1.2997821481862764 40
1694493822890 1.2684702080281878 41
1694493823325 1.238703938135586 42
1694493823790 1.2091854404930726 43
1694493824243 1.182478297438395 44
1694493824724 1.1549208596102523 45
1694493825140 1.1282568561553905 46
1694493825623 1.1022332662759016 47
1694493826057 1.0779867297122572 48
1694493826478 1.053708286140101 49
