1694493805688 -55.064179325795386 0
1694493806151 -16.953774176916596 1
1694493806557 -8.189358690676539 2
1694493806964 -5.6725926240845475 3
1694493807325 -4.709316829098089 4
1694493807710 -4.196165150973273 5
1694493808114 -3.864595201011288 6
1694493808517 -3.622404749503514 7
1694493808944 -3.4256965468892266 8
1694493809361 -3.2588002422698237 9
1694493809771 -3.1142507651073448 10
1694493810189 -2.9803133687615326 11
1694493810589 -2.85795367568936 12
1694493811018 -2.739402346155683 13
1694493811441 -2.6308110072335493 14
1694493811872 -2.527020039114739 15
1694493812284 -2.4288125345633307 16
1694493812724 -2.33265186582622 17
1694493813137 -2.2404236414071335 18
1694493813511 -2.1506118453315266 19
1694493813931 -2.0635321282820693 20
1694493814301 -1.9837842511537915 21
1694493814705 -1.9024979825465431 22
1694493815213 -1.8271773550266874 23
1694493815590 -1.7533896812953502 24
1694493815967 -1.6818047123990234 25
1694493816402 -1.61097252193233 26
1694493816802 -1.543416421271795 27
1694493817264 -1.4787617792236332 28
1694493817666 -1.4160443829229363 29
1694493818142 -1.355256014149528 30
1694493818621 -1.2944550501342444 31
1694493819079 -1.2381539628055567 32
1694493819580 -1.1822957853707092 33
1694493820020 -1.1294895263309646 34
1694493820454 -1.076196053885735 35
1694493820884 -1.0269798172802407 36
1694493821283 -0.9792886518419746 37
1694493821707 -0.9304054534321944 38
1694493822156 -0.884166202265523 39
1694493822642 -0.8391784343425026 40
1694493823053 -0.7948723595464007 41
1694493823453 -0.7527533923535645 42
1694493823970 -0.7109850203582597 43
1694493824424 -0.6731946863260494 44
1694493824867 -0.6342011938935079 45
1694493825308 -0.5964719019534346 46
1694493825767 -0.5596487886668604 47
1694493826211 -0.5253401876312347 48
1694493826618 -0.49098643850518364 49
