1694493805396 16.834727318589508 0
1694493805830 19.97823856520791 1
1694493806291 0.22962835185149502 2
1694493806709 5.697358104898843 3
1694493807093 0.04416737447794176 4
1694493807443 41.18973138166381 5
1694493807850 0.8006159591280028 6
1694493808241 11.083931311519036 7
1694493808672 0.057303570014096444 8
1694493809091 0.6852293585382574 9
1694493809505 0.002163817319446598 10
1694493809929 1.0112925444583665 11
1694493810310 0.0018779035021102093 12
1694493810760 16.858245626165612 13
1694493811172 0.4095447256027645 14
1694493811577 0.8904363113215783 15
1694493812009 0.13870433037773977 16
1694493812431 0.779227503586236 17
1694493812851 0.00188164835350378 18
1694493813268 1.43281843872481 19
1694493813653 2.302643544442649 20
1694493814051 0.25269860321132237 21
1694493814446 0.0054680100241855 22
1694493814855 1.0278917912874896 23
1694493815342 0.4870114634971872 24
1694493815710 0.7910247984123663 25
1694493816155 0.01357912116219195 26
1694493816532 2.5099348690374743 27
1694493816984 0.08672171749288633 28
1694493817434 11.841481265403752 29
1694493817839 0.07047499896167551 30
1694493818323 0.05426882429447923 31
1694493818778 0.621357667609954 32
1694493819240 0.27112939037846095 33
1694493819724 0.07491314911035515 34
1694493820170 0.25476967266696116 35
1694493820606 0.03907754471463832 36
1694493821017 0.21557917059404935 37
1694493821423 0.43416675107386743 38
1694493821846 0.7430597303565591 39
1694493822323 4.681018538995769 40
1694493822781 0.41210514879905263 41
1694493823181 0.025658395803208448 42
1694493823656 0.0015021482245041733 43
1694493824125 1.732354039255295 44
1694493824568 0.23660181806957023 45
1694493825025 0.020173736060056412 46
1694493825473 3.4670925810857587 47
1694493825942 0.3014291406847356 48
1694493826343 0.3524793805631701 49
