1694512570347 120.62590916347703 0
1694512570684 86.50932883015778 1
1694512570975 62.61738759820373 2
1694512571289 45.85835399155828 3
1694512571591 34.070019141759474 4
1694512571909 25.743363526283442 5
1694512572206 19.840051698676383 6
1694512572528 15.631539922669052 7
1694512572813 12.612580214846195 8
1694512573105 10.43083435927802 9
1694512573418 8.841719971738366 10
1694512573708 7.6732903251671525 11
1694512574032 6.80191734198255 12
1694512574318 6.145818665862775 13
1694512574620 5.643575292826037 14
1694512574941 5.2548144917553925 15
1694512575233 4.948002991294116 16
1694512575521 4.701732870954264 17
1694512575824 4.4999813556317765 18
1694512576098 4.333268265438506 19
1694512576431 4.193147231936012 20
1694512576747 4.072477236239362 21
1694512577057 3.968314813022813 22
1694512577370 3.8767060682682652 23
1694512577664 3.79567267891875 24
1694512577994 3.72253209977958 25
1694512578324 3.656630939389609 26
1694512578637 3.596782204560531 27
1694512578972 3.5421085196805233 28
1694512579289 3.4914575145329065 29
1694512579615 3.444425695081781 30
1694512579955 3.4007418097817435 31
1694512580304 3.3597489028539433 32
1694512580656 3.3209790259937457 33
1694512580977 3.284333932012845 34
1694512581292 3.249511005791723 35
1694512581618 3.2164804768893243 36
1694512581936 3.184604799320103 37
1694512582296 3.1543847648258643 38
1694512582604 3.1252911067422917 39
1694512582925 3.0972622984537628 40
1694512583252 3.0702644518124513 41
1694512583630 3.0440058772140812 42
1694512583985 3.018627818270066 43
1694512584280 2.993939049655676 44
1694512584615 2.969760741199393 45
1694512584916 2.9464293496469733 46
1694512585224 2.9236472315291064 47
1694512585532 2.9014714445997387 48
1694512585791 2.8796348504442664 49
