1694512570495 -169.6844266679605 0
1694512570800 -121.40981473386744 1
1694512571102 -87.6029624627352 2
1694512571413 -63.88910146474109 3
1694512571726 -47.208728324663944 4
1694512572037 -35.42659586535147 5
1694512572354 -27.0734700590891 6
1694512572639 -21.11846897686169 7
1694512572932 -16.84667189415471 8
1694512573215 -13.759523842170497 9
1694512573518 -11.510943250919393 10
1694512573838 -9.857627261760083 11
1694512574143 -8.62464341044461 12
1694512574446 -7.696270499950364 13
1694512574762 -6.985601268364468 14
1694512575056 -6.435508714435673 15
1694512575354 -6.0013735819874805 16
1694512575642 -5.652903882673626 17
1694512575946 -5.367427553740493 18
1694512576251 -5.131530237691097 19
1694512576563 -4.933260409647085 20
1694512576868 -4.76251360098598 21
1694512577192 -4.615124838402915 22
1694512577496 -4.485499402336682 23
1694512577807 -4.370837985912959 24
1694512578134 -4.267344815141387 25
1694512578463 -4.174095347792948 26
1694512578788 -4.089410000656953 27
1694512579127 -4.012047296224012 28
1694512579442 -3.9403766424338684 29
1694512579759 -3.873827099356128 30
1694512580116 -3.8120148488307377 31
1694512580461 -3.754010305155612 32
1694512580795 -3.69915132626989 33
1694512581114 -3.647298893407834 34
1694512581433 -3.5980248092730767 35
1694512581755 -3.5512869489962684 36
1694512582099 -3.5061831915341646 37
1694512582427 -3.463422152075016 38
1694512582750 -3.422254923706703 39
1694512583060 -3.382594446897942 40
1694512583418 -3.3443927702664595 41
1694512583764 -3.307237156008112 42
1694512584108 -3.2713274623871946 43
1694512584422 -3.2363931075267143 44
1694512584750 -3.2021810485645803 45
1694512585043 -3.1691673683518706 46
1694512585369 -3.1369309044263636 47
1694512585648 -3.1055523929258184 48
1694512585914 -3.0746538357281556 49
