1694490530489 4.207623926043928 0
1694490530947 4.4479689862692915 1
1694490531397 4.828372409298476 2
1694490531882 4.330126924278758 3
1694490532357 4.661497946778434 4
1694490532773 4.5108715837912765 5
1694490533225 3.9711140093236343 6
1694490533677 4.776758754134348 7
1694490534167 4.554575109942685 8
1694490534626 4.199374750621806 9
1694490535092 4.888740049446536 10
1694490535534 4.398081044233606 11
1694490536017 4.470524237416465 12
1694490536506 4.1696034726646145 13
1694490536968 3.9685746904869172 14
1694490537434 4.581445222951734 15
1694490537852 4.693569514218552 16
1694490538287 14.356274003254006 17
1694490538747 4.210474901380999 18
1694490539217 4.713115985660698 19
1694490539718 4.635716184896201 20
1694490540165 4.579681440509441 21
1694490540620 4.127419257070798 22
1694490541085 4.405881700893643 23
1694490541522 4.740528083783304 24
1694490541965 4.635415840246122 25
1694490542397 4.563074218347567 26
1694490542865 4.229572938980337 27
1694490543266 32.03228775885728 28
1694490543712 4.28117579375848 29
1694490544134 4.468951118547141 30
1694490544592 4.402740772732018 31
1694490545060 4.5536359910038 32
1694490545502 4.5105333962692935 33
1694490545931 4.5417360395421 34
1694490546426 4.677341142408752 35
1694490546873 4.580150765110776 36
1694490547277 4.179512427784478 37
1694490547723 4.314800929788913 38
1694490548200 4.3900308720769825 39
1694490548618 4.4427391673656755 40
1694490549070 3.761026988854601 41
1694490549540 4.042251963403081 42
1694490550010 4.464294311460843 43
1694490550471 4.272292966574004 44
1694490550919 4.188647738378934 45
1694490551380 5.084072406257042 46
1694490551811 4.907571514101718 47
1694490552241 4.3761808030254326 48
1694490552689 4.537740960037451 49
