1694490530652 -5.204883554523193 0
1694490531097 -5.559314734166522 1
1694490531597 -6.120286671089925 2
1694490532060 -5.385535830602857 3
1694490532494 -5.874200845369746 4
1694490532942 -5.652075707999069 5
1694490533385 -4.856107970361331 6
1694490533843 -6.0441732337329315 7
1694490534320 -5.716524265060705 8
1694490534784 -5.192718690501416 9
1694490535253 -6.2093094031980804 10
1694490535705 -5.485746165171983 11
1694490536202 -5.592576429929057 12
1694490536661 -5.148815690556409 13
1694490537128 -4.852363296890845 14
1694490537575 -5.756148985627114 15
1694490538006 -5.921496027846778 16
1694490538465 -20.17085795516261 17
1694490538921 -5.209087820468599 18
1694490539393 -5.950320747292262 19
1694490539866 -5.83618109048635 20
1694490540349 -5.75354797734731 21
1694490540780 -5.086607624864418 22
1694490541234 -5.497249609176271 23
1694490541688 -5.990744720495556 24
1694490542124 -5.8357381793296685 25
1694490542587 -5.729057699344872 26
1694490543000 -5.237251245125046 27
1694490543424 -46.23725765947008 28
1694490543868 -5.313348755408098 29
1694490544288 -5.590256588713885 30
1694490544757 -5.492617756653669 31
1694490545219 -5.715139368558058 32
1694490545658 -5.651576990853624 33
1694490546136 -5.697590791398561 34
1694490546585 -5.8975644315042315 35
1694490547009 -5.7542400792441875 36
1694490547438 -5.163428192468754 37
1694490547887 -5.362934948765928 38
1694490548347 -5.473874766562299 39
1694490548806 -5.551602443838643 40
1694490549224 -4.54629760678335 41
1694490549716 -4.961013429862555 42
1694490550201 -5.583389305369595 43
1694490550643 -5.300249460109042 44
1694490551093 -5.176899819084943 45
1694490551532 -6.497361413012399 46
1694490551955 -6.2370797190343605 47
1694490552401 -5.453450397085017 48
1694490552847 -5.69169934207868 49
