1694492405584 0.3770581971132605 0
1694492406024 0.30619730791194066 1
1694492406526 0.3173700429768413 2
1694492406936 0.7077030926803691 3
1694492407354 0.33207569090466993 4
1694492407780 0.3187117345448007 5
1694492408203 0.34847105989663857 6
1694492408706 0.3105090398666257 7
1694492409219 0.2988288276375279 8
1694492409665 0.3110649985261107 9
1694492410167 0.30812921198898024 10
1694492410692 0.3142315506606638 11
1694492411203 0.3349861186311482 12
1694492411721 0.31440975958516576 13
1694492412219 0.30664771091371296 14
1694492412607 0.33140623030730954 15
1694492413081 0.3125433993407109 16
1694492413576 0.3166587064820321 17
1694492414071 0.33494877155607566 18
1694492414531 0.31875679129670886 19
1694492415104 0.30040823514184856 20
1694492415578 0.3210115453278822 21
1694492416032 0.3149295955597427 22
1694492416454 0.2838835244355677 23
1694492416930 0.32064541267036784 24
1694492417410 0.30888726381912257 25
1694492417894 0.32658699637142136 26
1694492418317 0.30499734075684 27
1694492418799 0.30086792515018224 28
1694492419229 0.30520458626409125 29
1694492419711 0.30147435061473704 30
1694492420125 0.3450674072148277 31
1694492420533 0.32490011088495957 32
1694492421000 0.3216525641045753 33
1694492421469 0.31529554887522176 34
1694492421952 0.3210386848876876 35
1694492422386 0.31363094489884613 36
1694492422833 0.31986124514079256 37
1694492423252 0.3130024809619676 38
1694492423693 0.319058937474482 39
1694492424178 0.3235899657699261 40
1694492424681 0.3053042999119904 41
1694492425155 0.2979437021190694 42
1694492425659 0.3481901918277904 43
1694492426053 0.32908152984038597 44
1694492426435 0.32743563608369636 45
1694492426839 0.3055332015547354 46
1694492427362 0.3059393495695248 47
1694492427745 0.32719457770702026 48
1694492428187 0.30111057378374734 49
