1694492405725 0.47171202231734377 0
1694492406217 0.5709936614371408 1
1694492406700 0.5553397871604134 2
1694492407075 0.008452704398916655 3
1694492407503 0.5347360260864376 4
1694492407913 0.5534599725043798 5
1694492408392 0.5117648338555303 6
1694492408905 0.5649525882763151 7
1694492409359 0.581317477687699 8
1694492409852 0.5641736467809622 9
1694492410365 0.5682869129676743 10
1694492410902 0.5597370599723553 11
1694492411402 0.5306582895736549 12
1694492411908 0.559487375353241 13
1694492412347 0.5703626116608194 14
1694492412780 0.5356739926598351 15
1694492413250 0.5621022917951032 16
1694492413773 0.5563364251361202 17
1694492414227 0.5307106157421708 18
1694492414706 0.553396844476588 19
1694492415251 0.5791046044421833 20
1694492415741 0.5502377580108385 21
1694492416187 0.558759044560174 22
1694492416603 0.6022570145148113 23
1694492417113 0.5507507384543953 24
1694492417590 0.5672248231592827 25
1694492418047 0.5424261157258805 26
1694492418473 0.5726749091238562 27
1694492418951 0.5784605428444702 28
1694492419398 0.5723845419849164 29
1694492419852 0.5776108934143885 30
1694492420286 0.5165336170454311 31
1694492420702 0.5447895740170616 32
1694492421184 0.5493396406491462 33
1694492421631 0.5582463153888131 34
1694492422126 0.5501997333682911 35
1694492422541 0.5605785555444563 36
1694492422964 0.5518494183970017 37
1694492423396 0.5614590825951926 38
1694492423849 0.5529735140876921 39
1694492424345 0.5466251896291628 40
1694492424833 0.5722448353778216 41
1694492425365 0.5825576076562866 42
1694492425796 0.5121583519522682 43
1694492426174 0.5389310795440119 44
1694492426557 0.5412371052208409 45
1694492427019 0.5719241263019819 46
1694492427486 0.571355081218184 47
1694492427910 0.5415748468302071 48
1694492428306 0.5781205731610236 49
