1694492405470 0.0022642717380029617 0
1694492405873 0.7841072926261387 1
1694492406404 0.005627280113537257 2
1694492406830 0.5356372421900605 3
1694492407227 0.004149154813853006 4
1694492407659 0.04116005213813376 5
1694492408055 0.851506751778108 6
1694492408559 0.5626453107751187 7
1694492409078 0.6089747893099804 8
1694492409522 1.3750755145783675 9
1694492410046 0.005771819013960917 10
1694492410564 0.34224782422071537 11
1694492411076 0.4170704912952919 12
1694492411571 0.6074075873788994 13
1694492412082 0.02549391404142336 14
1694492412482 0.27672660536148 15
1694492412938 0.1945039282319844 16
1694492413415 0.15021511531801865 17
1694492413945 0.11194257514590598 18
1694492414385 0.32385575968996977 19
1694492414921 0.023155245159619982 20
1694492415429 0.05671219616749452 21
1694492415913 0.2974864337515667 22
1694492416322 0.20757806228779146 23
1694492416777 0.00089187268477126 24
1694492417273 0.0007190201750806422 25
1694492417757 0.37742905983312136 26
1694492418205 0.06520257052910175 27
1694492418650 0.3456116867584029 28
1694492419115 0.05942933751962777 29
1694492419555 0.34325193324888753 30
1694492419993 0.2345226420583288 31
1694492420428 0.5143905119001507 32
1694492420855 0.03560688367375332 33
1694492421332 0.3245201410980497 34
1694492421802 0.2644551572664025 35
1694492422264 0.907145129678724 36
1694492422703 0.08401398299867202 37
1694492423125 0.09403844393498202 38
1694492423543 0.04508947315850162 39
1694492424032 0.7157437740495458 40
1694492424533 0.00012478584196549923 41
1694492425004 0.14815295964517075 42
1694492425514 0.9938992488037014 43
1694492425936 0.02814458444221484 44
1694492426321 0.09273772092915601 45
1694492426693 0.2700443456249017 46
1694492427188 0.3864520708974221 47
1694492427621 0.06337223993148597 48
1694492428063 0.5495515107039509 49
