1694490554737 4.2393409504015915 0
1694490555184 4.756022750153154 1
1694490555674 4.970174736067505 2
1694490556169 4.537649145705915 3
1694490556637 4.818974848911775 4
1694490557071 5.488858390275097 5
1694490557545 4.9976208329451435 6
1694490558004 4.472880612792878 7
1694490558452 4.042823987051432 8
1694490558917 4.680249754194101 9
1694490559379 4.667073616249761 10
1694490559832 4.67115059761717 11
1694490560246 4.371793998465232 12
1694490560723 4.571143440959507 13
1694490561183 5.074971599881347 14
1694490561654 4.565946911771175 15
1694490562127 4.893814391998532 16
1694490562600 5.1730854818359155 17
1694490563073 4.28737095660763 18
1694490563560 13.048718575256933 19
1694490564035 4.226151760188213 20
1694490564463 4.738797398734325 21
1694490564925 4.275593713816021 22
1694490565383 6.505486398446783 23
1694490565840 4.678769887063538 24
1694490566251 4.467735753388292 25
1694490566688 4.797574916970017 26
1694490567127 4.616761488875789 27
1694490567590 4.1237361554489596 28
1694490568088 4.826386937787981 29
1694490568545 4.738998772339282 30
1694490568998 4.624453932897546 31
1694490569414 4.612272312823311 32
1694490569846 5.053136796183619 33
1694490570327 4.367278135298707 34
1694490570820 4.84500928934063 35
1694490571307 4.149809465943582 36
1694490571753 4.469143333660273 37
1694490572193 4.651309905910517 38
1694490572619 4.034063555629512 39
1694490573109 21.23226613329869 40
1694490573554 4.791373022912015 41
1694490574003 4.650801220789828 42
1694490574451 4.336887096600439 43
1694490574910 4.9988877516379695 44
1694490575401 4.715850958319403 45
1694490575880 4.720142984661432 46
1694490576302 3.9691574567127264 47
1694490576756 5.19785205220756 48
1694490577230 4.838381360587558 49
