1694490554885 -4.939647710993004 0
1694490555355 -5.663559258828144 1
1694490555843 -5.963602913684517 2
1694490556333 -5.357600786751615 3
1694490556790 -5.751760064960152 4
1694490557243 -6.690319215932339 5
1694490557710 -6.002057038606815 6
1694490558158 -5.266855014528494 7
1694490558602 -4.664312099823655 8
1694490559087 -5.557395374566692 9
1694490559558 -5.5389345764151745 10
1694490559980 -5.544646745672143 11
1694490560416 -5.125224774255802 12
1694490560882 -5.404528909887235 13
1694490561358 -6.1104315032114265 14
1694490561842 -5.397248166710478 15
1694490562302 -5.856616108856529 16
1694490562773 -6.247896713296236 17
1694490563247 -5.006941500230138 18
1694490563733 -17.28227366557406 19
1694490564165 -4.921168625593344 20
1694490564639 -5.639425196405964 21
1694490565086 -4.990440663423803 22
1694490565532 -8.114694441307009 23
1694490565983 -5.555321965157669 24
1694490566428 -5.259646664753528 25
1694490566859 -5.721777089242847 26
1694490567299 -5.4684433572166595 27
1694490567770 -4.77767636597647 28
1694490568261 -5.7621449802671085 29
1694490568707 -5.639707336551267 30
1694490569134 -5.479221071974761 31
1694490569552 -5.462153671018663 32
1694490570026 -6.079839238205964 33
1694490570500 -5.118897697327096 34
1694490571006 -5.7882363489649995 35
1694490571441 -4.814207109978724 36
1694490571909 -5.261618794628979 37
1694490572329 -5.516848387281371 38
1694490572809 -4.6520380513214725 39
1694490573278 -28.748062827052227 40
1694490573716 -5.713087751377265 41
1694490574155 -5.516135679705343 42
1694490574600 -5.0763174789509895 43
1694490575075 -6.003832090625961 44
1694490575574 -5.607275441554797 45
1694490576029 -5.613288905613529 46
1694490576473 -4.561099538384916 47
1694490576940 -6.282596612346146 48
1694490577373 -5.778950103223648 49
