1694490554612 4.503547924062818 0
1694490555033 0.5401355215560153 1
1694490555537 0.5678877196473213 2
1694490556022 2.3039939518286454 3
1694490556506 0.5134368843788012 4
1694490556946 1.2627838009459196 5
1694490557416 2.177633909678801 6
1694490557875 2.5889945029316155 7
1694490558329 2.1714785630206954 8
1694490558773 3.4691747985302324 9
1694490559249 0.14337882730334262 10
1694490559707 0.0021165440944315604 11
1694490560121 6.027453967828799 12
1694490560579 0.14396436692722353 13
1694490561053 0.11614266311763949 14
1694490561520 3.59121741454471 15
1694490561996 4.166596931326305 16
1694490562471 6.570723570247902 17
1694490562939 4.975297192527811 18
1694490563419 0.07327624469874838 19
1694490563902 21.530539600770858 20
1694490564334 0.8894858198002652 21
1694490564789 0.9828293745066745 22
1694490565239 0.17169633442913448 23
1694490565698 4.894565338795064 24
1694490566134 0.8011016863956578 25
1694490566567 0.21206788328792725 26
1694490567010 2.1420011594583674 27
1694490567462 17.736430618452157 28
1694490567937 4.2130873101445445 29
1694490568418 4.333452766993583 30
1694490568861 1.9409153392909513 31
1694490569278 4.139461137929227 32
1694490569709 6.767856286050294 33
1694490570192 2.740072599898228 34
1694490570673 0.21865815897734417 35
1694490571171 4.486434353048382 36
1694490571605 2.011002901575375 37
1694490572049 5.166057015004309 38
1694490572488 7.11871888905479 39
1694490572977 3.2928788759075536 40
1694490573430 1.450038091523008 41
1694490573872 2.897691584745243 42
1694490574314 20.4756334024913 43
1694490574766 0.2914931491659003 44
1694490575257 2.469146660809986 45
1694490575746 2.215442319000201 46
1694490576184 15.764804477835952 47
1694490576634 0.878485556797882 48
1694490577091 0.6707559569524412 49
