1694512661458 162.99509864976406 0
1694512661802 156.61156106136033 1
1694512662114 150.49245424847408 2
1694512662395 144.62667104113902 3
1694512662729 139.003573867682 4
1694512663054 133.61297482820584 5
1694512663372 128.4451166155568 6
1694512663691 123.49065424767694 7
1694512664023 118.74063757677908 8
1694512664367 114.1864945422582 9
1694512664687 109.82001513566189 10
1694512665010 105.63333604739483 11
1694512665382 101.61892596612454 12
1694512665695 97.76957150309373 13
1694512666061 94.07836371472953 14
1694512666401 90.53868519807457 15
1694512666718 87.14419773465077 16
1694512667055 83.88883045940655 17
1694512667383 80.76676853239334 18
1694512667765 77.77244229177055 19
1694512668170 74.90051686764976 20
1694512668492 72.14588223716287 21
1694512668829 69.50364370197462 22
1694512669194 66.96911277026032 23
1694512669531 64.53779842593578 24
1694512669882 62.205398768660224 25
1694512670206 59.96779300883527 26
1694512670529 57.821033802494476 27
1694512670834 55.761339911623175 28
1694512671150 53.78508917606278 29
1694512671522 51.888811783744885 30
1694512671869 50.0691838265645 31
1694512672226 48.32302112974269 32
1694512672636 46.64727334304651 33
1694512673013 45.03901828272916 34
1694512673367 43.49545651352862 35
1694512673748 42.01390616051595 36
1694512674150 40.5917979410202 37
1694512674528 39.22667040727271 38
1694512674880 37.916165390812026 39
1694512675279 36.658023640072344 40
1694512675615 35.450080642943426 41
1694512675980 34.290262626439805 42
1694512676397 33.176582725951675 43
1694512676748 32.10713731687054 44
1694512677089 31.080102501689243 45
1694512677491 30.093730745969992 46
1694512677838 29.146347656855223 47
1694512678204 28.23634889806506 48
1694512678615 27.362197235583384 49
