1694512661355 168.87672819721146 0
1694512661680 162.17452296512252 1
1694512661981 155.75165692698369 2
1694512662283 149.59635840324663 3
1694512662579 143.69735429305737 4
1694512662943 138.04384889782284 5
1694512663269 132.6255036458468 6
1694512663594 127.43241767964662 7
1694512663898 122.45510926919576 8
1694512664250 117.68449801590798 9
1694512664592 113.11188781367638 10
1694512664885 108.72895053471949 11
1694512665224 104.52771040935978 12
1694512665597 100.50052907017778 13
1694512665916 96.64009123224422 14
1694512666275 92.93939098234 15
1694512666616 89.39171865122803 16
1694512666932 85.99064824414731 17
1694512667283 82.73002540575747 18
1694512667642 79.60395589677634 19
1694512668013 76.60679456052218 20
1694512668392 73.73313475850186 21
1694512668725 70.9777982550746 22
1694512669037 68.33582553207292 23
1694512669431 65.80246651507662 24
1694512669768 63.373171693815976 25
1694512670100 61.04358361992738 26
1694512670419 58.80952876599934 27
1694512670716 56.66700973053134 28
1694512671047 54.6121977740834 29
1694512671380 52.641425672521436 30
1694512671720 50.75118087386429 31
1694512672096 48.93809894581281 32
1694512672474 47.198957301592465 33
1694512672878 45.53066919226733 34
1694512673266 43.93027795418823 35
1694512673597 42.394951500720396 36
1694512673988 40.92197704785894 37
1694512674406 39.50875606378242 38
1694512674754 38.15279943281925 39
1694512675128 36.85172282470687 40
1694512675492 35.60324226041245 41
1694512675847 34.4051698661555 42
1694512676236 33.25540980762884 43
1694512676618 32.15195439675524 44
1694512676978 31.09288036364352 45
1694512677327 30.07634528671972 46
1694512677715 29.100584174308796 47
1694512678077 28.163906191228133 48
1694512678445 27.264691524228294 49
