1694344418995 14.899942299304904 0
1694344419571 5.714833336447602 1
1694344420069 3.7183988469794618 2
1694344420568 4.862426925055938 3
1694344421101 8.90015018906449 4
1694344421631 5.02503998339015 5
1694344422116 6.245045193022743 6
1694344422634 3.846663098226874 7
1694344423114 3.203899467977529 8
1694344423608 2.7757195964352435 9
1694344424094 2.8151422865518945 10
1694344424569 4.388559197975775 11
1694344425080 3.026211030342119 12
1694344425572 4.244124356965355 13
1694344426041 4.09911299242541 14
1694344426545 5.347317875318974 15
1694344427034 4.718838329972608 16
1694344427481 4.385670682535818 17
1694344427827 4.4042080415273235 18
1694344428158 4.912411974830178 19
1694344428477 3.6545731979531064 20
1694344428816 6.038986057980704 21
1694344429206 3.027186248855792 22
1694344429539 5.355024663405098 23
1694344429895 4.534575917637274 24
1694344430242 6.487919243790035 25
1694344430580 3.9114379920263587 26
1694344430921 5.927966555854488 27
1694344431273 4.049271416319245 28
1694344431611 3.4387034044077436 29
1694344432019 4.6591173330537945 30
1694344432405 4.05099269009528 31
1694344432793 4.429352973804667 32
1694344433241 4.702121048342542 33
1694344433737 4.146522050734074 34
1694344434204 3.1038658540750905 35
1694344434725 4.065448886888839 36
1694344435218 4.00092654993572 37
1694344435720 6.252309645891912 38
1694344436190 3.0643320261006313 39
1694344436673 2.8270102820684815 40
1694344437150 3.5757696331141897 41
1694344437637 3.0408110838116453 42
1694344438075 7.217341532375497 43
1694344438427 3.7623562917564866 44
1694344438785 4.927641973563503 45
1694344439148 4.324925880404159 46
1694344439490 3.793461281351008 47
1694344439851 4.386642859347442 48
1694344440198 4.728792081717552 49
1694344440546 5.256224264196075 50
1694344440922 6.046249633735505 51
1694344441287 3.2608842838863903 52
1694344441648 2.3083158090597746 53
1694344442027 3.6194916187118786 54
1694344444068 4.22845014794502 55
1694344444435 3.350492395672094 56
1694344444819 3.9293208022019304 57
1694344445198 4.4190515379126705 58
1694344445548 3.2514152778122285 59
1694344445928 6.019967964166707 60
1694344446343 5.128870702844162 61
1694344447049 3.511312901810029 62
1694344447436 1.5937253921584174 63
1694344447820 6.345035866970909 64
1694344448194 2.000057881545282 65
1694344448625 4.021637473588803 66
1694344449098 4.243520045731789 67
1694344449638 4.380097733098831 68
1694344450185 4.367521203183622 69
1694344450703 4.419543351809687 70
1694344451204 5.108671338496978 71
1694344451731 2.923926851576871 72
1694344452231 6.680497300152649 73
1694344452735 5.895701636884511 74
1694344453283 4.091242135624813 75
1694344453768 4.732727156698161 76
1694344454249 6.536911131418466 77
1694344454747 6.53665389976825 78
1694344455261 4.063187803836963 79
1694344455760 5.220801688211762 80
1694344456309 4.8593361311062235 81
1694344456861 5.532039903406724 82
1694344457406 4.036572008967703 83
1694344457932 5.1131619002629725 84
1694344458515 5.577225426729837 85
1694344459087 3.454067924677127 86
1694344459622 3.4300370101970783 87
1694344460207 5.989795065504341 88
1694344460655 3.2237729618636832 89
1694344461108 4.925248338129286 90
1694344461575 4.6726775080031855 91
1694344462006 5.314413956939541 92
1694344462509 1.3375674497228982 93
1694344462952 4.456182468589229 94
1694344463404 6.2617593108908585 95
1694344463944 3.7084085916709437 96
1694344464426 5.445331817885907 97
1694344464843 3.448652625185894 98
1694344465311 4.281959544137543 99
