1694507888879 4.847259074523446 0
1694507889217 4.453191412673061 1
1694507889569 4.371599378572023 2
1694507889868 4.2101884808335095 3
1694507890203 4.255237779766498 4
1694507890545 4.3204320761801425 5
1694507890860 4.297330998311463 6
1694507891190 4.23999434029428 7
1694507891556 4.373205477450343 8
1694507891895 4.112335758061326 9
1694507892237 4.43090249846458 10
1694507892564 4.365464193586574 11
1694507892881 4.298116209868485 12
1694507893242 4.367669405923901 13
1694507893604 4.401852515420283 14
1694507893928 4.338095046675904 15
1694507894265 4.2763217106062665 16
1694507894593 4.18848848318498 17
1694507894950 4.182960444150414 18
1694507895302 4.080239856227356 19
1694507895654 4.302343300425211 20
1694507895963 4.501311310032828 21
1694507896307 4.291797914226527 22
1694507896646 4.389069035660074 23
1694507896979 4.329472159890165 24
1694507897358 4.290910105454347 25
1694507897705 4.224237963609781 26
1694507898053 4.355857222706165 27
1694507898390 4.2813031854998504 28
1694507898729 4.254989037147171 29
1694507899050 4.404958592806427 30
1694507899377 4.367660967852519 31
1694507899714 4.244876482825918 32
1694507900047 4.322725457877689 33
1694507900385 4.3680693794429954 34
1694507900722 4.183945737257031 35
1694507901036 4.378847664560323 36
1694507901337 4.378770285467351 37
1694507901664 4.405201038315063 38
1694507901978 4.197435950122837 39
1694507902266 4.342420917264526 40
1694507902569 4.267920523375846 41
1694507902913 4.530124072489091 42
1694507903242 4.3525504113962326 43
1694507903559 4.410059963591392 44
1694507903887 4.43071656782682 45
1694507904229 4.208285819308716 46
1694507904540 4.346111674849838 47
1694507904853 4.120225707010677 48
1694507905199 4.10892540308142 49
