1694507888996 -6.14813838990178 0
1694507889360 -5.567016122949603 1
1694507889676 -5.446694278727744 2
1694507889990 -5.208665442856904 3
1694507890338 -5.27509857923155 4
1694507890657 -5.371239067254222 5
1694507890990 -5.3371724537263585 6
1694507891344 -5.252619439327889 7
1694507891670 -5.449062754782682 8
1694507892042 -5.0643643453808975 9
1694507892356 -5.534147187975556 10
1694507892681 -5.437646866437747 11
1694507893038 -5.338330386650646 12
1694507893383 -5.44089884095035 13
1694507893719 -5.491307864590443 14
1694507894052 -5.397286232371525 15
1694507894398 -5.306190553712117 16
1694507894752 -5.176664969214491 17
1694507895063 -5.168512900708077 18
1694507895447 -5.017033277548409 19
1694507895754 -5.344563977185334 20
1694507896089 -5.6379773982491495 21
1694507896442 -5.329012945403406 22
1694507896765 -5.472456369131751 23
1694507897111 -5.384570265034669 24
1694507897494 -5.327703714790858 25
1694507897816 -5.229383883040793 26
1694507898176 -5.423479693545783 27
1694507898526 -5.313536616998132 28
1694507898855 -5.274731764369979 29
1694507899164 -5.495888323498157 30
1694507899486 -5.440886397525921 31
1694507899845 -5.259819019527509 32
1694507900167 -5.374621063038414 33
1694507900502 -5.441488672445392 34
1694507900838 -5.169965889164528 35
1694507901134 -5.457383154757966 36
1694507901457 -5.457269045638454 37
1694507901782 -5.496245852159427 38
1694507902074 -5.1898595872300675 39
1694507902383 -5.403665491484535 40
1694507902697 -5.293801521469514 41
1694507903040 -5.680466898039912 42
1694507903349 -5.4186032170651 43
1694507903694 -5.503411194421394 44
1694507904018 -5.533873000458611 45
1694507904332 -5.20585963287661 46
1694507904652 -5.409108164462765 47
1694507904993 -5.075999466613771 48
1694507905328 -5.05933517549741 49
