1694507888783 0.7665106440331796 0
1694507889130 22.469535537517327 1
1694507889477 0.038904020996714896 2
1694507889787 0.9317699187498235 3
1694507890105 0.00030371147534161364 4
1694507890460 2.0935437509673545 5
1694507890771 0.8083244402772133 6
1694507891107 2.77648630409345 7
1694507891465 7.00613531678355 8
1694507891790 2.121760864538953 9
1694507892153 16.773542792490698 10
1694507892475 23.163442989259007 11
1694507892799 4.193933021204492 12
1694507893159 1.4394864089999844 13
1694507893516 0.033020601798384834 14
1694507893838 1.739429666586297 15
1694507894183 0.3517058059810077 16
1694507894516 9.92339465610186 17
1694507894870 0.020282301374115387 18
1694507895210 23.464468451978505 19
1694507895564 2.9309564377318966 20
1694507895873 16.12182534066078 21
1694507896221 0.30923887031697966 22
1694507896559 4.878750588156606 23
1694507896892 5.639147448562288 24
1694507897240 2.1932646592560667 25
1694507897609 7.765297803987121 26
1694507897944 3.0269035003878724 27
1694507898294 3.093169332818551 28
1694507898637 0.8599674001982862 29
1694507898974 7.94722922554393 30
1694507899277 1.8708598892878885 31
1694507899609 1.0631236837981421 32
1694507899964 4.600537451588921 33
1694507900294 4.304624876068228 34
1694507900617 0.41800737217640543 35
1694507900958 1.0115492629700318 36
1694507901254 8.787977153366203 37
1694507901573 0.03347161405593296 38
1694507901896 0.0207140393231862 39
1694507902188 5.803882519686399 40
1694507902492 0.029395938817811496 41
1694507902823 1.03644307245138 42
1694507903159 0.2623825053388023 43
1694507903472 5.148476066992355 44
1694507903806 2.480557622459339 45
1694507904146 0.10394750184480239 46
1694507904460 0.004264190605291613 47
1694507904762 1.0181739040263436 48
1694507905109 11.407775968371359 49
