1694493625691 0.35537286994287803 0
1694493626140 0.21760572854786217 1
1694493626543 0.20680875323721787 2
1694493626920 0.22064364294314281 3
1694493627353 0.21108159821351044 4
1694493627812 0.21557255297975264 5
1694493628189 1.0071747061321306 6
1694493628635 0.2172159669740446 7
1694493629037 0.21177867833812428 8
1694493629388 14.304388740394051 9
1694493629843 0.207975508965638 10
1694493630302 0.20458463472593436 11
1694493630690 0.2032773067852558 12
1694493631162 0.21095893501719673 13
1694493631584 0.22603337952117614 14
1694493632014 0.20927440435423447 15
1694493632446 0.21011144541453636 16
1694493632897 0.2098549672093357 17
1694493633278 0.21296581632502368 18
1694493633702 0.20047460895157143 19
1694493634104 5.575607948897576 20
1694493634503 0.20349116746192894 21
1694493634870 0.20494729418211738 22
1694493635308 0.20478970069372462 23
1694493635763 0.2122728759121275 24
1694493636188 0.21743805580073808 25
1694493636636 0.21246932089653436 26
1694493637057 0.2096522812281994 27
1694493637518 0.20957914217234222 28
1694493637922 0.3209535477381853 29
1694493638320 0.2114484559561483 30
1694493638701 0.21396582658830926 31
1694493639116 0.20372881331133003 32
1694493639594 0.21561469075443535 33
1694493640007 0.20906593909564297 34
1694493640451 0.20823904204033844 35
1694493640926 0.22262520652030665 36
1694493641330 0.20437342253720095 37
1694493641737 0.20671400096933437 38
1694493642119 0.20891653758368156 39
1694493642582 0.20704551925748982 40
1694493642977 0.20843571753785153 41
1694493643427 0.20962533060763042 42
1694493643818 0.2228959968059773 43
1694493644301 0.21751931963203294 44
1694493644722 0.21895150761322324 45
1694493645255 0.19793680200811045 46
1694493645704 0.22180182920469604 47
1694493646088 0.19906870688433034 48
1694493646495 0.2022579861450492 49
