1694493625841 0.5020948590357481 0
1694493626305 0.6951173820199963 1
1694493626678 0.7102447875388755 2
1694493627068 0.690861026729108 3
1694493627522 0.7042581980713642 4
1694493627933 0.6979660197564879 5
1694493628332 -0.41113041103265435 6
1694493628769 0.6956634684204164 7
1694493629167 0.7032815343835452 8
1694493629564 -19.041565619058574 9
1694493630022 0.7086100716543365 10
1694493630421 0.7133609512490087 11
1694493630802 0.7151926197798526 12
1694493631340 0.7044300587878605 13
1694493631728 0.6833095849122994 14
1694493632163 0.7067902177874363 15
1694493632628 0.7056174578995207 16
1694493633042 0.7059768038927453 17
1694493633422 0.7016182613632773 18
1694493633847 0.7191194183004743 19
1694493634252 -6.811862121617444 20
1694493634620 0.7148929842719907 21
1694493635028 0.7128528370317307 22
1694493635450 0.7130736378150484 23
1694493635908 0.7025891249917202 24
1694493636369 0.6953523046318606 25
1694493636811 0.702313890228671 26
1694493637234 0.7062607827795562 27
1694493637680 0.7063632563080571 28
1694493638049 0.5503190171628899 29
1694493638473 0.7037442017269294 30
1694493638848 0.7002171688961261 31
1694493639264 0.7145600238798127 32
1694493639737 0.6979069814437246 33
1694493640175 0.7070822938932512 34
1694493640599 0.7082408412380456 35
1694493641057 0.6880847014221818 36
1694493641480 0.7136568760184532 37
1694493641863 0.7103775428651469 38
1694493642295 0.7072916170778978 39
1694493642727 0.7099130598560112 40
1694493643137 0.7079652835081345 41
1694493643558 0.7062985427034795 42
1694493643961 0.6877053030866243 43
1694493644446 0.695238447658528 44
1694493644940 0.6932318404609203 45
1694493645400 0.7226750839992293 46
1694493645825 0.6892383173368175 47
1694493646229 0.7210891968800383 48
1694493646664 0.716620767592969 49
