1694493625547 2.046073529509519 0
1694493626000 0.12366761910058603 1
1694493626436 0.00019340403952065513 2
1694493626806 0.5608946167662006 3
1694493627244 1.3013771327088308 4
1694493627699 0.03277611918967545 5
1694493628081 0.024013694097474055 6
1694493628468 0.27901189728272924 7
1694493628933 0.40855524431760015 8
1694493629288 8.971066502704 9
1694493629732 0.1569764456631569 10
1694493630189 0.2835373892567762 11
1694493630565 0.3181180337821126 12
1694493630980 0.09389336823732278 13
1694493631480 0.030543260189155083 14
1694493631872 0.4515535541457474 15
1694493632316 0.2290223002807985 16
1694493632776 1.2085619983518303 17
1694493633166 0.5793738727913553 18
1694493633570 0.020581022366031636 19
1694493633990 20.295275019749905 20
1694493634390 0.9259564877223967 21
1694493634766 0.2802864298528068 22
1694493635171 0.08748679698505511 23
1694493635591 2.2255132201123224 24
1694493636072 0.19978399554122991 25
1694493636511 0.31300025741330556 26
1694493636961 0.7971319236289588 27
1694493637389 0.03073279047228916 28
1694493637814 0.126631875200006 29
1694493638194 0.00011898135663174136 30
1694493638593 0.13773801905956765 31
1694493638978 0.0067238467554317375 32
1694493639454 0.018393994218569243 33
1694493639873 0.054282870963937996 34
1694493640315 0.0018787937296392567 35
1694493640750 0.20465845618457654 36
1694493641186 2.471844592334533 37
1694493641622 0.015403936011613426 38
1694493642000 0.027189875194709272 39
1694493642468 0.014313339411450833 40
1694493642871 8.525655344252227e-08 41
1694493643302 0.022060898777377762 42
1694493643691 0.06777589478018842 43
1694493644105 0.28175471864527524 44
1694493644586 0.3293519282037058 45
1694493645147 0.12403330620286994 46
1694493645563 0.22560704913823448 47
1694493645970 0.017827912019382455 48
1694493646365 0.42757361090647467 49
