1694512016565 -48.41043943983671 0
1694512016893 -13.716271666479264 1
1694512017232 -6.967208223536938 2
1694512017592 -5.272660604656958 3
1694512017958 -4.594311808656924 4
1694512018283 -4.1989698151947366 5
1694512018613 -3.917164544597627 6
1694512018963 -3.6849431745714583 7
1694512019331 -3.488274111725982 8
1694512019678 -3.318644503895813 9
1694512020025 -3.1610190534152762 10
1694512020355 -3.017136277932144 11
1694512020740 -2.8806350677460375 12
1694512021086 -2.7548173342382793 13
1694512021436 -2.6362613418237157 14
1694512021758 -2.5195910274783127 15
1694512022090 -2.4122101740898123 16
1694512022387 -2.3042734383191594 17
1694512022721 -2.2046354324610307 18
1694512023059 -2.1058996294725065 19
1694512023401 -2.0153610675016482 20
1694512023744 -1.9251931973514984 21
1694512024106 -1.839324530730409 22
1694512024427 -1.7543557507688923 23
1694512024749 -1.6732884033152926 24
1694512025069 -1.599628943411037 25
1694512025442 -1.525760310047506 26
1694512025783 -1.4510162590425377 27
1694512026122 -1.3806615143572265 28
1694512026483 -1.3162824988792217 29
1694512026838 -1.2492954594533177 30
1694512027162 -1.1877648143039643 31
1694512027510 -1.1276604764721943 32
1694512027839 -1.0702070256695424 33
1694512028184 -1.011860481649637 34
1694512028492 -0.9577566625877074 35
1694512028804 -0.9027564837069035 36
1694512029119 -0.8524543216046097 37
1694512029485 -0.8026192614448966 38
1694512029823 -0.7547667419577724 39
1694512030154 -0.7091425970491605 40
1694512030480 -0.6647418781934187 41
1694512030806 -0.6199455067188102 42
1694512031119 -0.5776031269249131 43
1694512031481 -0.5358049768519728 44
1694512031808 -0.49671816249682066 45
1694512032145 -0.4592806208090974 46
1694512032483 -0.42283403459456315 47
1694512032791 -0.3863528298812682 48
1694512033085 -0.3510869822984135 49
