1694512016330 16.35563651365361 0
1694512016684 2.6564148566075785 1
1694512017015 0.13478476257185856 2
1694512017351 0.016651608985216452 3
1694512017723 0.03739098235945415 4
1694512018075 11.031653162103952 5
1694512018409 4.600816101734017 6
1694512018731 16.05805746245359 7
1694512019105 0.16421488243640153 8
1694512019459 0.08871555798786933 9
1694512019807 1.4872547672552294 10
1694512020146 15.23671038377472 11
1694512020527 0.24944804949857696 12
1694512020899 0.40064557741085727 13
1694512021221 4.2134693348245165 14
1694512021559 2.258685326268484 15
1694512021892 2.7698376793944655 16
1694512022208 0.023049008959318502 17
1694512022514 0.062269160179145154 18
1694512022834 3.69886850163107 19
1694512023197 1.586903838070655 20
1694512023517 2.2201484582488775 21
1694512023872 0.3455288790914632 22
1694512024218 0.007619014829493221 23
1694512024553 0.12690564532725027 24
1694512024860 0.5200895102407316 25
1694512025190 0.00029653121371985317 26
1694512025576 0.06416749084981967 27
1694512025899 0.06874025037918033 28
1694512026259 0.7551814510825982 29
1694512026613 0.02352725575528619 30
1694512026967 0.0002442687612012903 31
1694512027302 1.086309619214977 32
1694512027634 0.029838463962511632 33
1694512027968 0.9411532279045061 34
1694512028303 0.5825732633853206 35
1694512028601 8.113554287357323 36
1694512028912 0.43761606458918545 37
1694512029247 0.010581213095882913 38
1694512029615 0.0791184101928644 39
1694512029947 0.3283096432602744 40
1694512030283 2.47413725785033 41
1694512030617 0.9748301639913068 42
1694512030922 5.893367668284557 43
1694512031237 1.5388362951894825 44
1694512031594 0.42563920322297905 45
1694512031936 0.24266725368789857 46
1694512032274 0.8271386279779014 47
1694512032592 0.1050997459657797 48
1694512032904 0.05812157832580059 49
