1694513239078 168.00841368538306 0
1694513239435 167.33620833413727 1
1694513239823 166.66680869142735 2
1694513240210 166.0002029409097 3
1694513240526 165.3363793162561 4
1694513240890 164.67532610094105 5
1694513241236 164.01703162803042 6
1694513241576 163.3614842799707 7
1694513241914 162.70867248837936 8
1694513242255 162.05858473383586 9
1694513242588 161.4112095456739 10
1694513242949 160.7665355017741 11
1694513243311 160.12455122835792 12
1694513243659 159.48524539978249 13
1694513244039 158.8486067383359 14
1694513244410 158.21462401403375 15
1694513244815 157.5832860444166 16
1694513245176 156.95458169434795 17
1694513245575 156.3284998758132 18
1694513245967 155.70502954771976 19
1694513246344 155.0841597156975 20
1694513246738 154.46587943190067 21
1694513247126 153.85017779481 22
1694513247475 153.23704394903615 23
1694513247898 152.62646708512372 24
1694513248253 152.01843643935624 25
1694513248639 151.41294129356191 26
1694513249043 150.8099709749202 27
1694513249387 150.2095148557693 28
1694513249763 149.6115623534143 29
1694513250117 149.01610292993632 30
1694513250448 148.4231260920022 31
1694513250801 147.83262139067543 32
1694513251178 147.24457842122746 33
1694513251548 146.65898682295 34
1694513251910 146.07583627896818 35
1694513252264 145.49511651605437 36
1694513252644 144.9168173044429 37
1694513252984 144.34092845764542 38
1694513253399 143.76743983226723 39
1694513253725 143.1963413278244 40
1694513254046 142.62762288656134 41
1694513254397 142.06127449326956 42
1694513254757 141.49728617510704 43
1694513255134 140.93564800141823 44
1694513255499 140.37635008355505 45
1694513255854 139.81938257469858 46
1694513256200 139.26473566968122 47
1694513256554 138.71239960481023 48
1694513256895 138.16236465769137 49
