1694513239210 -246.75803670222766 0
1694513239581 -245.76675135864207 1
1694513239970 -244.77960352712 2
1694513240318 -243.79657578237894 3
1694513240655 -242.8176507728927 4
1694513241035 -241.84281122057806 5
1694513241353 -240.872039920483 6
1694513241697 -239.905319740476 7
1694513242032 -238.94263362093668 8
1694513242391 -237.98396457444792 9
1694513242705 -237.0292956854892 10
1694513243079 -236.078610110131 11
1694513243438 -235.13189107573103 12
1694513243782 -234.18912188063138 13
1694513244172 -233.2502858938568 14
1694513244579 -232.3153665548149 15
1694513244948 -231.38434737299684 16
1694513245324 -230.45721192768002 17
1694513245719 -229.53394386763156 18
1694513246106 -228.614526910813 19
1694513246501 -227.69894484408667 20
1694513246880 -226.78718152292316 21
1694513247253 -225.87922087110968 22
1694513247668 -224.9750468804601 23
1694513248012 -224.07464361052607 24
1694513248363 -223.1779951883093 25
1694513248772 -222.2850858079752 26
1694513249164 -221.39589973056755 27
1694513249498 -220.51042128372472 28
1694513249894 -219.6286348613966 29
1694513250235 -218.75052492356326 30
1694513250574 -217.87607599595438 31
1694513250932 -217.00527266977022 32
1694513251315 -216.1380996014035 33
1694513251647 -215.2745415121626 34
1694513252031 -214.41458318799602 35
1694513252401 -213.55820947921774 36
1694513252756 -212.7054053002341 37
1694513253125 -211.85615562927154 38
1694513253509 -211.01044550810562 39
1694513253840 -210.16826004179143 40
1694513254171 -209.32958439839447 41
1694513254535 -208.49440380872358 42
1694513254895 -207.66270356606427 43
1694513255271 -206.83446902591353 44
1694513255630 -206.00968560571582 45
1694513255966 -205.18833878459995 46
1694513256346 -204.370414103117 47
1694513256668 -203.55589716298016 48
1694513257012 -202.74477362680432 49
