1694513238957 169.34393326977317 0
1694513239290 168.6732816661585 1
1694513239676 168.00541565923396 2
1694513240060 167.3403235356479 3
1694513240403 166.677993631636 4
1694513240733 166.0184143328103 5
1694513241123 165.36157407394924 6
1694513241449 164.70746133878893 7
1694513241785 164.05606465981472 8
1694513242133 163.4073726180539 9
1694513242478 162.76137384286963 10
1694513242812 162.11805701175507 11
1694513243176 161.47741085012905 12
1694513243531 160.8394241311322 13
1694513243889 160.204085675424 14
1694513244277 159.57138435098096 15
1694513244689 158.94130907289536 16
1694513245061 158.31384880317478 17
1694513245437 157.68899255054302 18
1694513245830 157.0667293702412 19
1694513246201 156.4470483638302 20
1694513246607 155.8299386789937 21
1694513246985 155.21538950934206 22
1694513247348 154.60339009421713 23
1694513247757 153.993929718498 24
1694513248123 153.3869977124072 25
1694513248476 152.78258345131815 26
1694513248907 152.18067635556312 27
1694513249255 151.58126589024212 28
1694513249614 150.98434156503282 29
1694513249997 150.3898929340009 30
1694513250322 149.7979095954113 31
1694513250663 149.20838119154067 32
1694513251032 148.62129740848994 33
1694513251417 148.03664797599833 34
1694513251759 147.45442266725786 35
1694513252136 146.8746112987284 36
1694513252504 146.29720372995428 37
1694513252852 145.72218986338063 38
1694513253248 145.14955964417146 39
1694513253628 144.579303060028 40
1694513253944 144.01141014100773 41
1694513254291 143.4458709593447 42
1694513254634 142.88267562927012 43
1694513254998 142.3218143068339 44
1694513255374 141.76327718972686 45
1694513255734 141.20705451710396 46
1694513256074 140.65313656940808 47
1694513256436 140.1015136681943 48
1694513256791 139.55217617595557 49
