1694508721973 162.38359962014044 0
1694508722368 156.00428393234725 1
1694508722771 149.9010661529692 2
1694508723146 144.0616093777928 3
1694508723548 138.4741369849474 4
1694508723927 133.12740697102404 5
1694508724301 128.0106874681973 6
1694508724694 123.11373338786098 7
1694508725066 118.4267641388063 8
1694508725461 113.94044237037127 9
1694508725849 109.64585369328212 10
1694508758913 105.53448733309148 11
1694508787914 101.59821767320093 12
1694508788333 97.8292866464436 13
1694508788718 94.2202869360969 14
1694508806941 90.76414594900334 15
1694508852464 87.45411052520171 16
1694508901710 84.28373235011418 17
1694508902085 81.24685403690418 18
1694508902511 78.33759584811499 19
1694508902914 75.55034302712549 20
1694508903289 72.8797337113204 21
1694508903687 70.32064740016992 22
1694508904064 67.86819395265103 23
1694508904490 65.51770308962408 24
1694508904872 63.26471437790267 25
1694508905240 61.10496767383031 26
1694508905627 59.03439400520064 27
1694508906006 57.04910687133463 28
1694508906409 55.14539394206099 29
1694508906825 53.31970913723317 30
1694508907218 51.5686650692654 31
1694508907582 49.889025831977456 32
1694508907962 48.27770011980963 33
1694508908387 46.73173466220429 34
1694508908814 45.248307958652404 35
1694508909174 43.82472430057175 36
1694508909562 42.458408066822194 37
1694508909993 41.14689828027189 38
1694508910364 39.887843413408554 39
1694508910737 38.67899643154393 40
1694508911105 37.51821006268762 41
1694508911479 36.40343228366992 42
1694508911871 35.332702012574146 43
1694508912245 34.304144997996964 44
1694508912619 33.31596989609219 45
1694508912978 32.36646452677081 46
1694508913340 31.45399230082735 47
1694508913730 30.576988810141973 48
1694508914105 29.733958573469714 49
