1694508722135 -228.77113120764972 0
1694508722531 -219.74446481188184 1
1694508722905 -211.10847413021943 2
1694508723293 -202.84570256948822 3
1694508723691 -194.93948633029382 4
1694508724059 -187.37391809289227 5
1694508724446 -180.13381237416837 6
1694508724819 -173.20467247861927 7
1694508725207 -166.57265896980437 8
1694508725614 -160.22455959211965 9
1694508726004 -154.14776057599568 10
1694508775537 -148.33021926271076 11
1694508788058 -142.7604379879568 12
1694508788475 -137.42743916610885 13
1694508788851 -132.3207415198301 14
1694508822468 -127.43033740220199 15
1694508869980 -122.74667116100875 16
1694508901854 -118.26061849713149 17
1694508902257 -113.96346677122719 18
1694508902668 -109.84689621498303 19
1694508903064 -105.90296200525611 20
1694508903454 -102.12407716133303 21
1694508903808 -98.50299622738059 22
1694508904225 -95.0327997039096 23
1694508904614 -91.70687919374522 24
1694508905001 -88.51892322958831 25
1694508905353 -85.46290375177432 26
1694508905752 -82.53306320628363 27
1694508906143 -79.72390223443998 28
1694508906566 -77.03016792705256 29
1694508906949 -74.44684261701383 30
1694508907353 -71.9691331855652 31
1694508907731 -69.59246085858634 32
1694508908114 -67.31245147035466 33
1694508908529 -65.12492617326257 34
1694508908930 -63.02589257297234 35
1694508909307 -61.01153626943498 36
1694508909747 -59.07821278510281 37
1694508910126 -57.222439862526265 38
1694508910492 -55.440890114347106 39
1694508910878 -53.730384009483444 40
1694508911252 -52.0878831800496 41
1694508911636 -50.51048403426616 42
1694508911998 -48.99541166129583 43
1694508912394 -47.540014014588856 44
1694508912761 -46.14175636094011 45
1694508913127 -44.798215983050554 46
1694508913496 -43.50707712394751 47
1694508913885 -42.266126162155665 48
1694508914236 -41.07324700702199 49
