1694508721820 169.17813275916612 0
1694508722234 162.49000205166772 1
1694508722621 156.0920454425352 2
1694508723002 149.97128784461495 3
1694508723397 144.1153432870809 4
1694508723776 138.51238795004994 5
1694508724150 133.15113443898923 6
1694508724536 128.02080724176557 7
1694508724916 123.1111193138267 8
1694508725307 118.41224973951971 9
1694508725712 113.9148224199526 10
1694508744431 109.60988574009454 11
1694508787781 105.48889316999329 12
1694508788175 101.54368475707206 13
1694508788570 97.766469468453 14
1694508788958 94.14980834415067 15
1694508839645 90.6865984237847 16
1694508885336 87.37005741118541 17
1694508901954 84.19370904290928 18
1694508902358 81.15136912824985 19
1694508902770 78.23713222982512 20
1694508903159 75.44535895524822 21
1694508903549 72.77066383175016 22
1694508903926 70.20790373691955 23
1694508904340 67.75216685996357 24
1694508904716 65.39876216907376 25
1694508905109 63.14320936160723 26
1694508905473 60.98122927486737 27
1694508905857 58.908734736293205 28
1694508906266 56.92182183284301 29
1694508906681 55.016761580290634 30
1694508907064 53.1899919740412 31
1694508907453 51.43811040392153 32
1694508907827 49.75786641620894 33
1694508908220 48.14615480693376 34
1694508908649 46.600009031226776 35
1694508909031 45.11659491418457 36
1694508909427 43.69320464939531 37
1694508909862 42.327251071906105 38
1694508910216 41.01626219302197 39
1694508910594 39.75787598490794 40
1694508910980 38.549835403519225 41
1694508911348 37.38998363891378 42
1694508911727 36.27625958250518 43
1694508912086 35.20669350129509 44
1694508912476 34.17940290958304 45
1694508912850 33.192588629088945 46
1694508913214 32.24453102884144 47
1694508913589 31.33358643658251 48
1694508913974 30.45818371381968 49
