1694510561427 120.91448533548258 0
1694510561728 87.08731653167801 1
1694510562068 63.35237541782741 2
1694510562385 46.65509226479048 3
1694510562671 34.8626828946851 4
1694510562950 26.508209332429892 5
1694510563240 20.54751443049245 6
1694510563524 16.281741317210205 7
1694510563775 13.204558694042298 8
1694510564079 10.962038312732874 9
1694510564352 9.317919327787733 10
1694510564632 8.099057341884668 11
1694510564924 7.181893548020556 12
1694510565216 6.484157121799509 13
1694510565482 5.943954420097195 14
1694510565765 5.51973234012978 15
1694510566060 5.180814927272438 16
1694510566368 4.905982120708764 17
1694510566674 4.679764460950851 18
1694510566944 4.490561595784985 19
1694510567216 4.329079711009646 20
1694510567490 4.189764796067936 21
1694510567792 4.067781552807039 22
1694510568074 3.960388652469071 23
1694510568355 3.864251672191896 24
1694510568635 3.7775027579470817 25
1694510568930 3.698828551245425 26
1694510569195 3.62700618959965 27
1694510569494 3.561060179385283 28
1694510569775 3.5000376305454775 29
1694510570052 3.4428995020399986 30
1694510570319 3.3896406637820213 31
1694510570608 3.339146636993136 32
1694510570903 3.2919112303356997 33
1694510571208 3.24703607048438 34
1694510571533 3.204820623144508 35
1694510571819 3.16434217072641 36
1694510572106 3.1256825681538887 37
1694510572433 3.0887285080924403 38
1694510572749 3.05309049902 39
1694510573035 3.0188603696541194 40
1694510573373 2.9857325892153277 41
1694510573709 2.954049807810465 42
1694510574030 2.923223645776177 43
1694510574366 2.893579831901276 44
1694510574696 2.8644554572312275 45
1694510575045 2.8364609251964175 46
1694510575356 2.8093781552405814 47
1694510575673 2.7827237561126243 48
1694510576000 2.756929893241267 49
