1694510561555 -170.09275899731148 0
1694510561882 -122.2276614148936 1
1694510562218 -88.64296270373141 2
1694510562498 -65.01647796547908 3
1694510562776 -48.33033942087734 4
1694510563072 -36.508844851633334 5
1694510563362 -28.074522582600654 6
1694510563618 -22.038497294290256 7
1694510563904 -17.68431538237433 8
1694510564175 -14.511171998590346 9
1694510564469 -12.184760465070166 10
1694510564736 -10.460083232011627 11
1694510565038 -9.162305852326547 12
1694510565324 -8.175015951667712 13
1694510565603 -7.41063465859423 14
1694510565900 -6.8103647580291895 15
1694510566213 -6.33080008819573 16
1694510566508 -5.941914480259764 17
1694510566773 -5.621818807400473 18
1694510567048 -5.354098689983532 19
1694510567327 -5.125603476050789 20
1694510567621 -4.9284742975183775 21
1694510567913 -4.755869256997045 22
1694510568188 -4.603909402356251 23
1694510568471 -4.467876559379205 24
1694510568756 -4.345127733736137 25
1694510569027 -4.233804536609142 26
1694510569294 -4.132176630096668 27
1694510569603 -4.038863700705817 28
1694510569888 -3.9525174187604994 29
1694510570152 -3.8716675518250234 30
1694510570433 -3.796306840879047 31
1694510570712 -3.7248583098595835 32
1694510571018 -3.658020692968954 33
1694510571333 -3.5945228011480914 34
1694510571652 -3.534788375304534 35
1694510571943 -3.4775117794943746 36
1694510572232 -3.4228088375968806 37
1694510572553 -3.370519220893611 38
1694510572867 -3.3200918028679087 39
1694510573177 -3.271656520215097 40
1694510573512 -3.2247810500098177 41
1694510573835 -3.1799502386456817 42
1694510574183 -3.1363315349220438 43
1694510574514 -3.0943858417407224 44
1694510574862 -3.053175149716979 45
1694510575168 -3.013563173456358 46
1694510575490 -2.975241331204148 47
1694510575797 -2.93752562928833 48
1694510576139 -2.9010275773666403 49
