1694510561341 119.08186797126352 0
1694510561637 90.45527241187914 1
1694510561975 61.702806645289876 2
1694510562299 42.438973010864075 3
1694510562587 34.21368547553463 4
1694510562859 22.060363710959972 5
1694510563149 23.7312687898634 6
1694510563447 14.233615460618072 7
1694510563704 9.47923969616169 8
1694510563987 13.138534497593714 9
1694510564262 8.723272808607367 10
1694510564555 7.170743595987224 11
1694510564826 7.755674641423036 12
1694510565126 4.864082463609193 13
1694510565407 4.440121529109135 14
1694510565685 5.230549154735275 15
1694510565979 5.488682219498964 16
1694510566287 5.689132458823421 17
1694510566591 4.958669290001292 18
1694510566856 2.709184200763017 19
1694510567127 4.58542588831987 20
1694510567405 3.476544004445065 21
1694510567704 4.018217778708099 22
1694510567998 3.4442666105491453 23
1694510568268 4.717908327454958 24
1694510568554 4.913215821855535 25
1694510568832 4.067357859095569 26
1694510569117 4.3528242354034585 27
1694510569399 1.8568329063756013 28
1694510569692 1.3940871937313166 29
1694510569967 3.0525801189071684 30
1694510570238 3.2699198461096888 31
1694510570519 3.5458429065697814 32
1694510570806 2.1811322493258114 33
1694510571110 3.953219425754037 34
1694510571427 3.1329340527390737 35
1694510571734 2.5154351509960735 36
1694510572019 3.4411613030259662 37
1694510572327 2.0160868304498836 38
1694510572654 4.304950577444499 39
1694510572953 3.6721475162880224 40
1694510573274 3.263575892598845 41
1694510573606 2.3625702522709693 42
1694510573938 3.7045868158875432 43
1694510574275 0.8605232596593444 44
1694510574605 5.050075357785662 45
1694510574955 2.2144405753120084 46
1694510575265 1.734615324455695 47
1694510575585 2.85919736525302 48
1694510575904 3.212499223928975 49
