1694352947630 52.20437686397622 0
1694352947877 38.07796710719757 1
1694352948118 5.424898781011968 2
1694352948381 5.54725228068858 3
1694352948604 1.7420059004289379 4
1694352948825 0.22882503224179407 5
1694352949048 0.42773601668718125 6
1694352949300 7.262522896847203 7
1694352949538 0.011195646894691717 8
1694352949784 1.8586149117708006 9
1694352949995 2.199741740769982 10
1694352950223 6.982898859181769 11
1694352950482 1.6803804085421392 12
1694352950702 25.972566595492335 13
1694352950912 0.24508005160938287 14
1694352951108 0.3753581656454948 15
1694352951330 0.7562884191341117 16
1694352951560 4.533286027145224 17
1694352951790 2.0066224928293854 18
1694352952018 5.334698141891351 19
1694352952240 0.06542554867656053 20
1694352952489 2.339719922946195 21
1694352952711 0.4799494222017831 22
1694352952919 0.30652308146265944 23
1694352953155 0.03354869403518755 24
1694352953367 0.697700552459306 25
1694352953615 2.6069646361754852 26
1694352953853 19.34142725504746 27
1694352954063 1.8077210440456446 28
1694352954271 10.5013057342429 29
1694352954518 0.006547896693045133 30
1694352954751 0.05517996947977468 31
1694352955008 24.246609352673794 32
1694352955226 0.6819572843891358 33
1694352955433 0.1741712710050674 34
1694352955645 3.0368044667400946 35
1694352955896 0.7059562639106248 36
1694352956119 5.55127681995859 37
1694352956345 24.93065330109271 38
1694352956578 0.14069385656012678 39
1694352956823 0.28046914642498183 40
1694352957087 0.437416403971577 41
1694352957321 1.6383581398393907 42
1694352957570 29.193393740059747 43
1694352957809 8.557593304473121 44
1694352958055 18.080719520550733 45
1694352958323 2.992861676861893 46
1694352958585 0.3575499627641662 47
1694352958833 1.2232877352784512 48
1694352959048 1.1683088298915987 49
1694352959282 3.447923983200661 50
1694352959501 5.43019517044939 51
1694352959763 6.65245487683074 52
1694352959965 0.0006900099980822075 53
1694352960237 0.2720904839314243 54
1694352960469 0.38239412796803757 55
1694352960694 6.811900721002305 56
1694352960933 0.000846866693894768 57
1694352961183 2.5932524580423686 58
1694352961407 4.459399564995175 59
1694352961615 9.14334606455488 60
1694352961833 0.008983077373499732 61
1694352962064 0.5752893620353967 62
1694352962304 1.7692819425818713 63
1694352962504 1.468042471127996 64
1694352962745 20.959077682333817 65
1694352962947 0.002908179610216506 66
1694352963160 5.565169722518908 67
1694352963351 1.0593397939289035 68
1694352963563 0.008299679393596755 69
1694352963748 2.391913846522016 70
1694352963936 3.7736787773105736 71
1694352964121 0.8971269764027051 72
1694352964295 0.029649974288506856 73
1694352964487 2.0878913533521066 74
1694352964674 0.42677263338610816 75
1694352964869 8.879702731794586 76
1694352965070 4.992099823915295 77
1694352965255 5.222526749389171 78
1694352965463 1.468996431855612 79
1694352965658 0.23482452059969397 80
1694352965852 9.522941831743893 81
1694352966056 0.8125685176982909 82
1694352966255 0.069375788785975 83
1694352966451 0.6921616243484414 84
1694352966656 1.7995684044751667 85
1694352966853 3.4022352244734986 86
1694352967037 1.4796365337332962 87
1694352967213 3.444929459553681 88
1694352967400 0.8362744022127947 89
1694352967590 3.718681385101097 90
1694352967779 1.8093850144906984 91
1694352967960 1.0693693885866538 92
1694352968129 0.4330653334588227 93
1694352968328 0.6777767471393339 94
1694352968526 0.13934350503035592 95
1694352968712 0.16240433439654298 96
1694352968915 18.390678050771797 97
1694352969130 0.10491558930778495 98
1694352969322 0.0019108291396064455 99
