1694509277513 2.8880831551049995 0
1694509277816 2.0418078880045742 1
1694509278163 1.5071541895747713 2
1694509278498 1.1323043460234707 3
1694509278781 0.8742170824257595 4
1694509279119 0.6579953172650003 5
1694509279429 0.54223321378149 6
1694509279739 0.4570093476732307 7
1694509280049 0.4016295845850389 8
1694509280339 0.3751889080083616 9
1694509280681 0.3444697527835365 10
1694509280957 0.3697998454410686 11
1694509281280 0.37155877871783427 12
1694509281567 0.3256988679343816 13
1694509281860 0.33495401963190086 14
1694509282162 0.31697788203118926 15
1694509282474 0.3467117538406361 16
1694509282826 0.3103179995465084 17
1694509283174 0.32196401745710046 18
1694509283485 0.33858350818592947 19
1694509283848 0.3783115657907847 20
1694509284178 0.3261172699977411 21
1694509284482 0.32364177959297896 22
1694509284811 0.3242094410871284 23
1694509285106 0.3238364460707208 24
1694509285415 0.3155281870904023 25
1694509285713 0.3653975644362839 26
1694509286022 0.317686381479235 27
1694509286349 0.3131817371249346 28
1694509286650 0.3219700440619709 29
1694509286955 0.31929652142729154 30
1694509287250 0.3115954819679704 31
1694509287550 0.32570142554661075 32
1694509287836 0.3189189171706231 33
1694509288170 0.3146614678613166 34
1694509288507 0.32014747580451125 35
1694509288816 0.32477892639873984 36
1694509289157 0.3319031539460579 37
1694509289468 0.3232266752224529 38
1694509289811 0.3189902782430473 39
1694509290129 0.32374800166495293 40
1694509290454 0.3095889309514391 41
1694509290792 0.31299042229945867 42
1694509291088 0.3254931360848333 43
1694509291413 0.32552918643269 44
1694509291744 0.3258542098485366 45
1694509292047 0.3183655440409003 46
1694509292392 0.35802148059222033 47
1694509292733 0.31726542702380106 48
1694509293041 0.3405381664910722 49
