1694509277614 -3.0464300234572663 0
1694509277958 -1.860732290740848 1
1694509278282 -1.1116407094770921 2
1694509278608 -0.5864468075795213 3
1694509278910 -0.22484639789334615 4
1694509279224 0.07809717931110349 5
1694509279540 0.2402889258632256 6
1694509279855 0.359694217198414 7
1694509280144 0.4372855897514881 8
1694509280469 0.47433104232139534 9
1694509280775 0.5173709775730025 10
1694509281057 0.4818815397965248 11
1694509281369 0.47941713692509713 12
1694509281660 0.5436704530178909 13
1694509281958 0.5307032627781306 14
1694509282277 0.5558892352681346 15
1694509282607 0.5142297590197781 16
1694509282920 0.5652202506826579 17
1694509283272 0.548903270181649 18
1694509283625 0.5256180658962971 19
1694509283981 0.46995595492772235 20
1694509284275 0.5430842390551586 21
1694509284597 0.5465525944170546 22
1694509284902 0.5457572563364919 23
1694509285220 0.5462798514807223 24
1694509285524 0.5579203710832117 25
1694509285816 0.4880494792472878 26
1694509286139 0.5548965722164813 27
1694509286453 0.5612079307132126 28
1694509286753 0.548894826437623 29
1694509287058 0.5526406404174722 30
1694509287358 0.5634303980547981 31
1694509287631 0.5436668696034404 32
1694509287959 0.5531696934672321 33
1694509288287 0.559134712403087 34
1694509288604 0.5514483868860987 35
1694509288938 0.5449593629452474 36
1694509289256 0.5349777638384304 37
1694509289570 0.5471341880546186 38
1694509289917 0.5530697110323589 39
1694509290240 0.5464037689996044 40
1694509290581 0.5662417327154843 41
1694509290885 0.5614759777229983 42
1694509291194 0.5439586994041911 43
1694509291548 0.5439081900517627 44
1694509291848 0.5434528068659 45
1694509292189 0.5539450124334907 46
1694509292508 0.49838394869267055 47
1694509292854 0.5554863622798197 48
1694509293150 0.5228794369764376 49
