1694509277435 4.825082114953981 0
1694509277739 0.016195157745665524 1
1694509278061 0.5441421266044578 2
1694509278411 0.2656582950648764 3
1694509278708 0.13343040713206986 4
1694509279023 0.05759147556007266 5
1694509279343 0.30066177131408134 6
1694509279650 0.11809060484532377 7
1694509279961 0.10161702004913839 8
1694509280260 5.0620661409457695 9
1694509280597 0.012532246694022461 10
1694509280882 0.3088167597658724 11
1694509281196 0.3093698082230631 12
1694509281489 0.043684396496123316 13
1694509281786 0.26324055998269663 14
1694509282068 0.34280087863841796 15
1694509282392 0.02696942089374614 16
1694509282745 0.5884525732370651 17
1694509283057 0.023839848392190974 18
1694509283394 0.4267148870766869 19
1694509283743 0.2676990455132934 20
1694509284093 0.5512642721250726 21
1694509284392 0.07833050456769126 22
1694509284724 0.808631956991293 23
1694509285026 0.09786227529787787 24
1694509285333 0.33947287051893227 25
1694509285632 0.03371825107475496 26
1694509285940 0.5277121612906989 27
1694509286261 0.0514581915439033 28
1694509286572 0.16176581959834846 29
1694509286874 0.3472378167058879 30
1694509287172 0.05455813930998185 31
1694509287478 0.00027023013872840956 32
1694509287749 0.3974153674319643 33
1694509288078 0.07138704624804267 34
1694509288415 0.1997732714374738 35
1694509288728 0.31746083889370014 36
1694509289065 0.7436089834911873 37
1694509289379 0.03157739213661152 38
1694509289705 0.013769885368245806 39
1694509290043 0.04802261678958529 40
1694509290366 0.006555332250883118 41
1694509290702 0.4996682360479341 42
1694509291003 0.12125055614415989 43
1694509291325 0.19571291373879637 44
1694509291659 0.4073548112103322 45
1694509291962 0.048195338903389597 46
1694509292315 0.18620148423901894 47
1694509292636 0.05907685260794926 48
1694509292958 0.039498574072565636 49
