1694512051995 34.01081166632229 0
1694512052406 10.490317412396193 1
1694512052764 5.66723250329205 2
1694512053188 4.351554169583382 3
1694512053619 3.8118301782175616 4
1694512054041 3.5051647638573757 5
1694512054479 3.2943376416469703 6
1694512054904 3.135015783335686 7
1694512055292 3.0034888867633587 8
1694512055687 2.8893691081538604 9
1694512056088 2.7875627468701087 10
1694512056468 2.6920920163456104 11
1694512056829 2.603505455930195 12
1694512057269 2.5209021261551525 13
1694512057727 2.4405235614381238 14
1694512058178 2.3646854508293997 15
1694512058589 2.2927033899659213 16
1694512059010 2.2222349556310457 17
1694512059428 2.1551530078956613 18
1694512059798 2.09099556520239 19
1694512060175 2.0294015824643665 20
1694512060533 1.9696159761940113 21
1694512060914 1.9116774440441033 22
1694512061341 1.8569023268096796 23
1694512061743 1.8033377846336343 24
1694512062146 1.7528985189669328 25
1694512062570 1.7030054055865462 26
1694512062941 1.6554741898625045 27
1694512063356 1.6095592117689708 28
1694512063774 1.565019838272665 29
1694512064131 1.5225945068158853 30
1694512064511 1.4812567692015977 31
1694512064919 1.4409950428030662 32
1694512065292 1.4024352859297657 33
1694512065690 1.3646725862794495 34
1694512066058 1.3282065368467169 35
1694512142097 1.2932628182184625 36
1694512308205 1.259809820595047 37
1694512308552 1.2270049737047777 38
1694512308872 1.1950296732495662 39
1694512309187 1.1645545258367918 40
1694512309547 1.134224855903821 41
1694512309879 1.1057337453776057 42
1694512310201 1.0772788277596825 43
1694512310509 1.0509687419629767 44
1694512310857 1.0245070003815433 45
1694512311171 0.999248306584582 46
1694512311506 0.9759250766365181 47
1694512311863 0.9525520844315415 48
1694512312182 0.9303868771556502 49
