1694512052166 -47.12495035300317 0
1694512052544 -13.843691753428896 1
1694512052929 -7.019075979004638 2
1694512053354 -5.157404604870735 3
1694512053772 -4.39370068202303 4
1694512054195 -3.959772259912458 5
1694512054668 -3.661454040136216 6
1694512055066 -3.4360152415387972 7
1694512055450 -3.2499060292762874 8
1694512055869 -3.0884277107415947 9
1694512056227 -2.9443727516753904 10
1694512056600 -2.8092826452782544 11
1694512057010 -2.683933569115023 12
1694512057409 -2.5670507030600196 13
1694512057870 -2.4533158567880915 14
1694512058324 -2.3460057066006335 15
1694512058738 -2.2441518273298846 16
1694512059164 -2.1444397141027305 17
1694512059566 -2.0495194447477707 18
1694512059948 -1.958737320090432 19
1694512060306 -1.871582465028673 20
1694512060679 -1.7869864441570495 21
1694512061071 -1.7050040142581135 22
1694512061485 -1.6274977840819953 23
1694512061886 -1.5517045052213185 24
1694512062299 -1.4803334606291791 25
1694512062720 -1.4097352159314362 26
1694512063077 -1.3424790322396363 27
1694512063522 -1.2775098082502376 28
1694512063919 -1.2144870506844123 29
1694512064274 -1.1544556409639277 30
1694512064678 -1.0959631653973139 31
1694512065057 -1.038993234686306 32
1694512065458 -0.98443157343113 33
1694512065842 -0.9309977399873266 34
1694512066191 -0.8793986533281231 35
1694512229463 -0.8299536491737749 36
1694512308345 -0.7826179999813694 37
1694512308677 -0.7361994774415102 38
1694512308972 -0.6909547546155286 39
1694512309317 -0.647832732988139 40
1694512309668 -0.6049165605054783 41
1694512309991 -0.5646019307627912 42
1694512310319 -0.5243385136148455 43
1694512310659 -0.4871100115381519 44
1694512310971 -0.4496669180785071 45
1694512311277 -0.41392612491877956 46
1694512311636 -0.3809239932926858 47
1694512311983 -0.34785144858245665 48
1694512322580 -0.31648790718328024 49
