1694512051880 36.68562013068375 0
1694512052307 1.5248719173427643 1
1694512052673 7.3658257339970055 2
1694512053088 0.005066742919853907 3
1694512053501 1.978286566389371 4
1694512053937 1.0021084345002977 5
1694512054375 0.7856296613948345 6
1694512054797 5.405778575489586 7
1694512055200 1.203579418375093 8
1694512055598 1.6673456592231617 9
1694512055997 28.483294796320536 10
1694512056360 0.20949342201388385 11
1694512056732 2.5674853571205936 12
1694512057176 0.4239729541217461 13
1694512057619 1.2526675603746078 14
1694512058056 0.8755879519077898 15
1694512058488 2.9100005442636863 16
1694512058912 0.4877767177989972 17
1694512059317 7.242758477758351e-05 18
1694512059702 0.005287538560071337 19
1694512060072 0.16800906523759102 20
1694512060445 0.0019591075823509802 21
1694512060805 0.13476943718157022 22
1694512061237 1.2902891404418908 23
1694512061644 0.32580943136676865 24
1694512062046 11.994138732387555 25
1694512062468 11.27559104232861 26
1694512062848 0.17850239199808646 27
1694512063251 0.22429630137632545 28
1694512063670 2.5254506688720015 29
1694512064046 2.275107432467714e-07 30
1694512064407 9.361673701687561 31
1694512064814 0.05142662120718213 32
1694512065193 0.5018620360002606 33
1694512065583 0.1735838660107793 34
1694512065973 0.24124727266078844 35
1694512103866 0.39653249036997124 36
1694512276956 2.9035495588516063 37
1694512308459 0.5487408187573263 38
1694512308790 0.41960823308855427 39
1694512309102 0.08737690313293038 40
1694512309448 0.09419578131045175 41
1694512309791 0.0004249410320412961 42
1694512310110 0.6963941387969668 43
1694512310425 0.01607371786166954 44
1694512310772 0.7513399289129231 45
1694512311086 0.11684215852416915 46
1694512311422 0.005400413807130939 47
1694512311767 0.7058000109435805 48
1694512312090 2.8557849156754003 49
