1694438798333 4.208275402865069 0
1694438799175 4.450689289976547 1
1694438799853 16.153595293976743 2
1694438800544 4.143416518085446 3
1694438801288 4.374316011756311 4
1694438801930 4.605485899616632 5
1694438802680 4.115205419716452 6
1694438803422 3.8148773055143264 7
1694438804128 4.6142446407219815 8
1694438804876 4.495976719466809 9
1694438805507 4.7067495369366 10
1694438806218 3.975234919232562 11
1694438806917 4.2126457235010255 12
1694438807629 4.401029345978004 13
1694438808357 4.531024841782679 14
1694438808921 3.937522557627713 15
1694438809387 4.637304471683272 16
1694438809972 5.2181448460291975 17
1694438810746 4.196371031632902 18
1694438811620 4.095616338045783 19
1694438812406 4.404708417375785 20
1694438813145 4.12758153213183 21
1694438813881 4.109558318186496 22
1694438814713 4.440047700117999 23
1694438815410 4.071790723402762 24
1694438816119 4.694996151033576 25
1694438816955 8.31757177480975 26
1694438817677 4.596214062117156 27
1694438818319 4.6139397501819 28
1694438818897 3.7902766764256772 29
1694438819424 4.9762531218906485 30
1694438820195 4.640684646030205 31
1694438820996 4.14311295880555 32
1694438821761 3.973897412654696 33
1694438822530 4.522886381562974 34
1694438823253 4.437002117491299 35
1694438824012 6.944318820681568 36
1694438824713 4.210276361534364 37
1694438825362 4.255366918327752 38
1694438826131 4.4746422075798495 39
1694438826860 4.550181859635557 40
1694438827594 4.503779649267805 41
1694438828433 4.762565156607637 42
1694438829168 4.430496495545272 43
1694438829814 4.784355439862419 44
1694438830407 4.186646565329529 45
1694438830938 5.268363585614012 46
1694438831686 5.437783572918742 47
1694438832549 4.044740262587531 48
1694438833369 4.116910447748753 49
