1694438798538 -5.205844271993362 0
1694438799309 -5.563326301747927 1
1694438800024 -22.821325182038883 2
1694438800760 -5.110198407579766 3
1694438801434 -5.4507004334756815 4
1694438802193 -5.791601203291891 5
1694438802910 -5.068596167597881 6
1694438803581 -4.62570939598333 7
1694438804337 -5.804517511782894 8
1694438805048 -5.630110603627054 9
1694438805663 -5.940932295832911 10
1694438806414 -4.86218497880434 11
1694438807128 -5.212289080540578 12
1694438807845 -5.490093956069919 13
1694438808578 -5.68179524122705 14
1694438809078 -4.806571450495461 15
1694438809545 -5.838523299471322 16
1694438810192 -6.695074871077844 17
1694438811031 -5.1882891771028214 18
1694438811784 -5.039708611855506 19
1694438812647 -5.495519395703607 20
1694438813338 -5.086846928061473 21
1694438814178 -5.060268520443612 22
1694438814837 -5.547633400702616 23
1694438815606 -5.004573541071294 24
1694438816400 -5.9235998554386455 25
1694438817165 -11.265726506505395 26
1694438817851 -5.777928243675749 27
1694438818511 -5.80406789690967 28
1694438819032 -4.589431429713992 29
1694438819684 -6.338362862717885 30
1694438820427 -5.843507962688698 31
1694438821183 -5.109750755884473 32
1694438821945 -4.860212589466572 33
1694438822738 -5.669793646297471 34
1694438823471 -5.543142151986831 35
1694438824166 -9.240622832546158 36
1694438824918 -5.208795038449351 37
1694438825576 -5.275289016815579 38
1694438826358 -5.598649103198796 39
1694438827088 -5.710045642669365 40
1694438827861 -5.641617399778585 41
1694438828669 -6.023242270932791 42
1694438829397 -5.533548465066526 43
1694438830029 -6.0553758866248 44
1694438830539 -5.173948736487672 45
1694438831146 -6.769131259399522 46
1694438831964 -7.01897091035498 47
1694438832817 -4.964682865857716 48
1694438833601 -5.071110532137957 49
