1694438798097 1.0336594604264246 0
1694438798888 1.8587448790850811 1
1694438799574 15.021761269493629 2
1694438800309 0.5023808509689789 3
1694438801070 1.3252862544670128 4
1694438801694 0.019410127113024898 5
1694438802464 2.415812325680742 6
1694438803169 1.0342798341858799 7
1694438803871 0.4950864577811791 8
1694438804640 13.885968366083128 9
1694438805313 5.101850955432729 10
1694438805987 9.68149245214044 11
1694438806689 26.947680160418827 12
1694438807403 3.0502823482752364 13
1694438808149 1.4180576942433858 14
1694438808761 5.377662475620455 15
1694438809253 6.980210014479044 16
1694438809753 1.1719561322967371 17
1694438810493 19.03929624365948 18
1694438811337 4.306095266590701 19
1694438812076 3.515141799269101 20
1694438812922 0.618353149386028 21
1694438813617 0.06885181168562743 22
1694438814498 2.6918841828872058 23
1694438815140 30.86253166310791 24
1694438815862 0.05390060900855589 25
1694438816704 18.636038636196954 26
1694438817458 7.445602386412436 27
1694438818103 0.27147065705355133 28
1694438818738 2.078804027285965 29
1694438819257 2.7075964671685213 30
1694438819936 0.8500389775449917 31
1694438820731 6.98979188305303 32
1694438821465 0.061481118696631 33
1694438822239 0.033074600128347204 34
1694438822968 27.286830713609447 35
1694438823749 0.43863730727756356 36
1694438824463 0.3261967810374165 37
1694438825154 4.440715225524214 38
1694438825873 12.606724529808238 39
1694438826654 0.5577423082740244 40
1694438827365 2.069047018759155 41
1694438828155 1.2234556265565173 42
1694438828910 6.200895773091912 43
1694438829637 0.6361861494237666 44
1694438830243 5.3445436662998675 45
1694438830754 0.4429369303548243 46
1694438831444 0.1441269797140609 47
1694438832277 0.08397326636851483 48
1694438833123 1.5344879074989797 49
