1694395564388 -5.4749775789867146 0
1694395564986 -5.000841222248058 1
1694395565647 -5.711920221891068 2
1694395566329 -5.451311671408985 3
1694395566960 -5.730645627568024 4
1694395567581 -5.683267882390575 5
1694395568167 -6.146055846296602 6
1694395568745 -5.200630911956227 7
1694395569388 -5.996176473495038 8
1694395570094 -5.045911530766894 9
1694395570738 -5.581632702880109 10
1694395571443 -6.585475052420567 11
1694395572085 -4.717159289251833 12
1694395572735 -6.024754240647493 13
1694395573341 -4.94573082214172 14
1694395574017 -5.2989950120010105 15
1694395574687 -5.2233168390061415 16
1694395575407 -6.337699272353549 17
1694395575983 -5.858001493704265 18
1694395576611 -5.635653567211284 19
1694395577252 -4.962395633128613 20
1694395577911 -5.788886271858716 21
1694395578607 -4.758841650675903 22
1694395579226 -5.359918477459731 23
1694395579872 -5.839280406806107 24
1694395580578 -5.354820451443864 25
1694395581206 -6.118240498773507 26
1694395581783 -5.092347877529726 27
1694395582437 -4.885276556918344 28
1694395583004 -4.99809132552232 29
1694395583648 -17.478030171419338 30
1694395584234 -8.238121136852694 31
1694395584873 -5.191116426771106 32
1694395585458 -5.334324778355838 33
1694395586196 -5.836803273211835 34
1694395586848 -5.035463934737441 35
1694395587525 -6.278152223552558 36
1694395588216 -5.378644222344241 37
1694395588866 -5.072228534053003 38
1694395589509 -5.821615086689753 39
1694395590240 -6.071513884146802 40
1694395590921 -6.181234899137417 41
1694395591609 -6.1331267768163595 42
1694395592253 -5.190204731012095 43
1694395592905 -5.298796893434788 44
1694395593653 -7.534810387384065 45
1694395594252 -4.346682129198396 46
1694395594854 -5.765219948027302 47
1694395595488 -6.3365697155816365 48
1694395596147 -5.414932397246664 49
1694395596849 -5.853913091436661 50
1694395597506 -5.2723876793879505 51
1694395598173 -5.9402735345217215 52
1694395598787 -6.421970485705863 53
1694395599640 -5.070287840306542 54
1694395600376 -5.452815624509557 55
1694395600985 -6.786966586454585 56
1694395601682 -5.982279088139214 57
1694395602418 -6.361541601111543 58
1694395603082 -5.543487158008882 59
1694395603719 -5.580921342016325 60
1694395604338 -5.435497768055833 61
1694395605033 -5.453504566867622 62
1694395605744 -6.102008645803776 63
1694395606389 -5.441332032998452 64
1694395607133 -4.958698151230037 65
1694395607776 -5.532104671996678 66
1694395608444 -5.479787082412052 67
1694395609134 -49.86312106179993 68
1694395609763 -4.64199075638047 69
1694395610392 -4.900392335830952 70
1694395611016 -5.0620777477315 71
1694395611712 -5.875686569627394 72
1694395612378 -6.170305007030011 73
1694395613099 -5.7187438199185365 74
1694395613853 -5.67653993884532 75
1694395614471 -5.186825563600019 76
1694395615122 -5.135492278533909 77
1694395615751 -5.787172006496394 78
1694395616435 -4.953484626789618 79
1694395617138 -5.712097066188461 80
1694395617777 -5.4528217340542 81
1694395618585 -6.052231399162954 82
1694395619289 -5.616491704948529 83
1694395619882 -8.908307403034659 84
1694395620600 -4.89462520090531 85
1694395621263 -9.058580016481397 86
1694395621756 -4.826428162685289 87
1694395622266 -5.837235085823743 88
1694395622737 -6.135179720735752 89
1694395623215 -5.075485686568952 90
1694395623729 -5.135116611938391 91
1694395624164 -5.665364668296892 92
1694395624567 -5.781276208569152 93
1694395625062 -5.129361228229075 94
1694395625500 -5.7007280884211875 95
1694395625985 -5.769732015722366 96
1694395626533 -5.184149930083215 97
1694395627096 -5.367054444768717 98
1694395627859 -6.059844124698823 99
