1694395564027 1.9548947660260676 0
1694395564653 3.235107725578876 1
1694395565240 1.214911925717407 2
1694395565921 1.9206232341189367 3
1694395566604 0.38556072311960865 4
1694395567227 0.36934812646638754 5
1694395567845 0.10781605137825412 6
1694395568427 0.01745637204745984 7
1694395569017 0.052588775750457305 8
1694395569686 9.19738500039906 9
1694395570378 12.310384619966419 10
1694395571003 0.7930002403675344 11
1694395571685 0.08853921260768913 12
1694395572322 0.776243265595526 13
1694395572963 3.6443829966191568 14
1694395573617 2.2564759248118573 15
1694395574292 6.140355540756071 16
1694395574975 3.801324739691721 17
1694395575692 3.019580337469178 18
1694395576264 7.583932846133135 19
1694395576867 3.411171552482155 20
1694395577549 20.0226793730367 21
1694395578159 11.614664145366536 22
1694395578889 23.61479427741973 23
1694395579502 0.6395949076481725 24
1694395580127 0.10873559324699258 25
1694395580871 0.1510676081148643 26
1694395581462 24.59936098748305 27
1694395582048 6.576181165058311 28
1694395582676 35.519508744162636 29
1694395583265 0.30479591018069546 30
1694395583895 1.2785953972267574 31
1694395584494 0.2989398270848627 32
1694395585116 5.2934186708337965 33
1694395585754 0.5727475100932367 34
1694395586472 0.10230862463086192 35
1694395587125 26.68101868725501 36
1694395587820 0.013446258621171221 37
1694395588485 3.514283947974578 38
1694395589114 21.71376213219047 39
1694395589770 2.072838761353821 40
1694395590486 2.228026885484331 41
1694395591175 0.041385815041024024 42
1694395591842 5.635907990581623 43
1694395592516 5.685749387318181 44
1694395593188 0.5318975812730296 45
1694395593912 0.017404278233949605 46
1694395594533 0.030979317585526165 47
1694395595121 1.1748911227978056 48
1694395595792 0.08033247843252747 49
1694395596402 3.61709604755031 50
1694395597133 7.635330470456504 51
1694395597771 0.013249578086152692 52
1694395598396 0.3999191092588783 53
1694395599091 0.6925535565135498 54
1694395599880 2.247116113799217 55
1694395600597 0.11848162062041917 56
1694395601281 0.03471372064229771 57
1694395601987 2.692635941520781 58
1694395602705 0.2166231628476753 59
1694395603348 18.622682293673122 60
1694395603985 0.025603662356798902 61
1694395604600 1.7896495595653132 62
1694395605317 0.04328694808109449 63
1694395606033 0.8306061363322408 64
1694395606671 5.150680759738437 65
1694395607363 0.49735528584999456 66
1694395608037 2.031122974279842 67
1694395608729 0.7664816274113654 68
1694395609390 4.742403912599716 69
1694395610013 0.19326683937276107 70
1694395610647 7.445818931490534 71
1694395611291 4.65010577410514 72
1694395611994 0.0020063610679463004 73
1694395612644 6.298768288130151 74
1694395613378 1.2426515129136424 75
1694395614106 0.10463062516308794 76
1694395614722 0.8705216016205306 77
1694395615422 7.520761366234058 78
1694395616034 0.4237667586857936 79
1694395616728 28.106182878369054 80
1694395617422 0.45349575972723655 81
1694395618091 3.2352764561303644 82
1694395618858 7.355103445023127 83
1694395619552 0.33388421222705206 84
1694395620177 1.920010114278365 85
1694395620851 1.5870511933014568 86
1694395621433 0.027824624444385222 87
1694395621961 0.264032329079511 88
1694395622493 0.5728946461175168 89
1694395622920 1.240534485431953 90
1694395623407 0.19340686507710803 91
1694395623910 5.445830111134517 92
1694395624338 5.778575714596875 93
1694395624764 0.0003710214066607212 94
1694395625233 0.3335773589865037 95
1694395625671 4.754823619138991 96
1694395626209 0.12555813373385588 97
1694395626732 0.023604187471548726 98
1694395627351 0.22331985793784362 99
