1694509239292 0.3556484604495681 0
1694509239625 0.3171928532354765 1
1694509239942 0.33470514290851106 2
1694509240236 0.3147771326167816 3
1694509240555 0.3331594075777901 4
1694509240865 0.31015892913596876 5
1694509241152 0.3612708525511958 6
1694509241448 0.31392747908595164 7
1694509241789 0.32178287013356516 8
1694509242088 0.3261122994745918 9
1694509242395 0.3063460963414082 10
1694509242715 0.31434325202554403 11
1694509243055 0.3627692354601605 12
1694509243353 0.3070360777177039 13
1694509243642 0.3518780945744467 14
1694509243944 0.31516005194560254 15
1694509244227 0.31399817267281815 16
1694509244506 0.3231649936408014 17
1694509244817 0.3018006120638978 18
1694509245132 0.3155568985752861 19
1694509245441 0.35212676835750056 20
1694509245718 0.32893949287655466 21
1694509246037 0.3278223889809873 22
1694509246341 0.3051498475717632 23
1694509246709 0.3168554822124994 24
1694509247064 0.31913259518251386 25
1694509247383 0.32534065705028253 26
1694509247726 0.32860695526473355 27
1694509248044 0.3338787310541777 28
1694509248375 0.33787756043056727 29
1694509248694 0.350689971028405 30
1694509249033 0.3144470850682119 31
1694509249346 0.3238633547295546 32
1694509249660 0.29744487699496985 33
1694509249979 0.3258935225489515 34
1694509250317 0.3167354579555935 35
1694509250649 0.32238404506258744 36
1694509250981 0.30548625512994226 37
1694509251322 0.330400392178783 38
1694509251635 0.32101718219759245 39
1694509251974 0.3248627374263947 40
1694509252295 0.310779429273523 41
1694509252682 0.31499938753390727 42
1694509253021 0.32092240456624677 43
1694509253353 0.34503018715934825 44
1694509253707 0.322781752470582 45
1694509254072 0.31998742852082884 46
1694509254396 0.3103033161447116 47
1694509254761 0.3274049362065465 48
1694509255120 0.3462662165585081 49
