1694509239423 0.4967610690924671 0
1694509239755 0.5511753596460001 1
1694509240038 0.5263956490248413 2
1694509240324 0.5545935795927042 3
1694509240660 0.5285828486947477 4
1694509240963 0.5611282902433841 5
1694509241243 0.4888054418228046 6
1694509241572 0.555795830641271 7
1694509241889 0.5446805327213403 8
1694509242181 0.5385544345223945 9
1694509242516 0.5665234096172691 10
1694509242850 0.5552075161878463 11
1694509243156 0.48668524534495583 12
1694509243453 0.5655470930328692 13
1694509243763 0.5020960982100623 14
1694509244038 0.554051752662212 15
1694509244327 0.5556957999395165 16
1694509244618 0.542724842106837 17
1694509244915 0.5729552233396729 18
1694509245240 0.5534902187435671 19
1694509245532 0.5017442273526134 20
1694509245839 0.5345539847994458 21
1694509246130 0.5361346753763354 22
1694509246504 0.5682160893808046 23
1694509246852 0.5516527361899828 24
1694509247192 0.5484306446472914 25
1694509247504 0.5396463006538026 26
1694509247825 0.5350245221161204 27
1694509248168 0.527565013339081 28
1694509248477 0.5219067107058792 29
1694509248804 0.5037772808653739 30
1694509249133 0.5550605934953678 31
1694509249454 0.5417366683150897 32
1694509249782 0.579118543874318 33
1694509250117 0.5388640016326451 34
1694509250434 0.5518225692848651 35
1694509250755 0.543829876350757 36
1694509251097 0.5677400761296487 37
1694509251429 0.5324868272414245 38
1694509251759 0.5457639733127058 39
1694509252075 0.5403225520293351 40
1694509252442 0.5602502889005523 41
1694509252801 0.5542790911601045 42
1694509253145 0.5458980826908598 43
1694509253477 0.5117858171031842 44
1694509253856 0.5432671244396137 45
1694509254187 0.5472210642241568 46
1694509254519 0.560923984104044 47
1694509254885 0.536725366778875 48
1694509255241 0.5100368481561033 49
