1694509239187 0.4413822788685437 0
1694509239533 0.5352949637944888 1
1694509239867 0.32173965196371856 2
1694509240158 0.00010140811249181332 3
1694509240462 0.4539012747233432 4
1694509240786 0.16787738008304862 5
1694509241082 0.005921382665131006 6
1694509241367 0.001779981574110562 7
1694509241701 0.3170008480519982 8
1694509242001 0.4991020790660572 9
1694509242313 0.2506775281662824 10
1694509242634 0.2350296788780221 11
1694509242969 1.0066178811982271 12
1694509243268 0.0018024024498396669 13
1694509243561 1.2025706301787527 14
1694509243879 0.0014624047722652008 15
1694509244157 0.04795330487969105 16
1694509244434 0.013728535488095174 17
1694509244728 0.010943315889872351 18
1694509245046 0.0380578743759211 19
1694509245353 1.3122881737142817 20
1694509245638 0.02532406821364905 21
1694509245951 0.01108484056840718 22
1694509246259 0.014021532340717072 23
1694509246623 0.05912519295732033 24
1694509246976 0.2539900288890091 25
1694509247304 0.7111977331899528 26
1694509247638 0.32291225728520434 27
1694509247959 0.6018470448963646 28
1694509248295 0.13411002360074017 29
1694509248608 0.00586504414572669 30
1694509248942 0.4375600303256982 31
1694509249262 0.6381806299864274 32
1694509249583 0.14406508866156945 33
1694509249894 0.000477201810346658 34
1694509250234 1.2133789442334377 35
1694509250567 0.0785357991215115 36
1694509250882 0.9523459337344432 37
1694509251218 0.23691179295093343 38
1694509251554 0.31859314388931426 39
1694509251883 0.2944066899788733 40
1694509252214 0.001973568359989989 41
1694509252579 0.35769522288355543 42
1694509252934 0.2751630584711477 43
1694509253265 0.011371886516158551 44
1694509253614 0.3755205398508041 45
1694509253983 0.25144094006097556 46
1694509254306 0.1644295231972993 47
1694509254671 0.32157627915232323 48
1694509255029 0.18677650255776987 49
