1694492456444 2.8478862759988743 0
1694492456884 1.9873740137462719 1
1694492457290 1.543038304082966 2
1694492457641 1.1215496484517393 3
1694492458043 0.8364476071329989 4
1694492458413 0.6653253713044843 5
1694492458809 0.5288868326438468 6
1694492459219 0.4524918582895984 7
1694492459640 0.3983958676299316 8
1694492460023 0.3723460090523495 9
1694492460452 0.3447181128420403 10
1694492460900 0.32443291648282424 11
1694492461291 0.31966741508178464 12
1694492461653 0.3307721264752984 13
1694492462005 0.34870297815026247 14
1694492462402 0.3246764013432399 15
1694492462789 0.3276019742592197 16
1694492463153 0.3189480172107575 17
1694492463540 0.31591746415105243 18
1694492463959 0.3376083497043204 19
1694492464349 0.32990261535098336 20
1694492464746 0.32787111504470584 21
1694492465127 0.3394892302506716 22
1694492465533 0.3236038482122729 23
1694492465928 0.325703513791154 24
1694492466296 0.32810323360266874 25
1694492466686 0.32832554876028175 26
1694492467068 0.3139334882309371 27
1694492467393 0.325879462792591 28
1694492467760 0.33028672063765635 29
1694492468193 0.3127524186259105 30
1694492468548 0.31542072440423957 31
1694492468994 0.3295505964733751 32
1694492469388 0.3208173163942174 33
1694492469753 0.328710679276642 34
1694492470152 0.32955205150322636 35
1694492470484 0.3184523537115766 36
1694492470923 0.31888160275456523 37
1694492471394 0.3235559809026661 38
1694492471787 0.32581141720541457 39
1694492472141 0.31796604727108835 40
1694492472541 0.33623601068887216 41
1694492472927 0.3445690424686635 42
1694492473268 0.32890800484526395 43
1694492473657 0.32184811014250203 44
1694492474019 0.3513149260048602 45
1694492474435 0.3327824595373626 46
1694492474812 0.31309086468521735 47
1694492475198 0.33473957608122246 48
1694492475523 0.3201329330211111 49
