1694492456595 -3.199710580054637 0
1694492457054 -1.9307334855316278 1
1694492457396 -1.2754821165792078 2
1694492457764 -0.6539227582067926 3
1694492458188 -0.2334895163978199 4
1694492458563 0.018860400222200813 5
1694492458975 0.22006308839460553 6
1694492459371 0.3327209514428795 7
1694492459777 0.41249503028395085 8
1694492460169 0.45091014102738347 9
1694492460624 0.4916523465701208 10
1694492461041 0.5215664461906913 11
1694492461426 0.5285940184718882 12
1694492461792 0.5122181630450646 13
1694492462134 0.48577595988429234 14
1694492462535 0.5212073848219179 15
1694492462908 0.5168931115900445 16
1694492463281 0.5296548975089775 17
1694492463684 0.5341239824775464 18
1694492464093 0.5021369462266474 19
1694492464514 0.5135004105487786 20
1694492464874 0.51649621603496 21
1694492465250 0.49936325614045907 22
1694492465671 0.5227890535738462 23
1694492466051 0.5196927263712754 24
1694492466426 0.5161539162837657 25
1694492466798 0.5158260733753595 26
1694492467170 0.5370497048747163 27
1694492467513 0.5194332585374954 28
1694492467936 0.512933979561035 29
1694492468316 0.5387914003061012 30
1694492468689 0.5348565128414887 31
1694492469120 0.5140195244674521 32
1694492469517 0.5268982861849139 33
1694492469892 0.5152581305056279 34
1694492470263 0.5140173787693207 35
1694492470637 0.5303858407559745 36
1694492471103 0.5297528373377867 37
1694492471519 0.5228596423639565 38
1694492471905 0.5195336037566144 39
1694492472305 0.5311029853696762 40
1694492472694 0.5041607021368368 41
1694492473048 0.49187217712638964 42
1694492473387 0.5149671391534656 43
1694492473797 0.5253781990076243 44
1694492474150 0.48192418211776 45
1694492474536 0.5092535723936267 46
1694492474918 0.5382923019017766 47
1694492475316 0.5063674588837866 48
1694492475670 0.5279075301695038 49
