1694492456324 23.39104747030213 0
1694492456754 14.376937765519942 1
1694492457193 0.002281120453783706 2
1694492457523 0.028105627914237822 3
1694492457935 3.8513245746431126 4
1694492458309 0.011350649028974306 5
1694492458708 0.1747335281001958 6
1694492459104 0.1232188893828278 7
1694492459508 1.5885100256591809 8
1694492459913 0.11472739448543022 9
1694492460314 0.7211736342800313 10
1694492460754 0.4750968759784624 11
1694492461177 0.18849053443463396 12
1694492461551 0.0008752017804414823 13
1694492461912 0.0806596650367509 14
1694492462299 0.13413828405819456 15
1694492462659 0.40415598403534614 16
1694492463050 0.022778712229135557 17
1694492463407 0.2913555499180224 18
1694492463846 0.022442011759273444 19
1694492464220 0.16703542318589495 20
1694492464646 0.4027839444025402 21
1694492465012 0.0359577805106621 22
1694492465390 0.7084740283238076 23
1694492465804 0.03401269875882147 24
1694492466188 0.39626430843391136 25
1694492466574 0.24252608950088725 26
1694492466950 0.7463016399636614 27
1694492467300 0.37255726678443407 28
1694492467645 0.024772150646375644 29
1694492468066 2.3850168044905536e-05 30
1694492468444 0.04115872509748508 31
1694492468869 0.8246232235181755 32
1694492469232 0.4178993589606533 33
1694492469647 0.4192413453573458 34
1694492470047 0.23587128415510383 35
1694492470386 0.1620850921267965 36
1694492470773 0.43438656038828793 37
1694492471260 0.8106790670892857 38
1694492471686 0.16164862960091644 39
1694492472024 0.057923237207949146 40
1694492472454 0.29863165841854145 41
1694492472830 0.007682090243342563 42
1694492473169 0.2656561385185362 43
1694492473520 0.7376002468017797 44
1694492473923 0.020476408609757524 45
1694492474291 0.26287914217702196 46
1694492474689 0.14452580259800094 47
1694492475055 0.8088501446179165 48
1694492475440 0.00017963165325660864 49
