1694508302864 121.37115112222479 0
1694508303210 88.11097014663561 1
1694508303530 65.056433172705 2
1694508303856 48.96156538158577 3
1694508304146 37.633438423252265 4
1694508304422 29.59084326146902 5
1694508304723 23.818014180145674 6
1694508305009 19.62554400298962 7
1694508305304 16.541801157115582 8
1694508305627 14.252043671751371 9
1694508305931 12.521862710009435 10
1694508306251 11.198004846158677 11
1694508306536 10.169076707700894 12
1694508306822 9.362829771406284 13
1694508307169 8.718886031724406 14
1694508307440 8.201420696166071 15
1694508307739 7.7780958035329535 16
1694508308028 7.429884566689848 17
1694508308296 7.1387432985481665 18
1694508308637 6.8955020190049945 19
1694508308957 6.68874791308708 20
1694508309251 6.509390695939966 21
1694508309528 6.35482624274735 22
1694508309797 6.220000677628695 23
1694508310051 6.104354510367255 24
1694508310306 6.0024694990630785 25
1694508310603 5.911107908098751 26
1694508310864 5.830597654273097 27
1694508311101 5.757040764983456 28
1694508311370 5.692403371146298 29
1694508311616 5.63525574718376 30
1694508311887 5.582502545227559 31
1694508312200 5.53560722405261 32
1694508312472 5.490688739659045 33
1694508312742 5.450630605587523 34
1694508312993 5.4138025206828715 35
1694508313270 5.378638308492928 36
1694508313509 5.345195440937436 37
1694508313791 5.315032320243174 38
1694508314064 5.287084995487558 39
1694508314325 5.261129090010033 40
1694508314599 5.236554682593953 41
1694508314883 5.2145650842101565 42
1694508315152 5.192841270886119 43
1694508315414 5.172714305367535 44
1694508315678 5.15460230958556 45
1694508315969 5.136243338024489 46
1694508316245 5.119727536635171 47
1694508316485 5.103672062109215 48
1694508316751 5.087842218323632 49
