1694508302752 118.34367619125825 0
1694508303118 86.50478343860878 1
1694508303433 62.67038227267771 2
1694508303769 45.6508773163809 3
1694508304057 34.70948772846696 4
1694508304345 21.4277291213514 5
1694508304638 21.566370079827752 6
1694508304922 16.59116704261896 7
1694508305219 22.33679596780251 8
1694508305528 11.389783213068046 9
1694508305836 10.596603693491584 10
1694508306147 10.582307930056077 11
1694508306449 11.406418665649422 12
1694508306735 8.672289462149438 13
1694508307045 8.753429489818933 14
1694508307355 5.442397070127772 15
1694508307651 12.473696576986013 16
1694508307935 7.0927204076092965 17
1694508308214 5.036260987739946 18
1694508308530 2.8851296199487617 19
1694508308859 4.565895747409237 20
1694508309148 8.47561565236701 21
1694508309447 7.071860847733138 22
1694508309713 7.2685403924957654 23
1694508309971 4.854302680249953 24
1694508310230 4.731646066687773 25
1694508310499 4.777788047849731 26
1694508310789 3.4829155813136 27
1694508311032 7.295834031628659 28
1694508311298 7.305450597334137 29
1694508311535 3.0661513954047384 30
1694508311797 5.2953470729753676 31
1694508312110 2.5767808098854696 32
1694508312394 5.0530851107364825 33
1694508312655 6.965585330678808 34
1694508312914 4.043005918635467 35
1694508313179 6.214931293060477 36
1694508313438 4.997187627611877 37
1694508313696 3.491677156761777 38
1694508313971 4.335621606242098 39
1694508314239 5.82254880033167 40
1694508314520 6.55139698687783 41
1694508314800 2.265909554070198 42
1694508315059 5.770013993124962 43
1694508315335 5.579836260830067 44
1694508315596 2.741795673407373 45
1694508315886 5.521519606825597 46
1694508316149 4.307596564631085 47
1694508316417 2.932581527344393 48
1694508316668 4.974196539261176 49
