1694493154843 168.98455732222033 0
1694493155197 168.924626904251 1
1694493155562 168.8646502610162 2
1694493155886 168.80469610655075 3
1694493156227 168.74476443089927 4
1694493156652 168.68485522551538 5
1694493156995 168.62496848185575 6
1694493157326 168.56510419138044 7
1694493157751 168.50526234555275 8
1694493158087 168.44544293583917 9
1694493158411 168.38564595370957 10
1694493158775 168.325871390637 11
1694493159099 168.26611923809782 12
1694493159444 168.20638948757164 13
1694493159769 168.14668213054136 14
1694493160073 168.086997158493 15
1694493160400 168.02733456291602 16
1694493160752 167.96769433530307 17
1694493161075 167.90807646714998 18
1694493161399 167.84848094995593 19
1694493161738 167.7889077752233 20
1694493162140 167.72935693445774 21
1694493162524 167.66982841916814 22
1694493162932 167.61032222086666 23
1694493163301 167.55083833106872 24
1694493163640 167.49137674129292 25
1694493164052 167.43193744306114 26
1694493164487 167.3725204278985 27
1694493164842 167.3131256873334 28
1694493165266 167.25375321289746 29
1694493165606 167.1944029961255 30
1694493165941 167.1350750285556 31
1694493166372 167.0757693017291 32
1694493166726 167.0164858071906 33
1694493167117 166.95722453648787 34
1694493167508 166.89798548117187 35
1694493167887 166.83876863279696 36
1694493168279 166.77957398292062 37
1694493168725 166.72040152310353 38
1694493169081 166.6612512449097 39
1694493169439 166.6021231399062 40
1694493169800 166.54301719966358 41
1694493170216 166.48393341575536 42
1694493170577 166.42487177975843 43
1694493170921 166.36583228325293 44
1694493171275 166.30681491782204 45
1694493171695 166.24781967505237 46
1694493172044 166.1888465465336 47
1694493172404 166.12989552385875 48
1694493172862 166.07096659862387 49
