1694493154717 169.17813275916612 0
1694493155057 169.1105505899712 1
1694493155457 169.05046585855078 2
1694493155772 168.99033222423594 3
1694493156092 168.9302211578599 4
1694493156512 168.87013264940387 5
1694493156869 168.810066690293 6
1694493157200 168.7500232719559 7
1694493157615 168.6900023858243 8
1694493157967 168.63000402333324 9
1694493158302 168.5700281759211 10
1694493158637 168.51007483502943 11
1694493158989 168.45014399210314 12
1694493159318 168.39023563859035 13
1694493159664 168.3303497659425 14
1694493159962 168.2704863656143 15
1694493160283 168.21064542906365 16
1694493160614 168.15082694775174 17
1694493160968 168.0910309131431 18
1694493161287 168.03125731670548 19
1694493161609 167.97150614990986 20
1694493162011 167.91177740423052 21
1694493162390 167.85207107114493 22
1694493162776 167.79238714213392 23
1694493163174 167.7327256086816 24
1694493163510 167.6730864622751 25
1694493163892 167.6134696944051 26
1694493164356 167.55387529656534 27
1694493164730 167.49430326025288 28
1694493165156 167.434753576968 29
1694493165482 167.37522623821434 30
1694493165821 167.31572123549861 31
1694493166196 167.25623856033093 32
1694493166600 167.1967782042245 33
1694493166972 167.1373401586959 34
1694493167364 167.07792441526496 35
1694493167744 167.01853096545466 36
1694493168147 166.95915980079124 37
1694493168544 166.8998109128042 38
1694493168947 166.84048429302635 39
1694493169314 166.78117993299355 40
1694493169680 166.72189782424516 41
1694493170083 166.66263795832347 42
1694493170452 166.6034003267743 43
1694493170807 166.54418492114644 44
1694493171149 166.4849917329921 45
1694493171551 166.42582075386665 46
1694493171913 166.36667197532867 47
1694493172282 166.30754538893999 48
1694493172691 166.24844098626562 49
