1694507925330 5.025590024597595 0
1694507925690 4.684870703126881 1
1694507926086 4.469790843005526 2
1694507926452 4.433654275023893 3
1694507926839 4.430120231086381 4
1694507927220 4.421731473558447 5
1694507927643 4.392851175753056 6
1694507928037 4.438291587712987 7
1694507928433 4.515119265913867 8
1694507928783 4.438645956337462 9
1694507929134 4.500155209140218 10
1694507929507 4.486728274444362 11
1694507929863 4.459063883614458 12
1694507930248 4.424256465321556 13
1694507930628 4.42162702433339 14
1694507930954 4.625281879369686 15
1694507931298 4.57077929462279 16
1694507931655 4.318263119381056 17
1694507931982 4.299204670998032 18
1694507932364 4.482178367938499 19
1694507932730 4.363436720594989 20
1694507933123 4.393508459420639 21
1694507933495 4.56975549634186 22
1694507933853 4.49093621417432 23
1694507934213 4.4569554992663765 24
1694507934585 4.359600211068981 25
1694507934931 4.3362716032687265 26
1694507935331 4.422111073398725 27
1694507935697 4.4539547009348714 28
1694507936076 4.452610335248635 29
1694507936426 4.422107971042465 30
1694507936771 4.444113330090244 31
1694507937106 4.379265067965109 32
1694507937484 4.386068737698247 33
1694507937842 4.401173507854703 34
1694507938172 4.338687033344135 35
1694507938553 4.43038647835682 36
1694507938872 4.481113251757321 37
1694507939196 4.34100230335481 38
1694507939554 4.44864143290052 39
1694507939898 4.499306553056262 40
1694507940231 4.45171148256515 41
1694507940593 4.500995241697761 42
1694507940951 4.473381814093642 43
1694507941296 4.4338508187530605 44
1694507941694 4.4393846173418 45
1694507942033 4.488055518305861 46
1694507942353 4.44472126361854 47
1694507942714 4.2757736316546815 48
1694507943070 4.568602054063426 49
