1694507925480 -6.111158439885008 0
1694507925850 -5.6290440878090315 1
1694507926232 -5.324708287422344 2
1694507926608 -5.2735754136436785 3
1694507927000 -5.268574777648668 4
1694507927401 -5.256704771618941 5
1694507927801 -5.215839445860172 6
1694507928195 -5.280137163628463 7
1694507928559 -5.388847541829022 8
1694507928934 -5.280638591604567 9
1694507929298 -5.36767355467527 10
1694507929637 -5.3486745795267 11
1694507930015 -5.309529749691501 12
1694507930393 -5.260277609116426 13
1694507930750 -5.256556977034689 14
1694507931092 -5.544726512179147 15
1694507931449 -5.467605912683077 16
1694507931770 -5.1102981096213815 17
1694507932126 -5.083330600252984 18
1694507932495 -5.342236508396447 19
1694507932886 -5.174218292915319 20
1694507933269 -5.216769495521457 21
1694507933627 -5.466157248595766 22
1694507933974 -5.354628771169625 23
1694507934346 -5.306546407421639 24
1694507934706 -5.168789671208804 25
1694507935082 -5.135779929976912 26
1694507935473 -5.257241901507125 27
1694507935845 -5.302300308500512 28
1694507936197 -5.3003980448162125 29
1694507936557 -5.2572375117047745 30
1694507936891 -5.288374869497473 31
1694507937247 -5.196615242415685 32
1694507937602 -5.2062423654416765 33
1694507937958 -5.227615460591675 34
1694507938313 -5.139197738807839 35
1694507938667 -5.268951514810876 36
1694507938999 -5.340729379903242 37
1694507939321 -5.142473822172469 38
1694507939682 -5.294782088621668 39
1694507940033 -5.366472715003819 40
1694507940376 -5.29912617747027 41
1694507940726 -5.368862192145121 42
1694507941081 -5.329789474752718 43
1694507941470 -5.273853521008513 44
1694507941818 -5.281683789364334 45
1694507942149 -5.350552616004267 46
1694507942496 -5.289235089216844 47
1694507942835 -5.050175919436162 48
1694507943183 -5.464525139579103 49
