1694507925216 0.4735761979719523 0
1694507925596 5.011832498550602 1
1694507925984 0.004621283289785802 2
1694507926361 1.8177090035995478 3
1694507926751 0.362334475208129 4
1694507927118 0.11779847333506661 5
1694507927540 0.13665861002548926 6
1694507927938 19.713284820033667 7
1694507928339 8.757826468059704 8
1694507928699 10.921304384657068 9
1694507929047 0.014751633712879266 10
1694507929413 1.0696539478571934 11
1694507929770 0.7052883493223678 12
1694507930146 21.470378152476723 13
1694507930523 0.3561085886085522 14
1694507930867 4.141730486702367 15
1694507931217 1.6285738461446078 16
1694507931566 1.5849992825868275 17
1694507931889 3.1530806920942447 18
1694507932283 6.284295286364132 19
1694507932632 1.2481340703500299 20
1694507933022 1.0923262053806027 21
1694507933398 7.012334916267642 22
1694507933757 4.205669534554686 23
1694507934121 3.167306048470662e-05 24
1694507934482 3.2368863960409744 25
1694507934840 19.23733398244637 26
1694507935220 0.025554869405982318 27
1694507935614 4.590300360021058 28
1694507935975 0.26295773199215966 29
1694507936325 23.67271620926908 30
1694507936682 0.13957166284443384 31
1694507937011 0.26983135600562846 32
1694507937375 4.21035940444296 33
1694507937735 0.6617238323165513 34
1694507938081 0.414395897803147 35
1694507938458 3.949951813772541 36
1694507938784 8.913120641851947 37
1694507939112 0.3218013471769692 38
1694507939466 0.19576480899234006 39
1694507939802 0.04911917761006086 40
1694507940149 0.9758475847568868 41
1694507940509 8.52626312513587 42
1694507940852 0.458804013825143 43
1694507941206 0.00045268341378860673 44
1694507941601 0.8712890695093997 45
1694507941944 12.96614505428059 46
1694507942268 0.14822653619341758 47
1694507942622 7.621243351142296 48
1694507942978 4.352090667301508 49
