1694493880459 10.23337354805121 0
1694493880809 4.28840684441472 1
1694493881185 3.4797492782713375 2
1694493881548 3.129625899677372 3
1694493881902 2.8863919861762364 4
1694493882259 2.679494682729526 5
1694493882594 2.5090635127496674 6
1694493882931 2.3603829803967193 7
1694493883279 2.213365193654065 8
1694493883596 2.080445772312095 9
1694493884002 1.9603015493510803 10
1694493884397 1.8452725758751813 11
1694493884821 1.7483572502273652 12
1694493885203 1.6505397479171742 13
1694493885629 1.5620353661713038 14
1694493886026 1.4719638478105337 15
1694493886433 1.3953607865244946 16
1694493886846 1.3221518569251367 17
1694493887222 1.255358574906883 18
1694493887734 1.1861002850678606 19
1694493888107 1.124720448101693 20
1694493888458 1.0724810267246088 21
1694493888919 1.0188775874030411 22
1694493889340 0.9746665201818872 23
1694493889729 0.9252127579532393 24
1694493890119 0.8810157459641914 25
1694493890584 0.8422751884686701 26
1694493890990 0.8049143085269765 27
1694493891436 0.7691042692284621 28
1694493891856 0.732952214731041 29
1694493892333 0.7041796338784341 30
1694493892763 0.6748226851135026 31
1694493893241 0.6472649671368145 32
1694493893700 0.6193557016588234 33
1694493894072 0.5946600948892667 34
1694493894432 0.5733221146742056 35
1694493894741 0.5539735613726589 36
1694493895103 0.5308548849419314 37
1694493895432 0.5105666399175413 38
1694493895831 0.49343869849428196 39
1694493896163 0.4785396243863708 40
1694493896536 0.46255836168365294 41
1694493896999 0.4503575405035741 42
1694493897396 0.4367801668672843 43
1694493897956 0.42455408279280304 44
1694493898433 0.4130628397296685 45
1694493898882 0.4006262138301234 46
1694493899249 0.3875500239500475 47
1694493899658 0.3782400127879215 48
1694493900113 0.36936398724267067 49
