1694493880596 -13.480118815610554 0
1694493880954 -5.068051786170557 1
1694493881315 -3.9238096079761995 2
1694493881700 -3.428388611336329 3
1694493882054 -3.0842151136188436 4
1694493882383 -2.7914575471652743 5
1694493882731 -2.5502991862783277 6
1694493883077 -2.33991775498103 7
1694493883399 -2.131889091701448 8
1694493883769 -1.9438094711446023 9
1694493884160 -1.7738066255223006 10
1694493884546 -1.6110418055587097 11
1694493884950 -1.4739076118498118 12
1694493885359 -1.3354968473988689 13
1694493885781 -1.2102640532118127 14
1694493886217 -1.0828137767568138 15
1694493886594 -0.9744212291914438 16
1694493886966 -0.8708313432183823 17
1694493887411 -0.7763195328982084 18
1694493887846 -0.6783197617449297 19
1694493888249 -0.5914679207582232 20
1694493888653 -0.5175496742633536 21
1694493889041 -0.441701356339937 22
1694493889473 -0.3791431487927135 23
1694493889895 -0.3091665814772222 24
1694493890273 -0.246628261939551 25
1694493890729 -0.1918107696547151 26
1694493891109 -0.1389455069853478 27
1694493891577 -0.088274667950754 28
1694493891999 -0.03711988091077778 29
1694493892479 0.0035930264624559616 30
1694493892958 0.04513280844969236 31
1694493893383 0.08412669728955813 32
1694493893835 0.12361802224511875 33
1694493894205 0.15856205302516146 34
1694493894538 0.18875507660125024 35
1694493894856 0.21613308145966992 36
1694493895242 0.24884577195266366 37
1694493895554 0.2775534309796651 38
1694493895942 0.30178929276180866 39
1694493896312 0.32287133010874236 40
1694493896667 0.34548465323940336 41
1694493897156 0.36274869031437185 42
1694493897595 0.38196053502367155 43
1694493898123 0.39926031883561364 44
1694493898567 0.41552031013876867 45
1694493899020 0.433118008477945 46
1694493899398 0.4516206833026163 47
1694493899825 0.4647942537942278 48
1694493900249 0.47735373908049505 49
