1694396628806 4.835400003433761 0
1694396629436 7.05316475990033 1
1694396630036 4.401154512119369 2
1694396630697 4.18690148841994 3
1694396631436 4.842477061914815 4
1694396632186 6.763009030701886 5
1694396632931 4.295854267325506 6
1694396633597 3.6313327388402623 7
1694396634233 3.5914484970768585 8
1694396634840 4.172674260133671 9
1694396635420 4.29538990249513 10
1694396636064 4.103700729363182 11
1694396636677 4.103504594418865 12
1694396637353 4.452062624855595 13
1694396638046 4.326580315644915 14
1694396638478 4.57385310162857 15
1694396638938 4.414261254638948 16
1694396639360 4.64524242417921 17
1694396639812 4.236655646003079 18
1694396640193 4.395385073653898 19
1694396640601 4.667651950966468 20
1694396641169 4.346223607337198 21
1694396641739 4.5845477704908015 22
1694396642414 4.407538047956 23
1694396643191 4.578921967821791 24
1694396643888 4.574064453890736 25
1694396644512 4.6289181714956715 26
1694396645262 5.230216354817538 27
1694396645922 4.293006899003685 28
1694396646660 4.778406070373193 29
1694396647305 4.794394989797989 30
1694397524315 4.681705804922805 31
1694397525144 4.551266445994237 32
1694397525719 4.433303904724723 33
1694397526089 4.766888808595315 34
1694397526468 4.606122794536759 35
1694397526849 4.326340840766866 36
1694397527218 4.772983252607554 37
1694397527559 4.298408625630808 38
1694397527909 5.000164972033553 39
1694397528325 4.197301562620817 40
1694397528690 3.6618946657373876 41
1694397529015 4.66618527984895 42
1694397529548 5.591750352272628 43
1694397529906 4.5047397388023445 44
1694397530222 4.026947463583365 45
1694397530573 4.239564117850223 46
1694397530954 4.85686567495123 47
1694397531292 4.643091511896399 48
1694397531638 5.848301627988658 49
1694397531998 4.331928782777424 50
1694397532369 4.005573776887632 51
1694397532774 11.37752342217049 52
1694397533120 4.295612026531902 53
1694397533550 4.056832812825438 54
1694397533936 4.292514602384649 55
1694397534319 4.965075049765789 56
1694397534639 4.658842636859853 57
1694397535034 3.9453786082452242 58
1694397535376 4.393010220084364 59
1694397535713 4.330641710016132 60
1694397536100 4.124785970361246 61
1694397536393 4.329028347863675 62
1694397536688 4.714772975805155 63
1694397536965 4.404058043831926 64
1694397537268 4.406939261650132 65
1694397537573 5.032892591209534 66
1694397537823 4.515025752747587 67
1694397538091 4.434779653486772 68
1694397538383 4.673501261676591 69
1694397538637 4.904556324355765 70
1694397538907 4.395656745163685 71
1694397539221 4.248376436858248 72
1694397539528 5.439463307751021 73
1694397539834 4.412180549751664 74
1694397540124 4.913157630529297 75
1694397540458 4.472981324499845 76
1694397540770 4.384369194513386 77
1694397541112 4.440930937691756 78
1694397541437 4.553278384682563 79
1694397541775 4.242831355844108 80
1694397542092 4.476008067718645 81
1694397542404 4.310336287767267 82
1694397542711 4.522880601756329 83
1694397543029 4.224480425879556 84
1694397543357 3.8798450933086412 85
1694397543703 5.620163272103485 86
1694397544001 4.207824326028278 87
1694397544312 3.797225773669479 88
1694397544665 4.6188498322529385 89
1694397545004 4.094111585877337 90
1694397545352 4.73378280656028 91
1694397545629 4.1024450380070405 92
1694397545926 4.248443446445959 93
1694397546248 14.594966339118294 94
1694397546564 4.203237053339253 95
1694397546897 4.0375249931219 96
1694397547177 4.569519235012151 97
1694397547493 3.9912420279876493 98
1694397547844 4.433541678258275 99
