1694396628570 31.389345880041276 0
1694396629202 4.79473117293173 1
1694396629845 1.017044847605946 2
1694396630454 0.8114793260096721 3
1694396631199 2.3873824077776207 4
1694396631942 11.30901567668701 5
1694396632683 8.09916179940949 6
1694396633351 7.409955209761798 7
1694396634024 8.542770182619075 8
1694396634606 8.21887570077768 9
1694396635205 0.13136855127013422 10
1694396635855 1.037041968200419 11
1694396636474 0.008117699326449871 12
1694396637142 0.8635069061798147 13
1694396637816 1.7266194122164487 14
1694396638310 17.177432092300254 15
1694396638814 0.3130442313407122 16
1694396639223 0.14587867443540936 17
1694396639670 28.24942647804835 18
1694396640080 6.889713231880403 19
1694396640444 0.9551449205888238 20
1694396640963 22.045741101313975 21
1694396641536 3.0832918550774018 22
1694396642144 0.7324301639607215 23
1694396642933 0.22242243833270767 24
1694396643624 0.11878180695433518 25
1694396644274 0.9578423748777237 26
1694396645007 0.051478880079161286 27
1694396645683 3.3487640555149287 28
1694396646465 0.08822806590636299 29
1694396647112 0.3392661212468661 30
1694397523452 0.16696287267687768 31
1694397524963 0.9065501058164247 32
1694397525611 0.6430871372832947 33
1694397525998 0.014080987117950543 34
1694397526356 24.31141251448417 35
1694397526758 0.05433455736424095 36
1694397527122 0.043996801543759415 37
1694397527464 0.0007442799328532726 38
1694397527805 10.318319531275652 39
1694397528222 0.0006075905776503987 40
1694397528591 6.136452782593727 41
1694397528939 31.749595622225193 42
1694397529450 0.0020527908192735766 43
1694397529809 0.15159417694502267 44
1694397530140 2.8386404590753234 45
1694397530463 0.03272170970894878 46
1694397530847 27.16279364484027 47
1694397531212 13.498141316160467 48
1694397531548 0.454391938862881 49
1694397531887 5.800871337885827 50
1694397532274 0.9092931493882389 51
1694397532665 11.216213312098695 52
1694397533025 0.5621215484072172 53
1694397533435 0.7222983438844798 54
1694397533838 24.4356425750417 55
1694397534226 0.35930598011142434 56
1694397534557 0.30849630712542936 57
1694397534912 0.7133955721443611 58
1694397535274 8.654639304326903 59
1694397535630 0.9604859045003875 60
1694397536035 0.7295645225328489 61
1694397536301 0.18613188350908147 62
1694397536607 1.1291776186497051 63
1694397536903 4.457563028478825 64
1694397537173 2.573077454690198 65
1694397537504 0.32657314319463243 66
1694397537764 16.55960255997207 67
1694397538034 12.448118995738811 68
1694397538314 2.282658804288093 69
1694397538566 0.4587098751174441 70
1694397538830 0.08719190567668524 71
1694397539150 0.000339467036647266 72
1694397539455 0.013051157707584443 73
1694397539745 9.503969743401122 74
1694397540058 0.1396615061868997 75
1694397540363 0.0008631732112177945 76
1694397540680 0.2940575413391268 77
1694397541013 6.767590969319359 78
1694397541343 0.20994533129548545 79
1694397541687 23.724636780579246 80
1694397542002 3.1869226071162897 81
1694397542316 0.42215095267501634 82
1694397542618 0.2607233508061781 83
1694397542935 1.322979798344609 84
1694397543264 5.845668163575409 85
1694397543591 0.33604565554288585 86
1694397543917 6.391749546093276 87
1694397544218 3.9892270446486178 88
1694397544534 3.5177970003868904 89
1694397544896 3.850521414973078 90
1694397545242 6.515279367503141 91
1694397545550 2.755132388622887 92
1694397545837 7.778704063854378 93
1694397546138 39.86148631023489 94
1694397546462 3.66349280011771 95
1694397546802 8.689631479194588 96
1694397547089 8.041550334284533 97
1694397547400 37.994047560426175 98
1694397547725 4.704589076441773 99
