1694512486838 9.819214029835882 0
1694512487105 4.2378936929324205 1
1694512487375 3.5314166486502057 2
1694512487652 3.1822171283959246 3
1694512487954 2.925660501686492 4
1694512488227 2.728657151045228 5
1694512488500 2.544291563356338 6
1694512488747 2.3848446288257685 7
1694512489048 2.239404737765902 8
1694512489309 2.1048329068593015 9
1694512489586 1.97796252465735 10
1694512489842 1.861927204198887 11
1694512490157 1.760315505801645 12
1694512490393 1.666264835768835 13
1694512490647 1.5746991826107353 14
1694512490907 1.4854933658783578 15
1694512491262 1.4027182279562527 16
1694512491522 1.3219143524190442 17
1694512491788 1.252039413633296 18
1694512492043 1.1864307688093083 19
1694512492354 1.1264062574731029 20
1694512492654 1.066391401913166 21
1694512492937 1.0092686786628422 22
1694512493249 0.961079988393929 23
1694512493578 0.9120740919999218 24
1694512493893 0.8656902436646157 25
1694512494220 0.8241184397071816 26
1694512494511 0.7878063782513154 27
1694512494800 0.7489586840414307 28
1694512495094 0.7145027173945775 29
1694512495389 0.6816211644801352 30
1694512495698 0.6515880908469414 31
1694512496014 0.6298217910187465 32
1694512496301 0.6047836404209816 33
1694512496619 0.575098040385061 34
1694512496888 0.5548378569204475 35
1694512497192 0.5317697431007585 36
1694512497516 0.5093926854845778 37
1694512497817 0.4869861193605875 38
1694512498131 0.4738255255756258 39
1694512498426 0.45878714704542595 40
1694512498716 0.43922131025741007 41
1694512499050 0.42363602427624814 42
1694512499344 0.4096242376702618 43
1694512499646 0.39440376309414726 44
1694512499938 0.3813449719733125 45
1694512500238 0.37039135837810927 46
1694512500546 0.3624552850987769 47
1694512500845 0.3496113877270066 48
1694512501144 0.3388611928813567 49
