1694512486960 -13.480162847956008 0
1694512487206 -5.249521664313164 1
1694512487469 -4.207696665034676 2
1694512487794 -3.692740386014182 3
1694512488076 -3.314402392444963 4
1694512488320 -3.0238862075231685 5
1694512488591 -2.7520066329276376 6
1694512488883 -2.5168740071803395 7
1694512489159 -2.3023972373760815 8
1694512489423 -2.1039473390080197 9
1694512489682 -1.9168545850172625 10
1694512489976 -1.745740040487736 11
1694512490249 -1.5958956705026521 12
1694512490490 -1.4572013703380566 13
1694512490738 -1.3221716658240283 14
1694512491051 -1.1906219563111442 15
1694512491361 -1.0685554168475848 16
1694512491634 -0.9493958514312981 17
1694512491873 -0.8463529307317172 18
1694512492182 -0.7496014129016362 19
1694512492483 -0.6610846847423086 20
1694512492773 -0.5725821957280257 21
1694512493065 -0.488344665873792 22
1694512493404 -0.4172819432970811 23
1694512493712 -0.3450141061627534 24
1694512494047 -0.276612941327226 25
1694512494346 -0.21530798460076506 26
1694512494604 -0.16175944582482416 27
1694512494912 -0.10447166935743124 28
1694512495198 -0.053660269726648835 29
1694512495516 -0.005170620815027727 30
1694512495827 0.0391184430257131 31
1694512496138 0.0712166909253944 32
1694512496436 0.10813985982319463 33
1694512496727 0.1519165125627424 34
1694512497015 0.18179372625883405 35
1694512497327 0.2158117284827723 36
1694512497656 0.24881064645684214 37
1694512497940 0.28185307992993114 38
1694512498263 0.30126069652765475 39
1694512498534 0.323437437906836 40
1694512498854 0.35229071497016673 41
1694512499183 0.3752739678408613 42
1694512499466 0.39593681837339845 43
1694512499757 0.41838209248756264 44
1694512500065 0.43763958310265305 45
1694512500375 0.45379261817757743 46
1694512500670 0.46549575786970265 47
1694512500980 0.48443634975216476 48
1694512501252 0.5002894080050226 49
