1694512486735 7.411551339791062 0
1694512487034 1.939377073906541 1
1694512487287 4.295100421203544 2
1694512487562 3.32163856644132 3
1694512487873 4.136324457463553 4
1694512488146 1.5260942448908161 5
1694512488414 3.143251054139564 6
1694512488671 1.6912437966077525 7
1694512488967 1.8234760359398685 8
1694512489233 3.164692722363042 9
1694512489505 3.469638830534347 10
1694512489756 2.8106779610117627 11
1694512490053 0.4413369140679039 12
1694512490322 1.7109142941675133 13
1694512490567 1.6660390593570944 14
1694512490826 1.6313970418898849 15
1694512491164 0.6445631668511399 16
1694512491442 1.0511793603912192 17
1694512491711 0.5940708572865205 18
1694512491957 1.2420941365138962 19
1694512492278 0.8232362149908817 20
1694512492578 0.7816349039217284 21
1694512492852 0.9628679258889579 22
1694512493151 1.0069437904434677 23
1694512493481 0.9511922467299827 24
1694512493792 1.2346382898738524 25
1694512494136 1.065180067608681 26
1694512494427 1.4533015877561568 27
1694512494707 0.8091076004360639 28
1694512495007 0.6757219566111391 29
1694512495290 0.6750630772530184 30
1694512495601 0.7547633657885192 31
1694512495916 1.0950859368658579 32
1694512496219 0.628979778852242 33
1694512496533 1.2185719817606573 34
1694512496805 0.5829640664703617 35
1694512497101 0.5137916835636946 36
1694512497410 0.3525401019224472 37
1694512497736 0.4237676564729013 38
1694512498042 0.6636266095775869 39
1694512498345 0.3608089266585567 40
1694512498614 0.2744818799856693 41
1694512498950 0.4766529698404052 42
1694512499258 0.4356259320464066 43
1694512499558 0.3466931902277575 44
1694512499849 0.3189949860047018 45
1694512500152 0.5627389923680363 46
1694512500458 0.496451516580635 47
1694512500753 0.3382776754415533 48
1694512501061 0.37288690868025604 49
