1694491009564 4.917121170702393 0
1694491010009 4.53490219887684 1
1694491010499 4.320701134822769 2
1694491010834 4.248050236448185 3
1694491011144 4.395697595148787 4
1694491011451 4.307716973665531 5
1694491011756 4.323966154130998 6
1694491012096 4.293115269801443 7
1694491012526 4.316322548288775 8
1694491012971 4.2150669610263005 9
1694491013445 4.278372301922939 10
1694491013875 4.242755986370749 11
1694491014234 4.4541421433501185 12
1694491014614 4.514611309131419 13
1694491015029 4.205666864339043 14
1694491015374 4.371634813421413 15
1694491015751 4.264423447107404 16
1694491016140 4.400818762721407 17
1694491016557 4.204919023098052 18
1694491016926 4.368083006634121 19
1694491017278 4.422040772358429 20
1694491017617 4.359292374541417 21
1694491017963 4.325019134442483 22
1694491018349 4.35460314192081 23
1694491018718 4.377460442436354 24
1694491019096 4.208437457863772 25
1694491019426 4.37208029102607 26
1694491019777 4.387111879672991 27
1694491020132 4.4076042354574945 28
1694491020490 4.259198974058445 29
1694491020882 4.328564842089952 30
1694491021254 4.237044128628118 31
1694491021616 4.46367968649776 32
1694491021978 4.3752581619611615 33
1694491022365 4.190507571871021 34
1694491022754 4.379630158552438 35
1694491023161 4.330550572751664 36
1694491023528 4.30531168867074 37
1694491023922 4.3705984726050415 38
1694491024300 4.314445230024483 39
1694491024635 4.382506124041871 40
1694491024962 4.183512689049705 41
1694491025373 4.186825527091891 42
1694491025720 4.285737148979426 43
1694491026017 4.219554722116856 44
1694491026303 4.240333197117569 45
1694491026632 4.298348595498345 46
1694491026952 4.292179190923553 47
1694491027298 4.337074355244107 48
1694491027705 4.430763888411541 49
