1694491009720 -6.251162371912652 0
1694491010137 -5.687513088090612 1
1694491010641 -5.371635841675173 2
1694491010954 -5.264499278981074 3
1694491011245 -5.482231349140567 4
1694491011538 -5.352488406103483 5
1694491011879 -5.376450688478718 6
1694491012247 -5.330955618533401 7
1694491012689 -5.365178843603489 8
1694491013132 -5.215859622291989 9
1694491013573 -5.309214512260103 10
1694491014003 -5.256691973524025 11
1694491014388 -5.568418143008082 12
1694491014735 -5.657590592567971 13
1694491015153 -5.201997521883094 14
1694491015523 -5.446746533662619 15
1694491015868 -5.288644465751522 16
1694491016269 -5.489783413918651 17
1694491016688 -5.2008946980805915 18
1694491017049 -5.441508768142061 19
1694491017403 -5.521079009937971 20
1694491017740 -5.428545430765764 21
1694491018089 -5.378003493656369 22
1694491018469 -5.421630330252421 23
1694491018846 -5.455337451079411 24
1694491019220 -5.2060832506697015 25
1694491019564 -5.44740346895713 26
1694491019900 -5.469570197455922 27
1694491020267 -5.499789790184651 28
1694491020648 -5.280940058829152 29
1694491021019 -5.383232264919585 30
1694491021378 -5.24826883191347 31
1694491021739 -5.582482932463493 32
1694491022123 -5.452089800114602 33
1694491022483 -5.179642471577665 34
1694491022875 -5.458537080153518 35
1694491023284 -5.386160574992715 36
1694491023664 -5.348941389171731 37
1694491024048 -5.44521826635513 38
1694491024407 -5.362410406730457 39
1694491024750 -5.462778198485958 40
1694491025105 -5.169327283208486 41
1694491025511 -5.174212647168779 42
1694491025816 -5.320075278142606 43
1694491026100 -5.2224776175018395 44
1694491026436 -5.253119143476149 45
1694491026744 -5.338673080246455 46
1694491027051 -5.329575205136852 47
1694491027410 -5.395781042841587 48
1694491027828 -5.533942783006454 49
