1694491009427 0.9246769683519654 0
1694491009881 4.385042720433447 1
1694491010378 0.005777824837188263 2
1694491010748 0.44906029893014865 3
1694491011067 1.0776761717366565 4
1694491011365 25.901647646998025 5
1694491011662 21.35228325122651 6
1694491011997 0.33926806677784216 7
1694491012390 0.08443988333173004 8
1694491012851 0.32164248694478553 9
1694491013279 18.97373267173675 10
1694491013721 0.0007047225281368269 11
1694491014125 7.230172733867559 12
1694491014519 1.3244192373563317 13
1694491014849 1.9235055791590345 14
1694491015268 0.2810557863478568 15
1694491015646 0.048830511902164336 16
1694491016036 0.9123600818494176 17
1694491016414 0.1994678048785483 18
1694491016819 20.846589384764034 19
1694491017163 2.2402946552217733 20
1694491017526 0.13485374648534873 21
1694491017868 0.3328195727803967 22
1694491018230 3.525791961660749 23
1694491018594 1.235731365934756 24
1694491018987 1.223501501737847 25
1694491019342 0.17546805839645432 26
1694491019686 1.1996774574136266 27
1694491020030 0.3456466079073926 28
1694491020395 4.76720056310822 29
1694491020779 29.84511342290945 30
1694491021152 4.608670782235208 31
1694491021519 0.00041579190716704476 32
1694491021880 0.012644531793087471 33
1694491022253 0.1703546300998578 34
1694491022624 1.373781696785098 35
1694491023019 0.0028436672694867786 36
1694491023404 3.9825757326599796 37
1694491023811 5.110296356634656 38
1694491024197 0.5145785497316394 39
1694491024534 0.0004421264327591341 40
1694491024867 0.6627074099315914 41
1694491025242 3.755765838583629 42
1694491025637 2.4671629896999763 43
1694491025947 0.6849530459765557 44
1694491026216 1.2204814079423882 45
1694491026547 5.19007206261454 46
1694491026862 2.4018312149654477 47
1694491027185 3.376975487423208 48
1694491027571 0.020378241736158872 49
