1694395394856 4.737222481162635 0
1694395395592 4.42537305360523 1
1694395396198 4.465960294467643 2
1694395396766 4.3468021524226 3
1694395397343 4.132997666585346 4
1694395397994 4.11921771784645 5
1694395398642 4.539876684884904 6
1694395399361 4.191181361328181 7
1694395399943 4.370722863151903 8
1694395400600 4.272721174314306 9
1694395401205 4.36325502180286 10
1694395401911 4.310966102993642 11
1694395402605 4.2923507800809935 12
1694395403261 4.283332775448956 13
1694395404002 4.222071819224685 14
1694395404751 4.492315173840422 15
1694395405384 4.406774814503313 16
1694395406086 4.2666160907727315 17
1694395406756 4.225937888311795 18
1694395407474 4.348324089401477 19
1694395408212 4.309663522005216 20
1694395408834 4.269487967792492 21
1694395409536 4.314387607550395 22
1694395410258 4.2988360871977775 23
1694395410965 4.307325438377928 24
1694395411573 4.365888004396875 25
1694395412233 4.377002163431267 26
1694395412921 4.199987901026964 27
1694395413517 4.216976218262737 28
1694395414116 4.128620621566394 29
1694395414707 4.316188940880739 30
1694395415350 4.116040033035802 31
1694395416047 4.25132744376807 32
1694395416680 4.303353792802315 33
