1694395395081 -5.985870026440361 0
1694395395735 -5.525993046332559 1
1694395396334 -5.585846091133415 2
1694395396906 -5.410126395419548 3
1694395397496 -5.094833973527131 4
1694395398134 -5.074513008817593 5
1694395398847 -5.694848845032335 6
1694395399501 -5.180636092964801 7
1694395400099 -5.445401702154555 8
1694395400744 -5.300880927942769 9
1694395401372 -5.434389053023142 10
1694395402093 -5.357279820328915 11
1694395402757 -5.329828243611736 12
1694395403459 -5.316529605325745 13
1694395404245 -5.226189521113956 14
1694395404875 -5.62471100883421 15
1694395405511 -5.498566662707282 16
1694395406238 -5.291877905540593 17
1694395406922 -5.231890721820316 18
1694395407653 -5.412370759910586 19
1694395408360 -5.355358934932411 20
1694395409034 -5.29611299470344 21
1694395409737 -5.362325432229855 22
1694395410399 -5.339391972733507 23
1694395411134 -5.35191101826898 24
1694395411734 -5.438271850222726 25
1694395412413 -5.4546616378622526 26
1694395413090 -5.193622888911798 27
1694395413685 -5.218675158812349 28
1694395414269 -5.088379248691245 29
1694395414892 -5.364981815916734 30
1694395415555 -5.069826952133438 31
1694395416252 -5.26933209915734 32
