1694395394583 0.01943212874064456 0
1694395395375 4.33673062488667 1
1694395396007 5.330170353228192 2
1694395396553 0.02569434341394227 3
1694395397128 5.386543143172096 4
1694395397749 1.837916745518871 5
1694395398424 0.37626843973550067 6
1694395399137 10.738120396834294 7
1694395399745 4.91030676033046 8
1694395400367 4.736274070689961 9
1694395400983 1.398082590332362 10
1694395401674 0.05518516450030501 11
1694395402349 0.49459685113827806 12
1694395403039 8.168008353157582 13
1694395403740 2.5610023879428123 14
1694395404497 0.10750216927703345 15
1694395405160 3.3305080877887914 16
1694395405806 5.323447679510538 17
1694395406495 5.611268974540764 18
1694395407224 0.21239164868134572 19
1694395407949 0.20682530826400253 20
1694395408657 0.20605732044088126 21
1694395409338 0.07135262359857904 22
1694395410006 5.556714755381821 23
1694395410727 0.8149058523501918 24
1694395411386 0.5837063957041744 25
1694395412017 0.1903149914638149 26
1694395412698 0.20574481391169316 27
1694395413317 0.0006429739720194024 28
1694395413912 0.1093155228953022 29
1694395414503 6.0947098624539855 30
1694395415130 0.22728446688181855 31
1694395415815 3.4077615938996937 32
1694395416486 0.21770211880295467 33
