1694493072258 168.9823765140335 0
1694493072582 168.3266068083264 1
1694493072937 167.67347117634347 2
1694493073236 167.0230304000941 3
1694493073538 166.37527244987473 4
1694493073873 165.73018505608007 5
1694493074234 165.08775899177422 6
1694493074569 164.44798214878992 7
1694493074935 163.81084219420697 8
1694493075239 163.1763304636231 9
1694493075556 162.54443477374218 10
1694493075859 161.915144169506 11
1694493076220 161.2884462015778 12
1694493076597 160.66433298572693 13
1694493076951 160.04279221902928 14
1694493077295 159.4238114122127 15
1694493077629 158.8073832097966 16
1694493077974 158.19349524470167 17
1694493078322 157.58213497903645 18
1694493078664 156.97329557196989 19
1694493079005 156.36696459683475 20
1694493079362 155.76312947138922 21
1694493079734 155.16178385551856 22
1694493080075 154.56291526748305 23
1694493080411 153.96651108490977 24
1694493080775 153.37256545463404 25
1694493081147 152.7810658443067 26
1694493081522 152.1920020274235 27
1694493081920 151.6053612853061 28
1694493082266 151.02113844558085 29
1694493082615 150.4393208885279 30
1694493082926 149.85989588849117 31
1694493083284 149.28285872834672 32
1694493083660 148.70819674808897 33
1694493084028 148.13589719575083 34
1694493084363 147.56595579623803 35
1694493084710 146.99835985355136 36
1694493085066 146.43309659342313 37
1694493085446 145.87016216972657 38
1694493085843 145.30954385471102 39
1694493086188 144.75122885577096 40
1694493086574 144.19521374284344 41
1694493086923 143.6414857606184 42
1694493087276 143.09003210206845 43
1694493087646 142.54084974044756 44
1694493087988 141.99392589702876 45
1694493088384 141.4492477542323 46
1694493088706 140.90681267603733 47
1694493089062 140.36660786439336 48
1694493089393 139.82862049499138 49
