1694493072370 -235.75750490525115 0
1694493072701 -234.83872034014735 1
1694493073049 -233.92362631801922 2
1694493073336 -233.0123079992083 3
1694493073645 -232.10474852916062 4
1694493073989 -231.200930717201 5
1694493074353 -230.30084163567167 6
1694493074696 -229.40446432008494 7
1694493075032 -228.51178149105644 8
1694493075351 -227.62278100908208 9
1694493075652 -226.73744580441257 10
1694493075997 -225.85576052815594 11
1694493076348 -224.9777077378193 12
1694493076729 -224.10327638697973 13
1694493077079 -223.23244923827988 14
1694493077403 -222.36520879327435 15
1694493077756 -221.50154474636028 16
1694493078092 -220.6414397702939 17
1694493078427 -219.7848762985103 18
1694493078776 -218.9318447464709 19
1694493079115 -218.08232770344458 20
1694493079504 -217.236307540728 21
1694493079852 -216.3937753753254 22
1694493080187 -215.55471371934468 23
1694493080532 -214.71910488785582 24
1694493080899 -213.88694068011796 25
1694493081276 -213.0582035373314 26
1694493081654 -212.232879131365 27
1694493082040 -211.4109496423573 28
1694493082382 -210.59240782340896 29
1694493082715 -209.77723599330704 30
1694493083035 -208.96541632241355 31
1694493083409 -208.15694220166955 32
1694493083774 -207.35179589341865 33
1694493084143 -206.54995953115923 34
1694493084490 -205.75142712515026 35
1694493084804 -204.9561808873056 36
1694493085190 -204.1642029198786 37
1694493085595 -203.37548783414533 38
1694493085968 -202.5900177975333 39
1694493086333 -201.8077748866032 40
1694493086706 -201.02875429556897 41
1694493087040 -200.25293815324522 42
1694493087436 -199.48030851598645 43
1694493087763 -198.71086114308517 44
1694493088141 -197.9445781305471 45
1694493088493 -197.18144151994193 46
1694493088846 -196.4214476179988 47
1694493089180 -195.66457849364954 48
1694493089544 -194.91081617903575 49
