1694493072136 168.87672819721146 0
1694493072467 168.200086497443 1
1694493072795 167.54005531511464 2
1694493073136 166.88267637153987 3
1694493073429 166.22803913563868 4
1694493073727 165.57611677705054 5
1694493074098 164.92688302980457 6
1694493074448 164.28035671123777 7
1694493074791 163.6365111640408 8
1694493075118 162.99532030027336 9
1694493075434 162.356803015755 10
1694493075752 161.7209328277827 11
1694493076105 161.08769875582564 12
1694493076460 160.45707477691943 13
1694493076822 159.82907992740098 14
1694493077193 159.20368793492514 15
1694493077521 158.58087311149657 16
1694493077860 157.96065454595742 17
1694493078197 157.34300614746135 18
1694493078542 156.72790241511802 19
1694493078884 156.1153624794942 20
1694493079236 155.5053604340784 21
1694493079607 154.89787096769007 22
1694493079952 154.29291324198223 23
1694493080305 153.69046153757284 24
1694493080633 153.09049073555752 25
1694493081028 152.49302001818327 26
1694493081384 151.89802385595104 27
1694493081793 151.3054919961251 28
1694493082145 150.71539940568135 29
1694493082490 150.12776533142625 30
1694493082821 149.54256447424345 31
1694493083148 148.9597721476076 32
1694493083528 148.37940759477002 33
1694493083888 147.80144571287695 34
1694493084239 147.2258620160672 35
1694493084585 146.652675734028 36
1694493084934 146.08186196278726 37
1694493085317 145.51339641955 38
1694493085695 144.9472983105646 39
1694493086059 144.38354293331966 40
1694493086433 143.8221062104518 41
1694493086810 143.26300731503386 42
1694493087144 142.7062217485551 43
1694493087544 142.1517256414125 44
1694493087878 141.59953812390356 45
1694493088247 141.04963490401934 46
1694493088600 140.50199232220922 47
1694493088954 139.95662945653157 48
1694493089292 139.41352222394156 49
