1694510734528 168.37877075596572 0
1694510734946 167.71524796759184 1
1694510735346 167.05448661679839 2
1694510735824 166.39647504935462 3
1694510736308 165.74120166052347 4
1694510736729 165.08865489485035 5
1694510737135 164.4388232459533 6
1694510737532 163.79169525631386 7
1694510737974 163.14725951706887 8
1694510738362 162.50550466780342 9
1694510738776 161.86641939634404 10
1694510739234 161.2299924385535 11
1694510739648 160.59621257812603 12
1694510740086 159.96506864638357 13
1694510740530 159.33654952207272 14
1694510740955 158.710644131163 15
1694510741376 158.0873414466454 16
1694510741796 157.46663048833219 17
1694510742184 156.84850032265737 18
1694510742619 156.23294006247818 19
1694510743039 155.61993886687722 20
1694510743416 155.00948594096565 21
1694510743875 154.4015705356869 22
1694510744300 153.79618194762162 23
1694510887913 153.19330951879323 24
1694511053358 152.5929426364743 25
1694511224085 151.9950707329938 26
1694511374299 151.39968328554522 27
1694511374686 150.80676981599524 28
1694511375072 150.2163198906939 29
1694511375445 149.6283231202846 30
1694511375813 149.04276915951564 31
1694511376192 148.4596477070525 32
1694511376550 147.87894850529057 33
1694511376935 147.30066134016883 34
1694511377332 146.72477604098455 35
1694511377705 146.1512824802086 36
1694511378093 145.58017057330144 37
1694511378492 145.01143027852999 38
1694511378858 144.44505159678542 39
1694511379271 143.88102457140155 40
1694511379626 143.31933928797403 41
1694511380021 142.75998587418047 42
1694511380427 142.202954499601 43
1694511380835 141.64823537553985 44
1694511381279 141.0958187548479 45
1694511381693 140.5456949317454 46
1694511382096 139.99785424164577 47
1694511382494 139.4522870609805 48
1694511382907 138.90898380702407 49
