1694510734694 -237.25423699471452 0
1694510735096 -236.31535904137831 1
1694510735508 -235.3803884939507 2
1694510735997 -234.4493088618145 3
1694510736480 -233.52210372438557 4
1694510736890 -232.59875673081388 5
1694510737277 -231.67925159968678 6
1694510737689 -230.76357211873292 7
1694510738117 -229.85170214452774 8
1694510738523 -228.94362560220046 9
1694510738948 -228.03932648514137 10
1694510739386 -227.13878885471163 11
1694510739807 -226.24199683995334 12
1694510740252 -225.34893463730143 13
1694510740698 -224.45958651029616 14
1694510741091 -223.5739367892978 15
1694510741517 -222.69196987120137 16
1694510741931 -221.81367021915375 17
1694510742357 -220.93902236227092 18
1694510742774 -220.06801089535733 19
1694510743171 -219.20062047862584 20
1694510743598 -218.33683583741922 21
1694510744016 -217.47664176193246 22
1694510783479 -216.6200231069368 23
1694510949072 -215.76696479150442 24
1694511118115 -214.9174517987347 25
1694511295731 -214.07146917548124 26
1694511374439 -213.22900203208056 27
1694511374832 -212.39003554208134 28
1694511375205 -211.55455494197562 29
1694511375580 -210.72254553093018 30
1694511375936 -209.8939926705198 31
1694511376312 -209.06888178446155 32
1694511376682 -208.2471983583499 33
1694511377094 -207.42892793939308 34
1694511377463 -206.61405613615085 35
1694511377851 -205.80256861827317 36
1694511378239 -204.9944511162398 37
1694511378633 -204.18968942110118 38
1694511379000 -203.3882693842208 39
1694511379388 -202.5901769170178 40
1694511379780 -201.79539799071162 41
1694511380155 -201.00391863606708 42
1694511380582 -200.21572494314066 43
1694511380992 -199.43080306102817 44
1694511381429 -198.6491391976133 45
1694511381843 -197.87071961931704 46
1694511382244 -197.0955306508483 47
1694511382636 -196.32355867495625 48
1694511383067 -195.55479013218226 49
