1694510734384 169.17813275916612 0
1694510734811 168.50294821459897 1
1694510735196 167.8376931849099 2
1694510735639 167.1752093058122 3
1694510736130 166.51548488451564 4
1694510736591 165.85850827784827 5
1694510737003 165.20426789204538 6
1694510737384 164.55275218253885 7
1694510737801 163.90394965374813 8
1694510738222 163.25784885887145 9
1694510738634 162.61443839967845 10
1694510739060 161.97370692630332 11
1694510739492 161.33564313703886 12
1694510739907 160.70023577813186 13
1694510740353 160.0674736435785 14
1694510740803 159.43734557492166 15
1694510741195 158.80984046104825 16
1694510741627 158.1849472379877 17
1694510742029 157.56265488871148 18
1694510742463 156.9429524429332 19
1694510742889 156.32582897690983 20
1694510743274 155.71127361324346 21
1694510743708 155.09927552068413 22
1694510744113 154.48982391393355 23
1694510814443 153.88290805344926 24
1694510989485 153.27851724525024 25
1694511157374 152.67664084072283 26
1694511357326 152.07726823642767 27
1694511374534 151.4803888739075 28
1694511374924 150.88599223949575 29
1694511375304 150.294067864126 30
1694511375684 149.70460532314192 31
1694511376037 149.11759423610863 32
1694511376404 148.53302426662427 33
1694511376784 147.95088512213277 34
1694511377202 147.3711665537372 35
1694511377564 146.79385835601406 36
1694511377942 146.21895036682815 37
1694511378335 145.64643246714851 38
1694511378721 145.07629458086498 39
1694511379111 144.50852667460555 40
1694511379489 143.94311875755443 41
1694511379882 143.38006088127105 42
1694511380262 142.81934313950987 43
1694511380690 142.26095566804054 44
1694511381092 141.70488864446943 45
1694511381537 141.1511322880614 46
1694511381957 140.59967685956275 47
1694511382349 140.05051266102447 48
1694511382759 139.50363003562677 49
