1694508525940 120.53827323552959 0
1694508526301 87.27867234960594 1
1694508526638 64.2332707715557 2
1694508526997 48.159751136963926 3
1694508527427 36.85493713427348 4
1694508527800 28.843255695338158 5
1694508528155 23.105021494175038 6
1694508528582 18.946122438318667 7
1694508529008 15.901918116815958 8
1694508529440 13.646918604518032 9
1694508529998 11.95037950668267 10
1694508530354 10.659354370641635 11
1694508530719 9.663989149555627 12
1694508531066 8.885298225459454 13
1694508531416 8.268738428280155 14
1694508531765 7.775892868758862 15
1694508532182 7.375238403891471 16
1694508532562 7.045854833158451 17
1694508532929 6.774220625494398 18
1694508533303 6.544779813097468 19
1694508533639 6.352885001723068 20
1694508534013 6.187931191216295 21
1694508534385 6.046424905942915 22
1694508534808 5.924780080016369 23
1694508535169 5.820066151269705 24
1694508535612 5.727228741295388 25
1694508536104 5.644737888592477 26
1694508536511 5.572296985309583 27
1694508536860 5.50746038935693 28
1694508537194 5.449862038662298 29
1694508537627 5.396383568338666 30
1694508538109 5.349004301528887 31
1694508538578 5.30533246084343 32
1694508538968 5.264949011689005 33
1694508539328 5.2287818423283206 34
1694508539666 5.19503071055332 35
1694508540128 5.164022602295188 36
1694508540481 5.134696621530368 37
1694508540904 5.106794909997806 38
1694508541336 5.081858255237647 39
1694508541695 5.056890871568471 40
1694508542016 5.034737515094121 41
1694508542353 5.014511258935571 42
1694508542688 4.993723814199344 43
1694508543146 4.974710204026374 44
1694508543490 4.958196580621593 45
1694508543834 4.942216383155759 46
1694508544260 4.926306975999906 47
1694508544609 4.910304094359962 48
1694508544966 4.895669084326516 49
