1694508526075 -169.5604227270082 0
1694508526441 -122.49842793842996 1
1694508526766 -89.88942061188956 2
1694508527163 -67.14555486702375 3
1694508527550 -51.149358775998714 4
1694508527945 -39.81291155222885 5
1694508528339 -31.69336889755214 6
1694508528746 -25.808569306473107 7
1694508529160 -21.501051353827982 8
1694508529661 -18.31025012743905 9
1694508530145 -15.909664670782579 10
1694508530502 -14.082877318983622 11
1694508530841 -12.674445720295758 12
1694508531214 -11.572606033841879 13
1694508531560 -10.700180232304987 14
1694508531900 -10.002808810641852 15
1694508532347 -9.43588684419126 16
1694508532689 -8.96981246336965 17
1694508533076 -8.585452840133895 18
1694508533439 -8.260796439284494 19
1694508533784 -7.989267245538835 20
1694508534143 -7.755859292236805 21
1694508534565 -7.555629347117248 22
1694508534948 -7.38350316365978 23
1694508535328 -7.23533402639714 24
1694508535784 -7.103970041622279 25
1694508536255 -6.987246329472962 26
1694508536657 -6.884743192875724 27
1694508537003 -6.7930000733085745 28
1694508537361 -6.711498996686555 29
1694508537756 -6.635827508615961 30
1694508538260 -6.568786331082403 31
1694508538706 -6.506991123563347 32
1694508539095 -6.449848956398777 33
1694508539474 -6.3986727819820075 34
1694508539820 -6.350915276016988 35
1694508540259 -6.30703912024912 36
1694508540652 -6.265543157665036 37
1694508541083 -6.226062521464929 38
1694508541472 -6.190777410245694 39
1694508541829 -6.155448817934761 40
1694508542140 -6.124102045298453 41
1694508542497 -6.095482099882061 42
1694508542871 -6.066068078372913 43
1694508543290 -6.039164014612755 44
1694508543617 -6.015797406538233 45
1694508543989 -5.993185590706859 46
1694508544407 -5.970673942439456 47
1694508544757 -5.948030028733923 48
1694508545093 -5.927321639349242 49
