1694508525813 120.86365006919067 0
1694508526190 82.4857874211499 1
1694508526541 64.3034276743231 2
1694508526865 46.346994965585864 3
1694508527286 39.0076638759286 4
1694508527652 30.207452403018706 5
1694508528054 20.946789368855836 6
1694508528449 23.743272334263228 7
1694508528897 14.416255653617762 8
1694508529281 10.307797239123913 9
1694508529838 15.535434111884772 10
1694508530251 11.367361245450546 11
1694508530607 9.05713154799938 12
1694508530949 8.571807856123845 13
1694508531314 7.19469753675637 14
1694508531656 5.881143631012181 15
1694508532003 6.2525339517338505 16
1694508532450 6.47435139188857 17
1694508532804 6.348194007317555 18
1694508533178 8.0001154059935 19
1694508533544 4.9229498111901915 20
1694508533900 5.777956104274667 21
1694508534262 5.439883991133356 22
1694508534695 3.1148929904771276 23
1694508535048 3.8318274784026007 24
1694508535498 5.85187628290004 25
1694508535895 5.998231618219583 26
1694508536391 4.570494748167689 27
1694508536755 4.499032923051899 28
1694508537095 3.7435659220720874 29
1694508537493 6.24413650611342 30
1694508537925 3.3014347167727607 31
1694508538380 6.938517970822197 32
1694508538838 7.872715849183706 33
1694508539197 5.970727507571917 34
1694508539569 4.041834218472614 35
1694508539985 5.669893663510286 36
1694508540356 6.500973906003534 37
1694508540772 9.883749094667685 38
1694508541211 4.944798599035419 39
1694508541575 6.78147602153244 40
1694508541917 6.399454572952372 41
1694508542248 5.530282128770955 42
1694508542588 6.743759623138498 43
1694508542989 6.18032300606566 44
1694508543387 3.7635232992466507 45
1694508543713 3.145842045065214 46
1694508544082 5.0202947899713095 47
1694508544505 4.084573267949189 48
1694508544855 5.373739074368158 49
