1694493053922 168.02646685215834 0
1694493054227 167.36763008490485 1
1694493054589 166.7114345740974 2
1694493054930 166.0579371060517 3
1694493055290 165.40712646008785 4
1694493055648 164.7589914638867 5
1694493055937 164.11379365546802 6
1694493056260 163.47097388573417 7
1694493056594 162.83079924941012 8
1694493056932 162.19325603550274 9
1694493057301 161.5583333034648 10
1694493057630 160.9260201585307 11
1694493057969 160.29630575151143 12
1694493058282 159.66917927860308 13
1694493058610 159.04490157470482 14
1694493058949 158.4229159951042 15
1694493059279 157.80348891909412 16
1694493059597 157.18660700859687 17
1694493059980 156.572259683905 18
1694493060301 155.9604364095762 19
1694493060647 155.35112669423538 20
1694493060975 154.74459072773126 21
1694493061316 154.14027408692363 22
1694493061630 153.53844249466994 23
1694493061935 152.93908292954112 24
1694493062244 152.34218511775165 25
1694493062537 151.7480087906155 26
1694493062832 151.1560010908473 27
1694493063149 150.56642727471822 28
1694493063477 149.97927454143138 29
1694493063821 149.3945328302712 30
1694493064235 148.81246139554776 31
1694493064572 148.23250896953633 32
1694493064912 147.65494032306106 33
1694493065253 147.07974287164257 34
1694493065619 146.5071754923315 35
1694493065981 145.93668817080115 36
1694493066358 145.36854529398641 37
1694493066702 144.80273444724668 38
1694493067069 144.23951411897048 39
1694493067372 143.6783355629049 40
1694493067759 143.11946277043853 41
1694493068078 142.5628834941113 42
1694493068431 142.00885582245036 43
1694493068762 141.4568322916599 44
1694493069093 140.90707648614415 45
1694493069388 140.35984353437215 46
1694493069764 139.8145868999615 47
1694493070115 139.27156987690663 48
1694493070419 138.7310473060964 49
