1694493054030 -246.78465928057588 0
1694493054356 -245.8130882718308 1
1694493054712 -244.84541226153937 2
1694493055028 -243.88171499113912 3
1694493055419 -242.92197991375863 4
1694493055753 -241.96619055384292 5
1694493056048 -241.0147325953282 6
1694493056374 -240.0667814742559 7
1694493056715 -239.12273106890405 8
1694493057055 -238.18256115999512 9
1694493057413 -237.24625561376268 10
1694493057759 -236.31379836395345 11
1694493058085 -235.38517341152482 12
1694493058386 -234.46036482436247 13
1694493058725 -233.53975724952727 14
1694493059063 -232.62252981621836 15
1694493059374 -231.70907534768295 16
1694493059735 -230.79937417457313 17
1694493060102 -229.8934106952443 18
1694493060418 -228.9911693733288 19
1694493060761 -228.09263473744363 20
1694493061090 -227.1981904834091 21
1694493061423 -226.30701901652432 22
1694493061741 -225.41951219200675 23
1694493062044 -224.53565080746267 24
1694493062340 -223.65541971238343 25
1694493062627 -222.7792019263988 26
1694493062944 -221.90618216393716 27
1694493063259 -221.0367515921521 28
1694493063585 -220.17089133401106 29
1694493063990 -219.30858655321452 30
1694493064358 -218.450219565966 31
1694493064674 -217.59497743078126 32
1694493065025 -216.74325059893673 33
1694493065371 -215.89502051239808 34
1694493065764 -215.0506689310333 35
1694493066101 -214.2093847617145 36
1694493066479 -213.37155788960578 37
1694493066823 -212.53717000713002 38
1694493067182 -211.70660230100424 39
1694493067506 -210.87904554809919 40
1694493067859 -210.05488905027613 41
1694493068179 -209.23411474649507 42
1694493068540 -208.41710323380696 43
1694493068869 -207.60304718029175 44
1694493069195 -206.79233528764036 45
1694493069498 -205.98534378777603 46
1694493069903 -205.1812667164133 47
1694493070211 -204.38049234698255 48
1694493070553 -203.58339648731948 49
