1694493053791 169.35337134490703 0
1694493054113 168.6826201265469 1
1694493054451 168.02836737115038 2
1694493054814 167.3767210073794 3
1694493055133 166.72774074551782 4
1694493055518 166.08141551445723 5
1694493055840 165.43773429085945 6
1694493056139 164.79665498200274 7
1694493056464 164.15823006156361 8
1694493056813 163.52241602804338 9
1694493057176 162.88920236172683 10
1694493057507 162.25857826798003 11
1694493057855 161.6305329973834 12
1694493058172 161.00505584549475 13
1694493058483 160.38213615266008 14
1694493058811 159.761735427644 15
1694493059161 159.1438999684906 16
1694493059469 158.52858996254585 17
1694493059845 157.9157952150484 18
1694493060185 157.3055052874666 19
1694493060522 156.6977097849842 20
1694493060852 156.09239835627145 21
1694493061182 155.4895355788432 22
1694493061521 154.88916248382074 23
1694493061832 154.29124240190097 24
1694493062130 153.6957654136552 25
1694493062431 153.1027213824486 26
1694493062712 152.51207704771014 27
1694493063025 151.9238697226548 28
1694493063366 151.33806495251233 29
1694493063696 150.75465300936844 30
1694493064096 150.17362396685155 31
1694493064454 149.59494668399654 32
1694493064767 149.01865482797552 33
1694493065123 148.44471611529642 34
1694493065494 147.87312100553822 35
1694493065874 147.30384003838017 36
1694493066226 146.7369039849872 37
1694493066592 146.17228228355856 38
1694493066957 145.60996554068709 39
1694493067273 145.04992595033207 40
1694493067609 144.49219143261513 41
1694493067962 143.93673312042665 42
1694493068290 143.3835417648993 43
1694493068630 142.83259118818896 44
1694493068970 142.28390650382204 45
1694493069288 141.73746051271132 46
1694493069612 141.19322843578314 47
1694493069991 140.6512332726339 48
1694493070315 140.1114490771092 49
