1694512034271 35.13357274769756 0
1694512034620 11.08812837528022 1
1694512034953 6.079353795345717 2
1694512035269 4.623058419908645 3
1694512035613 4.009382527589375 4
1694512035971 3.6566223558576194 5
1694512036321 3.419273863329534 6
1694512036662 3.2408842907672883 7
1694512036998 3.095555951269838 8
1694512037338 2.971915196544557 9
1694512037659 2.8642538466283076 10
1694512037983 2.766347860795135 11
1694512038305 2.674523150718798 12
1694512038660 2.588892535151692 13
1694512038990 2.5073660508460662 14
1694512039335 2.430202840918812 15
1694512039656 2.357228729826879 16
1694512039958 2.2862527604362097 17
1694512040286 2.2187885009239956 18
1694512040605 2.153780723426854 19
1694512040926 2.0909555967237754 20
1694512041254 2.0304756490538898 21
1694512041591 1.972119061375026 22
1694512041923 1.91652165073288 23
1694512042265 1.8620231952210589 24
1694512042597 1.809274202112268 25
1694512042937 1.7588370954207235 26
1694512043237 1.7096467191506766 27
1694512043564 1.6619434216987423 28
1694512043894 1.6159111586919734 29
1694512044191 1.5723290588600878 30
1694512044547 1.5294453638241607 31
1694512044828 1.4881102821455305 32
1694512045138 1.4482588017593159 33
1694512045434 1.409189375715926 34
1694512045726 1.371275477393328 35
1694512046066 1.334670412175314 36
1694512046414 1.299665796143834 37
1694512046732 1.2652652678109224 38
1694512047043 1.2318022097329484 39
1694512047383 1.1995543089528347 40
1694512047672 1.1689046034224078 41
1694512048018 1.1387907823467105 42
1694512048340 1.1099673014686737 43
1694512048679 1.0817306586372586 44
1694512048988 1.0541015392569941 45
1694512049367 1.0277832965839944 46
1694512049708 1.0018420797271255 47
1694512050061 0.9769883550157333 48
1694512050409 0.9532221979179867 49
