1694512034413 -48.22487891192137 0
1694512034746 -14.535333697845386 1
1694512035074 -7.517649388738407 2
1694512035385 -5.477265849305208 3
1694512035757 -4.617458003757791 4
1694512036094 -4.123213457006357 5
1694512036436 -3.7906696850272397 6
1694512036790 -3.540731963874146 7
1694512037131 -3.337115611913431 8
1694512037462 -3.163885259747514 9
1694512037771 -3.013043301510611 10
1694512038090 -2.8758693701259626 11
1694512038436 -2.7472157809481814 12
1694512038785 -2.6272406018591057 13
1694512039113 -2.51301563114866 14
1694512039454 -2.404903948559442 15
1694512039767 -2.3026615205547096 16
1694512040079 -2.2032186451033113 17
1694512040413 -2.108695949412227 18
1694512040718 -2.0176149768447664 19
1694512041055 -1.9295920684775032 20
1694512041379 -1.8448549390648803 21
1694512041715 -1.7630928028075235 22
1694512042053 -1.685196489035809 23
1694512042390 -1.608839897216324 24
1694512042724 -1.5349344388346067 25
1694512043049 -1.4642681138528513 26
1694512043347 -1.3953485555456595 27
1694512043686 -1.3285125107848907 28
1694512043996 -1.264017715768679 29
1694512044320 -1.2029557906875636 30
1694512044636 -1.1428723852622609 31
1694512044929 -1.0849587080778562 32
1694512045226 -1.0291236721548223 33
1694512045531 -0.9743843554347438 34
1694512045872 -0.9212640232837501 35
1694512046217 -0.8699774685157666 36
1694512046539 -0.8209332680331722 37
1694512046844 -0.7727354415879619 38
1694512047162 -0.7258510841746155 39
1694512047489 -0.6806692570241506 40
1694512047797 -0.6377266262175474 41
1694512048135 -0.5955348113778909 42
1694512048461 -0.5551508639145795 43
1694512048784 -0.5155891223792934 44
1694512049133 -0.47687856863904887 45
1694512049503 -0.4400046555287498 46
1694512049838 -0.403658985027848 47
1694512050192 -0.36883697594228826 48
1694512050524 -0.33553873400886736 49
