1694512034179 27.559456674490267 0
1694512034533 14.029532502183317 1
1694512034870 0.1159734462875637 2
1694512035184 2.4287378846009946 3
1694512035506 8.59434610057091 4
1694512035881 0.2851631911742963 5
1694512036230 9.342621974527072 6
1694512036572 0.3952486527865273 7
1694512036916 0.2712304456266291 8
1694512037259 0.7977186469982874 9
1694512037576 1.8840679314318205 10
1694512037901 0.8271207686388159 11
1694512038229 0.7878913494310654 12
1694512038564 0.019341976468527332 13
1694512038895 0.690551951684456 14
1694512039247 4.577439785784424 15
1694512039575 0.1403062154562897 16
1694512039877 0.39781861654383865 17
1694512040193 0.16894426691920048 18
1694512040525 1.3149080733087013 19
1694512040842 7.368866494863123 20
1694512041168 17.71521762767701 21
1694512041504 13.059275374709113 22
1694512041845 0.4837255667083117 23
1694512042167 0.10828012140511935 24
1694512042509 0.5898371851187443 25
1694512042837 0.3668468688358666 26
1694512043163 0.022704427357549007 27
1694512043474 0.023449833657312527 28
1694512043813 0.6272458102310506 29
1694512044113 0.11291844324734762 30
1694512044461 0.07464105206285375 31
1694512044754 0.6057601252632252 32
1694512045053 0.03441011465050583 33
1694512045357 0.7573517770791779 34
1694512045644 0.8903411871889974 35
1694512045983 0.35374893617553765 36
1694512046319 0.9811512125386136 37
1694512046647 0.012446535631202307 38
1694512046956 0.060597247188309875 39
1694512047273 0.4253541286848587 40
1694512047595 0.013946918446083797 41
1694512047912 0.6363213888281671 42
1694512048254 0.004285274888941897 43
1694512048588 0.9849499131337733 44
1694512048905 0.7089104796851063 45
1694512049254 0.10720702948153737 46
1694512049624 0.972502042343227 47
1694512049966 0.006340741512331194 48
1694512050323 2.1048568852281 49
