1694491695859 164.2537406621187 0
1694491696319 159.31186425304642 1
1694491696704 154.53404375121778 2
1694491697051 149.91425162454254 3
1694491697393 145.44889865148326 4
1694491697721 141.1323212982309 5
1694491698133 136.9587314258475 6
1694491698518 132.92449515214676 7
1694491698893 129.02307786971517 8
1694491699236 125.24980355881388 9
1694491699599 121.60140293275002 10
1694491699943 118.0732172690229 11
1694491700323 114.6620918311413 12
1694491700835 111.36253647447639 13
1694491701180 108.17101179177001 14
1694491701581 105.08449053371244 15
1694491701955 102.09834607523405 16
1694491702299 99.2104160508494 17
1694491702669 96.41653400101717 18
1694491703013 93.71375263988742 19
1694491703405 91.09855973926007 20
1694491703774 88.56842845644057 21
1694491704128 86.12061133496404 22
1694491704555 83.75156177231578 23
1694491704959 81.45887480392139 24
1694491705342 79.2404841223319 25
1694491705699 77.0937660835865 26
1694491706003 75.01616740652136 27
1694491706445 73.00519131105611 28
1694491706840 71.05924950375119 29
1694491707191 69.17490476405581 30
1694491707580 67.35077266674145 31
1694491708012 65.58451115084164 32
1694491708338 63.87458317250469 33
1694491708755 62.21905148374654 34
1694491709139 60.6157667817313 35
1694491709523 59.06365111644507 36
1694491709872 57.55970778188318 37
1694491710203 56.10367316559874 38
1694491710606 54.693271459534955 39
1694491711003 53.32732529284361 40
1694491711365 52.00456272346263 41
1694491711736 50.72289554517393 42
1694491712060 49.480666963412695 43
1694491712395 48.27734607739336 44
1694491712741 47.111408604699385 45
1694491713152 45.98188787369107 46
1694491713585 44.88674609872562 47
1694491713936 43.82566804674102 48
1694491714408 42.79671110311116 49
