1694491696018 -229.13231682942902 0
1694491696439 -222.20836208161006 1
1694491696821 -215.5142624705529 2
1694491697170 -209.04157295312436 3
1694491697516 -202.78526474967708 4
1694491697859 -196.73740280709353 5
1694491698259 -190.88987749074047 6
1694491698639 -185.23759744791408 7
1694491699006 -179.771407183357 8
1694491699368 -174.48475522827647 9
1694491699725 -169.3730610567254 10
1694491700083 -164.42979743469238 11
1694491700454 -159.65054433000773 12
1694491700962 -155.02760962133493 13
1694491701316 -150.5560343227219 14
1694491701731 -146.23157702149533 15
1694491702091 -142.0477554546512 16
1694491702459 -138.00153997929075 17
1694491702770 -134.08709306024818 18
1694491703146 -130.30028531990163 19
1694491703543 -126.63619585228167 20
1694491703915 -123.09128435345849 21
1694491704296 -119.66170142238279 22
1694491704678 -116.3424779919862 23
1694491705085 -113.13024451910235 24
1694491705486 -110.02210594564248 25
1694491705810 -107.01438634154373 26
1694491706154 -104.10350836051624 27
1694491706578 -101.28597381870019 28
1694491706963 -98.55955739296085 29
1694491707320 -95.91944326890271 30
1694491707732 -93.36369175867428 31
1694491708145 -90.88902145197588 32
1694491708498 -88.49327883034744 33
1694491708884 -86.17374965808843 34
1694491709272 -83.92742259409212 35
1694491709666 -81.75278734621463 36
1694491710013 -79.64564529533818 37
1694491710328 -77.60562709983985 38
1694491710747 -75.62954417491993 39
1694491711138 -73.71574693208213 40
1694491711505 -71.86245328117474 41
1694491711862 -70.06673748222344 42
1694491712204 -68.32627823666802 43
1694491712528 -66.64033171105118 44
1694491712900 -65.00676226667993 45
1694491713280 -63.42421552110214 46
1694491713704 -61.88983637750668 47
1694491714106 -60.40318316975792 48
1694491714533 -58.96153414307076 49
