1694491695743 169.86649738061462 0
1694491696163 165.46861825791203 1
1694491696566 154.8034441188525 2
1694491696927 151.57744852073523 3
1694491697279 138.29309192681168 4
1694491697626 141.2315680215895 5
1694491697978 139.16184799483923 6
1694491698362 129.82717714709753 7
1694491698748 121.74021398989036 8
1694491699127 127.00237477750338 9
1694491699484 115.03622908568465 10
1694491699832 122.094756095854 11
1694491700204 113.34322560252866 12
1694491700582 113.40478668151432 13
1694491701069 100.96290815828458 14
1694491701457 96.97438273415112 15
1694491701844 99.41324236289742 16
1694491702186 94.67055147868851 17
1694491702558 98.84436797463886 18
1694491702880 93.44912882158467 19
1694491703268 88.48243219336918 20
1694491703659 85.68432645700705 21
1694491704015 91.24767373737271 22
1694491704426 85.5293527326082 23
1694491704783 79.60982740349334 24
1694491705212 76.09516866406217 25
1694491705588 73.35070470852347 26
1694491705910 70.83424476532127 27
1694491706290 61.49768077765778 28
1694491706710 63.73630818906539 29
1694491707081 70.55661526112011 30
1694491707433 69.67385933323791 31
1694491707834 58.94806960714364 32
1694491708237 76.91192934102759 33
1694491708597 61.31135145733627 34
1694491708993 61.40549089729171 35
1694491709379 49.28474388348035 36
1694491709768 57.50790787472013 37
1694491710111 58.63978559541293 38
1694491710445 54.79021953187393 39
1694491710860 51.3144745916981 40
1694491711245 44.6372843438641 41
1694491711614 42.57729922983202 42
1694491711969 53.84950393630518 43
1694491712301 48.69626801985356 44
1694491712627 47.52697951908725 45
1694491713020 41.02127533710522 46
1694491713414 42.68326701348938 47
1694491713809 41.2013672555778 48
1694491714268 49.16753378611362 49
