1694493339695 169.6156812125839 0
1694493340098 169.55521019732777 1
1694493340474 169.4947618580025 2
1694493340848 169.43433632722775 3
1694493341236 169.3739335962766 4
1694493341583 169.31399368485822 5
1694493341999 169.25403229625553 6
1694493342351 169.19409345225344 7
1694493342713 169.13417714329222 8
1694493343060 169.07428336076808 9
1694493343418 169.0144120960804 10
1694493343891 168.9545633406321 11
1694493344222 168.89473708582912 12
1694493344581 168.8349333230809 13
1694493345008 168.77515204380012 14
1694493345357 168.7153932394028 15
1694493345808 168.65565690130816 16
1694493346196 168.59594302093885 17
1694493346591 168.5362515897208 18
1694493346945 168.4765825990831 19
1694493347369 168.41693604045824 20
1694493347722 168.35731190528207 21
1694493348112 168.29771018499363 22
1694493348506 168.23813087103525 23
1694493348846 168.17857395485257 24
1694493349225 168.11903942789456 25
1694493349647 168.05952728161347 26
1694493350050 168.00003750746478 27
1694493350406 167.9405700969073 28
1694493350832 167.88112504140307 29
1694493351228 167.82170233241754 30
1694493351621 167.7623019614193 31
1694493351962 167.70292391988033 32
1694493352309 167.6435681992758 33
1694493352720 167.58423479108416 34
1694493353106 167.52492368678722 35
1694493353496 167.46563487787006 36
1694493353865 167.4063683558209 37
1694493354210 167.34712411213138 38
1694493354606 167.28790213829632 39
1694493354959 167.22870242581388 40
1694493355340 167.1695249661855 41
1694493355733 167.11049687059793 42
1694493356091 167.0514782192051 43
1694493356439 166.99248172415764 44
1694493356854 166.93350737670076 45
1694493357236 166.8745551683846 46
1694493357710 166.81562509076244 47
1694493358126 166.75671713539083 48
1694493358570 166.697820433453 49
