1694493339842 -236.64481424109255 0
1694493340233 -236.5600896266891 1
1694493340598 -236.47539678303554 2
1694493340976 -236.39073589594227 3
1694493341350 -236.30610695318225 4
1694493341726 -236.22212645672803 5
1694493342122 -236.13811586906155 6
1694493342467 -236.05413686814092 7
1694493342819 -235.97018944057228 8
1694493343184 -235.88627357430101 9
1694493343552 -235.802389257277 10
1694493344000 -235.71853647745502 11
1694493344337 -235.63471522279414 12
1694493344718 -235.55092548125836 13
1694493345119 -235.46716724081614 14
1694493345500 -235.38344048944063 15
1694493345949 -235.29974521510957 16
1694493346355 -235.2160814058053 17
1694493346708 -235.13244904951497 18
1694493347070 -235.04884813422998 19
1694493347516 -234.96527864794677 20
1694493347852 -234.88174057866607 21
1694493348244 -234.79823391439342 22
1694493348625 -234.71475864313882 23
1694493348979 -234.63131475291698 24
1694493349363 -234.54790223174726 25
1694493349771 -234.4645210676535 26
1694493350168 -234.3811712486642 27
1694493350525 -234.29785276281254 28
1694493350978 -234.21456559813615 29
1694493351388 -234.13130974267742 30
1694493351734 -234.0480851844832 31
1694493352094 -233.9648919116051 32
1694493352471 -233.88172991209905 33
1694493352847 -233.79859917402587 34
1694493353257 -233.7154996854508 35
1694493353632 -233.63243143444376 36
1694493353982 -233.5493944090791 37
1694493354358 -233.46638859743604 38
1694493354746 -233.38341398759798 39
1694493355079 -233.30047056765335 40
1694493355473 -233.21755832569485 41
1694493355855 -233.13485535442106 42
1694493356210 -233.05216561520157 43
1694493356584 -232.96950691875202 44
1694493356989 -232.88687925280638 45
1694493357406 -232.80428260552566 46
1694493357857 -232.72171696507533 47
1694493358252 -232.63918231962552 48
1694493358697 -232.55666344111518 49
