1694493339566 168.9302316125454 0
1694493339967 168.8625338001253 1
1694493340320 168.80163223902048 2
1694493340718 168.7407536413009 3
1694493341115 168.6798981409108 4
1694493341450 168.61906572898778 5
1694493341848 168.55870351695324 6
1694493342220 168.4983194024056 7
1694493342565 168.43795811662028 8
1694493342933 168.37761964989053 9
1694493343280 168.31730399347916 10
1694493343725 168.25701113865233 11
1694493344094 168.19674107667961 12
1694493344452 168.13649379883395 13
1694493344825 168.07626929639153 14
1694493345220 168.01606756063202 15
1694493345651 167.9558885828384 16
1694493346062 167.89573235429702 17
1694493346464 167.8355988662976 18
1694493346817 167.7754881101331 19
1694493347179 167.71540007710004 20
1694493347611 167.6553347584981 21
1694493347971 167.59529214563042 22
1694493348373 167.53527222980344 23
1694493348723 167.47527500232695 24
1694493349077 167.4153004545141 25
1694493349510 167.3553485776814 26
1694493349889 167.2954193631487 27
1694493350292 167.2355128022392 28
1694493350656 167.17562888627936 29
1694493351081 167.1157676065991 30
1694493351485 167.05592895453154 31
1694493351847 166.99611292141333 32
1694493352189 166.93631949858423 33
1694493352573 166.87654867738755 34
1694493352964 166.8168004491698 35
1694493353354 166.75707480528084 36
1694493353744 166.69737173707387 37
1694493354099 166.63769123590544 38
1694493354478 166.5780332931354 39
1694493354847 166.51839790012698 40
1694493355207 166.45878504824668 41
1694493355594 166.39919472886436 42
1694493355982 166.33975959745726 43
1694493356323 166.2803336321351 44
1694493356728 166.2209300996005 45
1694493357102 166.16154899096318 46
1694493357521 166.10219029764295 47
1694493357975 166.04285401106304 48
1694493358404 165.98354012264988 49
