1694492681190 121.8385896637287 0
1694492681589 88.28384574298258 1
1694492681961 64.65149656855864 2
1694492682327 47.95312159454929 3
1694492682740 36.11115998730291 4
1694492683243 27.66871978102391 5
1694492683694 21.626164413687 6
1694492684077 17.265266566741243 7
1694492684490 14.105663444719003 8
1694492684877 11.788885027479683 9
1694492685282 10.071389709747622 10
1694492685675 8.783335510743267 11
1694492686035 7.808054349948822 12
1694492686405 7.05843813436681 13
1694492686911 6.4726027905488 14
1694492687243 6.0105898342418875 15
1694492687561 5.63895860196927 16
1694492687862 5.333304897944575 17
1694492688204 5.07906534884609 18
1694492688539 4.8651492952247954 19
1694492688916 4.6828048951186725 20
1694492689261 4.524774291423203 21
1694492689628 4.386078843989858 22
1694492690000 4.262766104458614 23
1694492690366 4.152850727790191 24
1694492690705 4.054202773310839 25
1694492691044 3.9640910603172763 26
1694492691401 3.8813065787091534 27
1694492691800 3.8058143683943855 28
1694492692250 3.73566406874377 29
1694492692660 3.670480824199755 30
1694492693067 3.609915285138993 31
1694492693405 3.552984209628182 32
1694492693767 3.499715433437281 33
1694492694160 3.4496739002931416 34
1694492694650 3.40249893879269 35
1694492695073 3.357585076330197 36
1694492695492 3.3147700239981166 37
1694492696010 3.2740841855681566 38
1694492696396 3.2348446173645424 39
1694492696734 3.197530788700058 40
1694492697094 3.161902513022632 41
1694492697431 3.127453589816911 42
1694492697771 3.0943894770006843 43
1694492698114 3.062760348823016 44
1694492698419 3.0318960804580124 45
1694492698792 3.002111510409814 46
1694492699281 2.9733277661992967 47
1694492699721 2.9452254886408746 48
1694492700076 2.918197943325024 49
