1694492681362 -169.70537818814225 0
1694492681749 -122.69256174955497 1
1694492682076 -89.58179516543355 2
1694492682509 -66.1860678927116 3
1694492682923 -49.59455497193911 4
1694492683393 -37.76603699400432 5
1694492683811 -29.299945076403006 6
1694492684226 -23.18998666127908 7
1694492684634 -18.763135961858932 8
1694492685025 -15.517148487902642 9
1694492685433 -13.110803432867124 10
1694492685807 -11.306138919146802 11
1694492686146 -9.939693855619044 12
1694492686586 -8.88942300194233 13
1694492687036 -8.068621938843638 14
1694492687371 -7.42130570962704 15
1694492687678 -6.900621333464169 16
1694492687995 -6.472376626396003 17
1694492688340 -6.1161671651816 18
1694492688660 -5.816454069891159 19
1694492689022 -5.56097532652655 20
1694492689383 -5.339562110536522 21
1694492689775 -5.145238958303489 22
1694492690140 -4.972468181038301 23
1694492690495 -4.818468155310318 24
1694492690826 -4.680254667913904 25
1694492691149 -4.554001121412728 26
1694492691529 -4.438013598247636 27
1694492691955 -4.332243116599672 28
1694492692404 -4.2339570689285635 29
1694492692804 -4.142630253326653 30
1694492693208 -4.057773203691795 31
1694492693566 -3.978008321296543 32
1694492693885 -3.903374606228234 33
1694492694301 -3.8332625106757385 34
1694492694827 -3.767166705839424 35
1694492695250 -3.70423887731883 36
1694492695684 -3.644251645681753 37
1694492696153 -3.587247608986509 38
1694492696524 -3.5322699098139827 39
1694492696890 -3.479990322111938 40
1694492697225 -3.430072325765358 41
1694492697562 -3.3818066943243075 42
1694492697913 -3.335481290375302 43
1694492698243 -3.291166411959261 44
1694492698558 -3.2479231618667432 45
1694492698943 -3.2061926534269984 46
1694492699463 -3.165864380137818 47
1694492699880 -3.1264908948422416 48
1694492700245 -3.0886231933416477 49
