1694492681091 120.08084191291208 0
1694492681471 90.82937858444747 1
1694492681858 60.1110106700127 2
1694492682184 44.333574412621104 3
1694492682607 41.63198268662973 4
1694492683102 32.0253271761528 5
1694492683536 17.08983156182682 6
1694492683946 17.647433285256376 7
1694492684369 8.200380537410815 8
1694492684765 8.906483948242412 9
1694492685151 11.94275508837937 10
1694492685555 11.841334494595374 11
1694492685901 8.165488140730949 12
1694492686247 9.827576623883244 13
1694492686739 10.0820162498722 14
1694492687141 3.970349247094739 15
1694492687467 3.3045271332056023 16
1694492687773 5.5050182483897965 17
1694492688093 7.797974719071158 18
1694492688442 7.737471718365289 19
1694492688792 2.3497535482497964 20
1694492689125 4.556873179615358 21
1694492689520 2.487333883582455 22
1694492689891 3.9286092639543164 23
1694492690266 3.891816883271972 24
1694492690605 2.14646521826806 25
1694492690936 4.0735259854177475 26
1694492691293 4.683209635815267 27
1694492691650 3.626529730553175 28
1694492692124 2.7206297924637783 29
1694492692548 4.526562246188118 30
1694492692933 2.0960917486778965 31
1694492693307 5.568177711091546 32
1694492693662 2.741584391414536 33
1694492694015 2.1781245400921674 34
1694492694489 2.636180079056435 35
1694492694939 2.7569929422183326 36
1694492695361 4.2485237244200675 37
1694492695860 1.3170938718613205 38
1694492696273 3.9085666363719027 39
1694492696625 2.7178355478316436 40
1694492696975 1.5860948552655283 41
1694492697325 3.244268420917697 42
1694492697659 3.5017263134816674 43
1694492698005 1.3675938254109217 44
1694492698329 2.8033775070175206 45
1694492698672 1.9748491685817757 46
1694492699097 2.2045739964543265 47
1694492699595 4.711632753983517 48
1694492699981 2.373808041073555 49
