1694511586019 169.46478068962548 0
1694511586367 169.39783435681622 1
1694511586705 169.33091604406636 2
1694511586985 169.26402573947732 3
1694511587285 169.19716343115576 4
1694511587625 169.13032910721336 5
1694511587965 169.06352275576685 6
1694511588269 168.99674436493808 7
1694511588586 168.92999392285404 8
1694511588907 168.86327141764664 9
1694511589225 168.7970160846126 10
1694511589555 168.7307883816267 11
1694511589863 168.66458829697723 12
1694511590178 168.59841581895773 13
1694511590537 168.53227093586653 14
1694511590894 168.46615363600708 15
1694511591195 168.40006390768775 16
1694511591543 168.3340017392219 17
1694511591853 168.267967118928 18
1694511592161 168.2019600351294 19
1694511592525 168.13598047615443 20
1694511592875 168.07002843033644 21
1694511593231 168.00410388601378 22
1694511593597 167.93820683152973 23
1694511593979 167.87233725523265 24
1694511594320 167.8064951454757 25
1694511594677 167.74068049061722 26
1694511595052 167.67489327902035 27
1694511595434 167.60913349905329 28
1694511595801 167.54340113908916 29
1694511596167 167.47769618750607 30
1694511596555 167.41201863268722 31
1694511596956 167.34636846302047 32
1694511597333 167.28074566689887 33
1694511597668 167.21515023272045 34
1694511598050 167.14958214888802 35
1694511598418 167.08404140380947 36
1694511598755 167.0185279858976 37
1694511599156 166.95304188357022 38
1694511599538 166.88758308525 39
1694511599973 166.82215157936452 40
1694511600389 166.75674735434646 41
1694511600790 166.69137039863332 42
1694511601162 166.6260207006676 43
1694511601657 166.56069824889664 44
1694511602139 166.49540303177284 45
1694511602535 166.4301350377534 46
1694511602961 166.36489425530056 47
1694511603422 166.2996806728814 48
1694511603883 166.23449427896807 49
