1694511586145 -236.43339082498522 0
1694511586491 -236.33959378504858 1
1694511586814 -236.24583600340316 2
1694511587092 -236.15211746337815 3
1694511587404 -236.05843814831005 4
1694511587763 -235.96479804154234 5
1694511588069 -235.8711971264257 6
1694511588380 -235.77763538631788 7
1694511588719 -235.68411280458386 8
1694511589025 -235.59062936459554 9
1694511589356 -235.49780046930246 10
1694511589665 -235.4050102858643 11
1694511589968 -235.31225879787218 12
1694511590314 -235.21954598892435 13
1694511590639 -235.1268718426259 14
1694511590994 -235.034236342589 15
1694511591311 -234.94163947243283 16
1694511591649 -234.84908121578349 17
1694511591966 -234.7565615562742 18
1694511592277 -234.66408047754504 19
1694511592654 -234.5716379632432 20
1694511593002 -234.4792339970227 21
1694511593359 -234.38686856254466 22
1694511593765 -234.29454164347712 23
1694511594094 -234.20225322349526 24
1694511594447 -234.11000328628091 25
1694511594818 -234.0177918155232 26
1694511595197 -233.92561879491797 27
1694511595557 -233.83348420816813 28
1694511595952 -233.74138803898362 29
1694511596311 -233.64933027108117 30
1694511596687 -233.55731088818476 31
1694511597099 -233.4653298740249 32
1694511597457 -233.3733872123393 33
1694511597787 -233.28148288687274 34
1694511598172 -233.18961688137662 35
1694511598535 -233.0977891796095 36
1694511598895 -233.00599976533687 37
1694511599294 -232.91424862233103 38
1694511599718 -232.82253573437134 39
1694511600142 -232.73086108524393 40
1694511600519 -232.63922465874208 41
1694511600922 -232.54762643866584 42
1694511601365 -232.45606640882215 43
1694511601850 -232.36454455302496 44
1694511602294 -232.2730608550951 45
1694511602697 -232.18161529886024 46
1694511603147 -232.09020786815506 47
1694511603616 -231.9988385468211 48
1694511604048 -231.90750731870685 49
