1694511585893 168.77801842274246 0
1694511586221 168.71056959804542 1
1694511586573 168.6431491590881 2
1694511586890 168.57575709378222 3
1694511587182 168.50839339004477 4
1694511587490 168.44105803579794 5
1694511587847 168.373751018969 6
1694511588156 168.3064723274904 7
1694511588469 168.2392219492999 8
1694511588799 168.1719998723402 9
1694511589118 168.1048060845593 10
1694511589440 168.03808690336734 11
1694511589757 167.97139569913315 12
1694511590061 167.90473245996415 13
1694511590409 167.83809717397267 14
1694511590732 167.77148982927622 15
1694511591074 167.70491041399734 16
1694511591419 167.6383589162637 17
1694511591745 167.57183532420802 18
1694511592052 167.50533962596802 19
1694511592392 167.43887180968667 20
1694511592756 167.37243186351182 21
1694511593096 167.30601977559658 22
1694511593450 167.2396355340989 23
1694511593861 167.17327912718198 24
1694511594189 167.10695054301408 25
1694511594543 167.04064976976835 26
1694511594917 166.9743767956232 27
1694511595304 166.908131608762 28
1694511595662 166.84191419737314 29
1694511596049 166.77572454965014 30
1694511596411 166.7095626537915 31
1694511596800 166.64342849800084 32
1694511597203 166.57732207048673 33
1694511597567 166.51124335946292 34
1694511597879 166.44519235314806 35
1694511598293 166.37916903976588 36
1694511598637 166.31317340754526 37
1694511599000 166.24720544471995 38
1694511599398 166.18126513952882 39
1694511599817 166.11535248021573 40
1694511600256 166.04946745502963 41
1694511600633 165.98361005222444 42
1694511601023 165.91778026005912 43
1694511601481 165.85197806679764 44
1694511601961 165.78620346070903 45
1694511602405 165.7204564300673 46
1694511602807 165.65473696315146 47
1694511603254 165.58904504824557 48
1694511603717 165.5233806736387 49
