1694510250319 2.768988453780768 0
1694510250686 1.894442835678456 1
1694510251007 1.403275624514372 2
1694510251370 1.0555028022821036 3
1694510251668 0.8277139145762873 4
1694510251997 0.6586041427993561 5
1694510252329 0.5335619342254467 6
1694510252686 0.4531712222978614 7
1694510253015 0.3972902377276416 8
1694510253363 0.3647622076293754 9
1694510253709 0.3523891422934737 10
1694510254055 0.3332949272164041 11
1694510254384 0.3219807853222217 12
1694510254689 0.3204143114468811 13
1694510255024 0.3155320226274287 14
1694510255359 0.3255707595013878 15
1694510255723 0.3208676902133195 16
1694510256064 0.32157497131468926 17
1694510256391 0.32049845987506653 18
1694510256709 0.32138758761528435 19
1694510257055 0.3192275214809286 20
1694510257373 0.3207009830062812 21
1694510257696 0.3214803165513318 22
1694510258010 0.31880332826409014 23
1694510258315 0.3272639678563233 24
1694510258632 0.3165424422251623 25
1694510258965 0.32415271561727055 26
1694510259322 0.32046081428468 27
1694510259666 0.320459244949454 28
