1694510250466 -2.918090317091455 0
1694510250797 -1.6806172198443967 1
1694510251143 -0.9856206439261437 2
1694510251470 -0.4935256604763856 3
1694510251781 -0.17120671615483074 4
1694510252107 0.06808187980159008 5
1694510252469 0.24501532492745182 6
1694510252790 0.35876735937797133 7
1694510253141 0.43783838051392654 8
1694510253483 0.4838652101267621 9
1694510253818 0.5013729709190267 10
1694510254171 0.5283910897933684 11
1694510254481 0.5444004847553685 12
1694510254793 0.5466170292536198 13
1694510255136 0.5535254179551404 14
1694510255499 0.5393207080409537 15
1694510255852 0.5459755029401634 16
1694510256174 0.544974707421874 17
1694510256501 0.5464979600891307 18
1694510256838 0.5452398534383613 19
1694510257159 0.5482963249067565 20
1694510257474 0.5462113919316087 21
1694510257796 0.5451086429430825 22
1694510258105 0.5488965539662896 23
1694510258420 0.5369248355514051 24
1694510258740 0.5520956845676017 25
1694510259118 0.5413272256210413 26
1694510259464 0.5465512282141649 27
1694510259770 0.546553448807445 28
