1694510250230 0.6157086860324229 0
1694510250593 0.2592533373093907 1
1694510250924 0.022938548438774183 2
1694510251273 0.047752237697178526 3
1694510251583 0.18580791007802983 4
1694510251903 0.0584820119811001 5
1694510252238 3.121815722120068 6
1694510252597 0.3523390328641277 7
1694510252924 0.08647706490479924 8
1694510253276 0.002511676939560918 9
1694510253610 0.01804150870411832 10
1694510253958 0.15780142045810858 11
1694510254297 0.9286571204851984 12
1694510254604 1.473455014715829 13
1694510254938 1.1401575460485318 14
1694510255265 0.06952180228769811 15
1694510255625 0.023864187182254876 16
1694510255976 0.11538605015890883 17
1694510256298 0.1449980996950889 18
1694510256629 0.06487024307692733 19
1694510256966 0.3039628188643183 20
1694510257291 0.0011874040176067995 21
1694510257609 0.4435476222545378 22
1694510257909 0.1380867692984772 23
1694510258222 0.012118692826067288 24
1694510258543 0.010768156261977411 25
1694510258867 1.0360317172603586 26
1694510259231 0.005066654819921888 27
1694510259580 0.4411987053589127 28
