1694494368339 168.37877075596572 0
1694494368800 167.71512922883122 1
1694494369194 167.05423419787806 2
1694494369624 166.3960743079751 3
1694494370037 165.74063811045792 4
1694494370419 165.08791420483334 5
1694494370858 164.43789123857348 6
1694494371313 163.7905579069131 7
1694494371791 163.1459029526483 8
1694494372204 162.50391516593578 9
1694494372667 161.8645833840931 10
1694494373139 161.2278964913997 11
1694494373523 160.5938434188987 12
1694494373957 159.96241314419967 13
1694494374417 159.3335946912823 14
1694494374843 158.70737713030056 15
1694494375308 158.08374957738806 16
1694494375742 157.46270119446405 17
1694494376199 156.84422118904033 18
1694494376710 156.22829881402876 19
1694494377228 155.6149233675499 20
1694494377724 155.00408419274217 21
1694494378159 154.39577067757207 22
1694494378655 153.789972254645 23
1694494379124 153.186678401017 24
1694494379572 152.5858786380071 25
1694494380058 151.98756253101092 26
1694494380543 151.39171968931436 27
1694494381005 150.79833976590874 28
1694494381433 150.20741245730636 29
1694494381917 149.61892750335682 30
1694494382377 149.03287468706446 31
1694494382790 148.44924383440605 32
1694494383297 147.86802481414966 33
1694494383802 147.2892075376742 34
1694494384216 146.7127819587896 35
1694494384636 146.138738073558 36
1694494385126 145.56706592011517 37
1694494385641 144.99775557849352 38
1694494386137 144.43079717044506 39
1694494386663 143.8661808592655 40
1694494387044 143.30389684961918 41
1694494387482 142.74393538736425 42
1694494387924 142.18628675937927 43
1694494388340 141.63094129339 44
1694494388817 141.07788935779723 45
1694494389333 140.52712136150512 46
1694494389670 139.9786277537504 47
1694494390200 139.43239902393233 48
1694494390580 138.88842570144328 49
