1694494368495 -237.25423699471452 0
1694494368938 -236.31519102724752 1
1694494369342 -235.38003132376238 2
1694494369768 -234.44874181686473 3
1694494370155 -233.52130630681162 4
1694494370557 -232.59770866202194 5
1694494370996 -231.67793281878488 6
1694494371509 -230.76196278097342 7
1694494371943 -229.84978261975922 8
1694494372355 -228.94137647332883 9
1694494372825 -228.03672854660078 10
1694494373274 -227.13582311094433 11
1694494373689 -226.23864450389877 12
1694494374131 -225.3451771288945 13
1694494374565 -224.4554054549751 14
1694494375017 -223.56931401652037 15
1694494375461 -222.68688741297072 16
1694494375910 -221.8081103085529 17
1694494376405 -220.93296743200656 18
1694494376902 -220.06144357631197 19
1694494377415 -219.1935235984193 20
1694494377866 -218.3291924189785 21
1694494378314 -217.4684350220708 22
1694494378800 -216.61123645494098 23
1694494379289 -215.7575818277311 24
1694494379731 -214.90745631321488 25
1694494380235 -214.06084514653384 26
1694494380716 -213.217733624934 27
1694494381142 -212.3781071075039 28
1694494381575 -211.541951014914 29
1694494382094 -210.7092508291565 30
1694494382510 -209.87999209328706 31
1694494382982 -209.054160411167 32
1694494383488 -208.23174144720687 33
1694494383939 -207.4127209261111 34
1694494384341 -206.59708463262353 35
1694494384777 -205.78481841127453 36
1694494385306 -204.9759081661282 37
1694494385807 -204.17033986053195 38
1694494386348 -203.36809951686595 39
1694494386777 -202.5691732162944 40
1694494387217 -201.77354709851747 41
1694494387601 -200.98120736152444 42
1694494388069 -200.19214026134782 43
1694494388507 -199.40633211181864 44
1694494389052 -198.62376928432252 45
1694494389453 -197.84443820755712 46
1694494389827 -197.0683253672901 47
1694494390320 -196.29541730611882 48
1694494390702 -195.52570062323042 49
