1694494368169 169.17813275916612 0
1694494368657 168.502948214599 1
1694494369046 167.83732015518282 2
1694494369468 167.17444973104008 3
1694494369882 166.51432554266998 4
1694494370252 165.85693609690276 5
1694494370703 165.20226994888765 6
1694494371121 164.55031570188638 7
1694494371611 163.90106200707024 8
1694494372052 163.25449756331827 9
1694494372483 162.61061111701625 10
1694494372977 161.96939146185628 11
1694494373392 161.33082743863767 12
1694494373786 160.6949079350684 13
1694494374250 160.0616218855672 14
1694494374693 159.43095827106697 15
1694494375119 158.80290611881867 16
1694494375573 158.17745450219599 17
1694494376027 157.55459254050123 18
1694494376518 156.9343093987717 19
1694494377035 156.31659428758678 20
1694494377585 155.70143646287625 21
1694494378022 155.088825225729 22
1694494378460 154.47874992220312 23
1694494378920 153.8711999431358 24
1694494379416 153.26616472395506 25
1694494379876 152.6636337444918 26
1694494380354 152.0635965287925 27
1694494380814 151.4660426449333 28
1694494381281 150.870961704834 29
1694494381722 150.27834336407366 30
1694494382212 149.68817732170638 31
1694494382599 149.10045332007837 32
1694494383158 148.51516114464533 33
1694494383658 147.93229062379095 34
1694494384062 147.35183162864587 35
1694494384462 146.7737740729077 36
1694494384917 146.1981079126617 37
1694494385471 145.62482314620195 38
1694494385926 145.0539098138537 39
1694494386485 144.48535799779637 40
1694494386887 143.91915782188693 41
1694494387342 143.35529945148434 42
1694494387757 142.79377309327504 43
1694494388173 142.23456899509836 44
1694494388645 141.67767744577347 45
1694494389187 141.12308877492643 46
1694494389554 140.57079335281867 47
1694494389986 140.02078159017526 48
1694494390444 139.47304393801494 49
