1694493179741 162.4425243179836 0
1694493180113 156.08447443417512 1
1694493180470 149.9902115955049 2
1694493180800 144.14356177803253 3
1694493181152 138.53685211769334 4
1694493181542 133.16011653770192 5
1694493181871 128.00646596395976 6
1694493182215 123.06142191852936 7
1694493182547 118.31889065335382 8
1694493182912 113.77308083976887 9
1694493183276 109.4107038405553 10
1694493183609 105.22925609502343 11
1694493183954 101.21873252544192 12
1694493184370 97.3694926416232 13
1694493184707 93.67987348864658 14
1694493185026 90.14079794141588 15
1694493185353 86.74352268283964 16
1694493185698 83.48710926119729 17
1694493186045 80.36330514722265 18
1694493186387 77.36662560186106 19
1694493186732 74.49181221603956 20
1694493187083 71.73139304909144 21
1694493187417 69.08542386598955 22
1694493187735 66.54682397772511 23
1694493188101 64.11116063089617 24
1694493188434 61.774183401487925 25
1694493188790 59.531818888030074 26
1694493189175 57.38016329986729 27
1694493189598 55.315475356896094 28
1694493190091 53.33416948764275 29
1694493190473 51.43280931311161 30
1694493190816 49.60810140436377 31
1694493191216 47.856889302294775 32
1694493191575 46.176147788566595 33
1694493191977 44.562977397115425 34
1694493192346 43.01459915610369 35
1694493192749 41.528349550611686 36
1694493193107 40.101675696774684 37
1694493193500 38.732130718462926 38
1694493193886 37.417369317977816 39
1694493194260 36.15514353259771 40
1694493194688 34.94329866915067 41
1694493195063 33.77976940912233 42
1694493195454 32.662576077122324 43
1694493195861 31.58982106583608 44
1694493196244 30.559685410878288 45
1694493196705 29.570425509242185 46
1694493197132 28.62036997530472 47
1694493197610 27.707916628602312 48
1694493198023 26.83152960783592 49
