1694493179880 -238.55015120459402 0
1694493180229 -229.17408531650645 1
1694493180571 -220.18701994915074 2
1694493180921 -211.56510365170274 3
1694493181285 -203.2970214328781 4
1694493181661 -195.36807655479438 5
1694493181994 -187.7681098627051 6
1694493182322 -180.47577028740164 7
1694493182682 -173.4820715226531 8
1694493183018 -166.77847323295916 9
1694493183382 -160.34537897909595 10
1694493183741 -154.17909681928728 11
1694493184071 -148.26487250187756 12
1694493184493 -142.58848942384478 13
1694493184818 -137.1474952648722 14
1694493185127 -131.9285042031226 15
1694493185479 -126.91862267553377 16
1694493185816 -122.11646676953413 17
1694493186146 -117.50986667526736 18
1694493186514 -113.09073417768396 19
1694493186855 -108.85131482520907 20
1694493187195 -104.78058992354443 21
1694493187523 -100.87864170797744 22
1694493187838 -97.13502845378235 23
1694493188223 -93.54321328428753 24
1694493188545 -90.09692819965925 25
1694493188912 -86.79016625102597 26
1694493189365 -83.61717061057628 27
1694493189783 -80.57242410096853 28
1694493190225 -77.65063916469711 29
1694493190574 -74.84674825487761 30
1694493190952 -72.1558946296956 31
1694493191345 -69.57342353351416 32
1694493191702 -67.0948737483527 33
1694493192105 -64.71596950013719 34
1694493192469 -62.43261270478111 35
1694493192868 -60.2408755397858 36
1694493193221 -58.13699332765461 37
1694493193627 -56.117357717992064 38
1694493194007 -54.17851015571428 39
1694493194431 -52.31713562332733 40
1694493194806 -50.53005664573777 41
1694493195186 -48.814227546547265 42
1694493195577 -47.16672894524821 43
1694493195997 -45.58476248518467 44
1694493196391 -44.06564578256973 45
1694493196855 -42.60680758726021 46
1694493197283 -41.2057831463818 47
1694493197755 -39.86020976227316 48
1694493198146 -38.5678225365774 49
