1694493179590 169.82391394250382 0
1694493179991 163.11062321893255 1
1694493180331 156.79581425763783 2
1694493180687 150.73879182721728 3
1694493181020 144.92945341115248 4
1694493181384 139.3572534630918 5
1694493181751 134.01236225717471 6
1694493182088 128.8853036734301 7
1694493182420 123.96723245923548 8
1694493182784 119.24937116520738 9
1694493183124 114.72347176632204 10
1694493183472 110.38157396003618 11
1694493183829 106.21614252752298 12
1694493184187 102.21987252372504 13
1694493184581 98.38560683212967 14
1694493184917 94.70690840897846 15
1694493185225 91.17725268115453 16
1694493185572 87.79024433541707 17
1694493185911 84.54041257625872 18
1694493186239 81.42191858454443 19
1694493186607 78.42934457739332 20
1694493186948 75.55749839381045 21
1694493187292 72.80105113930709 22
1694493187621 70.15590016302994 23
1694493187943 67.6171658411768 24
1694493188313 65.18046853675108 25
1694493188657 62.84161060084548 26
1694493189018 60.59656904143431 27
1694493189470 58.4414882074521 28
1694493189913 56.372672780632335 29
1694493190335 54.386581062140635 30
1694493190664 52.479818541564335 31
1694493191077 50.64913173634582 32
1694493191459 48.891402290251285 33
1694493191817 47.203641319948495 34
1694493192216 45.58298399922924 35
1694493192596 44.02668437085465 36
1694493192986 42.53211037642474 37
1694493193355 41.09673909507992 38
1694493193744 39.71815218223013 39
1694493194125 38.394031499879496 40
1694493194561 37.122154930471126 41
1694493194911 35.90039236651709 42
1694493195323 34.72670186860628 43
1694493195710 33.59912598469509 44
1694493196121 32.515788223886226 45
1694493196506 31.474889678187154 46
1694493197002 30.474705786015576 47
1694493197424 29.51358323148159 48
1694493197891 28.58993697372906 49
