1694493677515 2.9837772873848922 0
1694493677932 2.13300823443831 1
1694493678325 1.57672093201265 2
1694493678783 1.3582225322841768 3
1694493679214 0.9363372766170082 4
1694493679713 0.733891531409557 5
1694493680180 0.6122707121048697 6
1694493680626 0.47480052414224216 7
1694493681085 0.4087230100433555 8
1694493681531 0.3408266219598689 9
1694493681958 0.3038539559107075 10
1694493682436 0.27219941220710586 11
1694493682862 0.256748874410716 12
1694493683291 0.2376364187020987 13
1694493683749 0.22771132885131362 14
1694493684210 0.2233503184763795 15
1694493684666 0.26370987190834577 16
1694493685141 0.21740684198671686 17
1694493685565 0.21096154122035887 18
1694493686071 0.20238698406725733 19
1694493686510 0.19745252600777569 20
1694493686924 0.20600053028405002 21
1694493687355 0.19559746681430515 22
1694493687800 0.24055746572721493 23
1694493688282 0.19390888296771924 24
1694493688760 0.19837394421581953 25
1694493689180 0.2229529658225476 26
1694493689679 0.2003701265582692 27
1694493690111 0.2047904212289945 28
1694493690526 0.19232646794068944 29
1694493690992 0.22912398197078884 30
1694493691459 0.21052078135909014 31
1694493691954 0.20214105588188036 32
1694493692395 0.19407234071838464 33
1694493692853 0.2027466082646311 34
1694493693277 0.26020888730945363 35
1694493693792 0.22871854292591728 36
1694493694206 0.20231654900424334 37
1694493694661 0.19561746937487717 38
1694493695229 0.19517229734452288 39
1694493695675 0.2044282044083487 40
1694493696097 0.19486852156810172 41
1694493696583 0.20950471664090625 42
1694493697118 0.19675891574941248 43
1694493697499 0.2033726752605299 44
1694493697952 0.20040925996156275 45
1694493698500 0.19655754028016334 46
1694493699005 0.19289216936061326 47
1694493699474 0.20011006423806288 48
1694493700043 0.19734653418963255 49
