1694493677653 -3.400105842696231 0
1694493678073 -2.1454968286513747 1
1694493678487 -1.325153091882013 2
1694493678937 -1.0029386661171271 3
1694493679393 -0.38079445104554055 4
1694493679868 -0.08225249549060099 5
1694493680330 0.0970988521715026 6
1694493680768 0.2998228891860253 7
1694493681245 0.39726583745384914 8
1694493681692 0.4973910361968017 9
1694493682114 0.5519137529527678 10
1694493682595 0.5985939603821148 11
1694493683013 0.6213785032895641 12
1694493683450 0.6495631899909855 13
1694493683901 0.6641994854096693 14
1694493684367 0.6706305643350083 15
1694493684790 0.611113284806331 16
1694493685286 0.6793952686373905 17
1694493685764 0.6889000013397573 18
1694493686213 0.7015446981096566 19
1694493686645 0.7088214267816864 20
1694493687082 0.696215886911654 21
1694493687499 0.7115570387290817 22
1694493687968 0.6452555909833969 23
1694493688464 0.7140471534171511 24
1694493688903 0.7074626331284463 25
1694493689336 0.6712165309019934 26
1694493689837 0.7045189102087648 27
1694493690233 0.6980004061336352 28
1694493690659 0.7163807034563723 29
1694493691149 0.6621162792431146 30
1694493691635 0.6895499794895991 31
1694493692092 0.7019073625920011 32
1694493692538 0.7138061061356473 33
1694493692987 0.7010143688056802 34
1694493693470 0.6162761040468636 35
1694493693939 0.6627141706198401 36
1694493694376 0.7016485670323167 37
1694493694819 0.7115275414257762 38
1694493695372 0.7121840260970849 39
1694493695808 0.6985345587178731 40
1694493696247 0.7126319970546866 41
1694493696773 0.6910483461143269 42
1694493697263 0.7098442774358826 43
1694493697645 0.7000911226042226 44
1694493698103 0.7044612011038647 45
1694493698665 0.7101412410807784 46
1694493699168 0.7155464769430355 47
1694493699639 0.7049024179656751 48
1694493700256 0.7089777304107344 49
