1694493677354 4.819967923970599 0
1694493677798 0.2680913202220073 1
1694493678205 1.1035631424363477 2
1694493678640 0.24582312261870606 3
1694493679067 0.013671897406169933 4
1694493679585 0.07426018747464926 5
1694493680008 0.08266697151674754 6
1694493680476 0.004215482628013465 7
1694493680930 3.9817290436489343 8
1694493681405 0.0597062057224948 9
1694493681831 0.05497585656013013 10
1694493682305 0.19381842846836728 11
1694493682740 0.0014200648919435307 12
1694493683160 0.3430114773011916 13
1694493683608 0.21792525312190308 14
1694493684032 0.069488667803421 15
1694493684521 0.00045592897935127215 16
1694493685002 0.18203178402446654 17
1694493685459 0.26803677642620927 18
1694493685926 0.4902917861779924 19
1694493686370 0.13466220649479305 20
1694493686798 0.1448892288236815 21
1694493687214 0.149152365105145 22
1694493687638 1.2442924471679946 23
1694493688129 0.04638888106601182 24
1694493688615 0.10348814951361261 25
1694493689040 0.13759967173544305 26
1694493689480 0.7908099356058416 27
1694493689969 0.02477932249991665 28
1694493690364 0.002809286645052007 29
1694493690834 0.06160831886103305 30
1694493691298 0.18139576552516748 31
1694493691806 0.07530334805908884 32
1694493692244 0.02997063269757274 33
1694493692689 0.006602472885854492 34
1694493693126 0.24143655340692685 35
1694493693658 0.17952468311685416 36
1694493694087 0.003957131980966432 37
1694493694540 0.37873548282393343 38
1694493695038 0.033591883617258796 39
1694493695519 0.02651265495706653 40
1694493695970 0.019679828948877744 41
1694493696435 0.1739899276638808 42
1694493696956 0.27698457837836715 43
1694493697387 0.10694213395507482 44
1694493697817 1.1994331062641985 45
1694493698286 0.2581336880289232 46
1694493698842 0.6296764239926296 47
1694493699322 0.6631894600574356 48
1694493699891 0.16844940540249848 49
