1694494116870 120.24526435137996 0
1694494117317 86.25106063851781 1
1694494117703 62.37779715167605 2
1694494118112 45.59254570249821 3
1694494118484 33.757598712255835 4
1694494118880 25.392278697424036 5
1694494119242 19.462845201064148 6
1694494119595 15.247580137404203 7
1694494119989 12.236125081462347 8
1694494120381 10.074136638757054 9
1694494120824 8.510746768682957 10
1694494121225 7.3704061275741655 11
1694494121584 6.53428492248158 12
1694494121934 5.911377263398106 13
1694494122286 5.442152369226593 14
1694494122620 5.084482670933046 15
1694494123032 4.807186089441522 16
1694494123424 4.588133411049363 17
1694494123861 4.411617729360101 18
1694494124308 4.2672050037169935 19
1694494124682 4.146374523939134 20
1694494125125 4.043369160861436 21
1694494125458 3.9539305067715156 22
1694494125808 3.875194910754999 23
1694494126141 3.8050196222992816 24
1694494126580 3.7418558029770934 25
1694494127026 3.684142629696878 26
1694494127438 3.631164794472747 27
1694494127870 3.5818929856735195 28
1694494128258 3.5357929246696687 29
1694494128631 3.4925011921983202 30
1694494129031 3.4513267816168276 31
1694494129536 3.412706738606824 32
1694494129976 3.3757945853055364 33
1694494130308 3.34052827606065 34
1694494130716 3.306776324623722 35
1694494131065 3.274220365575376 36
1694494131471 3.2429398682058506 37
1694494131853 3.2126412402450115 38
1694494132202 3.1835453394878197 39
1694494132648 3.155441948273083 40
1694494133056 3.127989990093786 41
1694494133375 3.101444417782558 42
1694494133716 3.075454537754735 43
1694494134058 3.050232206440832 44
1694494134482 3.025674773575941 45
1694494134851 3.0017415929064715 46
1694494135289 2.978308312360549 47
1694494135641 2.9552798042697788 48
1694494136038 2.9328770522780934 49
