1694494117059 -176.32284928436403 0
1694494117449 -126.19240053834949 1
1694494117859 -90.98706313036057 2
1694494118279 -66.23424954574344 3
1694494118655 -48.78153294389332 4
1694494119008 -36.44539323638001 5
1694494119389 -27.701397804308616 6
1694494119751 -21.48524604474504 7
1694494120121 -17.044324450935218 8
1694494120567 -13.856091194113672 9
1694494120995 -11.550597104186387 10
1694494121344 -9.868963713242383 11
1694494121730 -8.635955534218894 12
1694494122078 -7.717368332090402 13
1694494122416 -7.025413471011568 14
1694494122761 -6.497966420633299 15
1694494123196 -6.089043705945729 16
1694494123597 -5.766011898536147 17
1694494124022 -5.505708394781967 18
1694494124452 -5.292746361540255 19
1694494124891 -5.114560508898309 20
1694494125254 -4.962660934548893 21
1694494125596 -4.830767865288063 22
1694494125971 -4.71465834279616 23
1694494126341 -4.611172503537184 24
1694494126796 -4.518026312089981 25
1694494127195 -4.432918059532236 26
1694494127585 -4.354792898083809 27
1694494128039 -4.282132926210471 28
1694494128430 -4.21415025584519 29
1694494128771 -4.150308961190596 30
1694494129204 -4.089590031083053 31
1694494129677 -4.032637966459479 32
1694494130110 -3.9782044864225545 33
1694494130446 -3.926198093715289 34
1694494130844 -3.876424888674846 35
1694494131211 -3.828415385341989 36
1694494131594 -3.78228677520074 37
1694494131970 -3.737606104669525 38
1694494132345 -3.694699067518492 39
1694494132790 -3.653255660731279 40
1694494133177 -3.612772906844496 41
1694494133509 -3.5736267787744884 42
1694494133846 -3.535300116980763 43
1694494134182 -3.498105341134073 44
1694494134610 -3.4618910753149468 45
1694494134972 -3.4265973794539084 46
1694494135408 -3.3920408744896857 47
1694494135801 -3.3580812778980835 48
1694494136189 -3.3250444690357552 49
