1694494116733 119.34851876874865 0
1694494117168 82.99086761151969 1
1694494117550 57.234664652517736 2
1694494117975 41.277765600305344 3
1694494118385 30.959065908321595 4
1694494118760 24.36406174580714 5
1694494119114 21.95585351766976 6
1694494119505 14.202139358997513 7
1694494119860 13.288435987926903 8
1694494120231 8.603089863116315 9
1694494120704 7.281825962858927 10
1694494121099 9.876804515346421 11
1694494121455 4.8719981730476265 12
1694494121826 8.168261224234636 13
1694494122173 7.896014751136721 14
1694494122508 5.852471992553905 15
1694494122878 6.5728050244223 16
1694494123307 3.721612281888019 17
1694494123743 4.67231145953284 18
1694494124136 6.129701916834753 19
1694494124562 3.8098530487399422 20
1694494125009 2.2505194509456476 21
1694494125348 3.8530483305889005 22
1694494125704 5.411626646723172 23
1694494126053 4.451931993614569 24
1694494126439 6.155711361307336 25
1694494126908 2.8535753233378798 26
1694494127306 2.704657989161451 27
1694494127712 2.848426212146087 28
1694494128150 4.2010358815146125 29
1694494128530 2.3984596185543636 30
1694494128880 3.498545112051013 31
1694494129354 3.365028651106707 32
1694494129809 3.342020396288184 33
1694494130197 3.6998644955433324 34
1694494130597 2.9445603973497354 35
1694494130939 2.3783581841510726 36
1694494131313 2.1736559906622603 37
1694494131730 2.5105683583360294 38
1694494132093 1.6548630985396404 39
1694494132519 4.2755228497533535 40
1694494132921 4.77682865937651 41
1694494133268 3.2656206292280676 42
1694494133608 4.079324565859648 43
1694494133941 4.693538734611788 44
1694494134280 4.389443142146602 45
1694494134749 1.8308137514500866 46
1694494135113 3.3898698579032627 47
1694494135529 3.2227493538798093 48
1694494135914 2.0133110548909947 49
