1694510133347 35.10669048739897 0
1694510133757 11.048048524048385 1
1694510134140 5.974830044578845 2
1694510134506 4.498816075029077 3
1694510134853 3.8683131970445404 4
1694510135236 3.504942053489964 5
1694510135591 3.2491526333410685 6
1694510135981 3.0536550080010003 7
1694510136367 2.893778767077823 8
1694510136735 2.7575994145036096 9
1694510137097 2.637896763168494 10
1694510137462 2.529775995757004 11
1694510137797 2.4285868346210315 12
1694510138156 2.339326766536743 13
1694510138541 2.2534795720894327 14
1694510138894 2.1748743022374084 15
1694510139274 2.1005276927302416 16
1694510139630 2.030923211597859 17
1694510139994 1.9646176344953508 18
1694510140390 1.9019733854282794 19
1694510140803 1.8405427020809189 20
1694510141213 1.784998020963704 21
1694510141591 1.730774975288879 22
1694510142008 1.6788412118728613 23
1694510142409 1.6291746286201696 24
1694510142813 1.5815056441882709 25
1694510143198 1.535335315104419 26
1694510143580 1.489348030397253 27
1694510143961 1.4465199148358934 28
1694510144318 1.4053602908536778 29
1694510144674 1.3659593941027808 30
1694510145009 1.3263898458764216 31
1694510145413 1.2897118869833486 32
1694510145805 1.2544991161942094 33
1694510146205 1.220310100444049 34
1694510146608 1.1882363755378162 35
1694510146989 1.1550486043069674 36
1694510147337 1.1239092026661617 37
1694510147681 1.0940717565521187 38
1694510148042 1.0653943761767704 39
1694510148405 1.0371634683312174 40
1694510148816 1.0099494617297802 41
1694510149165 0.9844244222095567 42
1694510149563 0.9598817403529992 43
1694510149980 0.9366191344670844 44
1694510150472 0.9125146227737476 45
1694510150872 0.8907184510361438 46
1694510151278 0.8684550739749647 47
1694510151655 0.8460626659919759 48
1694510152050 0.8265187202320188 49
