1694510133523 -48.67560766676101 0
1694510133901 -14.632875567150252 1
1694510134282 -7.454323351174558 2
1694510134636 -5.365778693616177 3
1694510134983 -4.47362357546952 4
1694510135370 -3.9594571270223646 5
1694510135749 -3.597517715923913 6
1694510136122 -3.3208905772973756 7
1694510136513 -3.0946673329791174 8
1694510136879 -2.901974943099238 9
1694510137246 -2.7325969168073945 10
1694510137589 -2.579607137708446 11
1694510137943 -2.4364255105333226 12
1694510138323 -2.310123427913059 13
1694510138679 -2.1886505265529204 14
1694510139045 -2.0774248743624755 15
1694510139406 -1.9722251829658304 16
1694510139779 -1.8737355546762657 17
1694510140151 -1.7799138418194356 18
1694510140558 -1.6912728706532225 19
1694510140952 -1.604349082557622 20
1694510141369 -1.5257539273650669 21
1694510141756 -1.4490288727944494 22
1694510142165 -1.3755431291855928 23
1694510142558 -1.3052654222996418 24
1694510142937 -1.2378142972965058 25
1694510143334 -1.1724837542697313 26
1694510143726 -1.1074122171622172 27
1694510144092 -1.0468108720568892 28
1694510144455 -0.9885704254563803 29
1694510144794 -0.9328185598848122 30
1694510145165 -0.8768280542018814 31
1694510145558 -0.8249291178255271 32
1694510145948 -0.7751034076177048 33
1694510146387 -0.7267263003102733 34
1694510146759 -0.6813423078936276 35
1694510147116 -0.6343819513316893 36
1694510147470 -0.5903200167713356 37
1694510147832 -0.5481003359537626 38
1694510148186 -0.5075221362813209 39
1694510148538 -0.4675756906681823 40
1694510148947 -0.4290681499058633 41
1694510149324 -0.39295048027419255 42
1694510149716 -0.3582228366806135 43
1694510150171 -0.32530648748187696 44
1694510150627 -0.2911988501838856 45
1694510151034 -0.2603574902937189 46
1694510151420 -0.22885503965328446 47
1694510151817 -0.19717001157932623 48
1694510152241 -0.16951552839240902 49
