1694510133247 40.233927603650216 0
1694510133655 3.5680002063260057 1
1694510134054 2.148657532799825 2
1694510134414 0.21196994674307099 3
1694510134762 0.7788235844024679 4
1694510135140 0.3919751159660884 5
1694510135504 0.13273570337250357 6
1694510135882 0.009422715981822202 7
1694510136274 36.21416570791998 8
1694510136635 1.4890213016707825 9
1694510137008 1.6185243298371004 10
1694510137367 1.0665366413899364 11
1694510137711 1.4791150429233528 12
1694510138068 8.483036900945137 13
1694510138446 0.40885220787426846 14
1694510138808 0.0471477208890749 15
1694510139172 0.3804379731762562 16
1694510139537 0.06394113567757297 17
1694510139905 13.447597207331109 18
1694510140284 2.693088668980911 19
1694510140707 0.46276481534185787 20
1694510141099 3.041426049757168 21
1694510141495 0.03600880882874762 22
1694510141912 1.6491745977921775 23
1694510142303 1.3865050326203598 24
1694510142709 2.883175524769696 25
1694510143096 0.1178251155375199 26
1694510143472 0.028415618330727668 27
1694510143864 1.9388830709790217 28
1694510144214 0.08343107839058925 29
1694510144584 4.498941698913931 30
1694510144919 0.5891217206207356 31
1694510145321 0.07092775488259663 32
1694510145711 0.09395464682033546 33
1694510146096 1.8785179626228492 34
1694510146513 1.8543729998800527 35
1694510146889 1.0911137874532517 36
1694510147239 1.2618104953894733 37
1694510147593 4.535714557971353 38
1694510147953 0.1284543601108399 39
1694510148314 0.653221825893551 40
1694510148705 0.7875244756706643 41
1694510149077 0.02845770542445175 42
1694510149459 1.3589085311664106 43
1694510149875 1.6884103659978742 44
1694510150353 5.487827200277177 45
1694510150770 2.4372014608373505 46
1694510151163 3.596957362173514 47
1694510151553 6.00966736887322 48
1694510151954 0.04260470585679899 49
