1694508058198 13.43315391512663 0
1694508058576 6.545110369813228 1
1694508058943 5.414812298796143 2
1694508059293 5.076173934053852 3
1694508059639 4.894271811346088 4
1694508059963 4.766262813383156 5
1694508060336 4.681776929804097 6
1694508060695 4.593131588467004 7
1694508061057 4.581892323452595 8
1694508061412 4.577653621922761 9
1694508061778 4.541284435646524 10
1694508062155 4.548828259290097 11
1694508062484 4.501701525242422 12
1694508062835 4.501565731090696 13
1694508063245 4.462824252725588 14
1694508063601 4.456786517532002 15
1694508063946 4.439004366201736 16
1694508064305 4.46229841628505 17
1694508064640 4.465568800163754 18
1694508064966 4.445810856624389 19
1694508083186 4.462483672853113 20
1694508112043 4.437251609744514 21
1694508112412 4.457469763632125 22
1694508112734 4.416128344512889 23
1694508113093 4.436670014512246 24
1694508124669 4.46034910957255 25
1694508125019 4.459096916572478 26
1694508125343 4.450288105600628 27
1694508125687 4.421814050527956 28
1694508126039 4.435695323165599 29
1694508126392 4.424060367980036 30
1694508126727 4.446489276436365 31
1694508127097 4.417506623721 32
1694508127469 4.456201331409407 33
1694508127818 4.431236839609421 34
1694508128148 4.389498947991126 35
1694508142765 4.417188956492048 36
1694508143090 4.395290888951584 37
1694508171738 4.444818044149363 38
1694508214980 4.438996798110343 39
1694508244645 4.407272659094285 40
1694508245030 4.4380493098526825 41
1694508275055 4.442863645713049 42
1694508276791 4.411655349855585 43
1694508277582 4.450386430556154 44
1694508277947 4.453042700870527 45
1694508278276 4.42380825341519 46
1694508278635 4.464304854847109 47
1694508278991 4.468870212958966 48
1694508279396 4.427841612421508 49
