1694508058367 -18.00777528017238 0
1694508058730 -8.26126417365352 1
1694508059102 -6.661903973565874 2
1694508059437 -6.182734153958708 3
1694508059782 -5.9253445123852515 4
1694508060132 -5.744213090643738 5
1694508060480 -5.62466643022699 6
1694508060848 -5.4992341796613005 7
1694508061193 -5.483330734717696 8
1694508061574 -5.477333015442844 9
1694508061950 -5.425870989158533 10
1694508062293 -5.436545422391135 11
1694508062629 -5.369861576130879 12
1694508063019 -5.369669428796256 13
1694508063419 -5.314850633490383 14
1694508063743 -5.306307299997297 15
1694508064119 -5.2811457378936195 16
1694508064446 -5.314106580309794 17
1694508064780 -5.318734140020571 18
1694508065132 -5.290776852166401 19
1694508098040 -5.314368716457207 20
1694508112216 -5.278665605448905 21
1694508112545 -5.307274086234859 22
1694508112885 -5.248776401376429 23
1694508113252 -5.2778426541488 24
1694508124828 -5.311348331265867 25
1694508125153 -5.309576490988955 26
1694508125493 -5.297112113636001 27
1694508125826 -5.25682161718549 28
1694508126195 -5.276463475870813 29
1694508126537 -5.260000133385544 30
1694508126900 -5.291736809255639 31
1694508127269 -5.250726652347022 32
1694508127616 -5.305479267624137 33
1694508127962 -5.270154767278504 34
1694508142550 -5.211096077892433 35
1694508142901 -5.250277156469885 36
1694508143262 -5.219291615061737 37
1694508185233 -5.289372032677256 38
1694508230240 -5.28113502912177 39
1694508244799 -5.236245697161152 40
1694508245217 -5.279794342936232 41
1694508275618 -5.286606578896253 42
1694508277360 -5.24244715972457 43
1694508277748 -5.2972512424415585 44
1694508278096 -5.301009837745238 45
1694508278414 -5.259643393857082 46
1694508278801 -5.316945670336012 47
1694508279154 -5.323405605330577 48
1694508279533 -5.265350555563167 49
