1694508058095 20.704416265164287 0
1694508058472 4.113954759347779 1
1694508058845 6.260688794623366 2
1694508059196 4.04331298851699 3
1694508059533 7.872047136425623 4
1694508059873 4.034949400737991 5
1694508060235 4.466764440369635 6
1694508060587 9.266170228229155 7
1694508060951 4.617443128395394 8
1694508061303 5.423969445685181 9
1694508061668 3.970056021355275 10
1694508062050 3.320276087669857 11
1694508062382 3.210697161023007 12
1694508062725 4.874707083825459 13
1694508063132 3.8075175848015164 14
1694508063510 2.769111691501951 15
1694508063843 3.758794730971613 16
1694508064211 4.50659495964412 17
1694508064547 5.5881981890091925 18
1694508064874 6.914763624079399 19
1694508065243 3.664686806416491 20
1694508098148 5.592142243583882 21
1694508112312 4.751487872323712 22
1694508112634 6.336181049845555 23
1694508112981 3.0216382076502337 24
1694508124563 2.836706823662406 25
1694508124937 3.6949692275342265 26
1694508125255 4.099633141954987 27
1694508125591 4.012691661879054 28
1694508125924 5.888210714823945 29
1694508126288 4.117592258109898 30
1694508126634 4.649347179187176 31
1694508126996 5.229562131990328 32
1694508127368 3.2167619098415274 33
1694508127715 3.2033615064409755 34
1694508128049 6.717824026138951 35
1694508142650 3.5376762219216378 36
1694508142995 4.654645214977218 37
1694508157437 3.352484139544559 38
1694508200021 3.007789807505163 39
1694508244535 3.016373559544114 40
1694508244907 4.154471365603988 41
1694508260303 3.128235245574535 42
1694508276106 2.771593450824846 43
1694508277472 4.219894542222107 44
1694508277855 4.161121334818215 45
1694508278184 5.485093471892112 46
1694508278531 2.6733339709011483 47
1694508278898 2.3420415938477976 48
1694508279265 6.218201268183543 49
