1694509049755 163.14198572845604 0
1694509050114 156.76493347578827 1
1694509050420 150.66413607695821 2
1694509050713 144.8272122863358 3
1694509051035 139.2423454860953 4
1694509051324 133.89825769675457 5
1694509051651 128.78418479021045 6
1694509051957 123.88985284946459 7
1694509052276 119.20545562182623 8
1694509052592 114.72163301485524 9
1694509052929 110.42945058666524 10
1694509053252 106.32037998445702 11
1694509053586 102.3862802872966 12
1694509053905 98.6193802111964 13
1694509054262 95.0122611365077 14
1694509054605 91.5578409194914 15
1694509054919 88.2493584517056 16
1694509055201 85.08035893253901 17
1694509055506 82.04467982182972 18
1694509055842 79.13643744104489 19
1694509056154 76.35001419296225 20
1694509056465 73.68004637118945 21
1694509056794 71.1214125321907 22
1694509057138 68.6692224037573 23
1694509057460 66.31880630507159 24
1694509057791 64.06570505466615 25
1694509058107 61.90566034368153 26
1694509058466 59.83460555287475 27
1694509058793 57.84865699283169 28
1694509059152 55.94410554778976 29
1694509059502 54.11740870438743 30
1694509059818 52.365182947524424 31
1694509060130 50.684196506342985 32
1694509060471 49.07136243412958 33
1694509060807 47.52373200668799 34
1694509061120 46.038488424451586 35
1694509061484 44.61294080428651 36
1694509061838 43.24451844758876 37
1694509062167 41.93076537190018 38
1694509062482 40.66933509386039 39
1694509062813 39.45798565187753 40
1694509063135 38.29457485743848 41
1694509063507 37.17705576449397 42
1694509063822 36.103472346843176 43
1694509064162 35.07195537390984 44
1694509064482 34.08071847574729 45
1694509064807 33.12805438853444 46
1694509065091 32.21233137222988 47
1694509065388 31.3319897924373 48
1694509065759 30.48553885890371 49
