1694509049886 -227.57466135321897 0
1694509050226 -218.63991317924803 1
1694509050508 -210.09221962755095 2
1694509050822 -201.91423360617966 3
1694509051126 -194.08939911083036 4
1694509051455 -186.60191481157946 5
1694509051752 -179.43669932441074 6
1694509052057 -172.5793580893451 7
1694509052402 -166.01615178061724 8
1694509052722 -159.7339661778124 9
1694509053036 -153.72028343017962 10
1694509053356 -147.9631546494896 11
1694509053699 -142.4511737698098 12
1694509054028 -137.17345261543358 13
1694509054373 -132.11959712093167 14
1694509054706 -127.27968464989885 15
1694509055029 -122.64424236145003 16
1694509055293 -118.2042265758896 17
1694509055639 -113.9510030932335 18
1694509055943 -109.87632842041553 19
1694509056271 -105.97233186506323 20
1694509056574 -102.23149845568258 21
1694509056920 -98.64665264995928 22
1694509057251 -95.21094279465989 23
1694509057581 -91.91782630231519 24
1694509057902 -88.7610555114831 25
1694509058251 -85.73466419893084 26
1694509058567 -82.83295471354697 27
1694509058908 -80.05048570319474 28
1694509059313 -77.38206040705522 29
1694509059607 -74.82271548728296 30
1694509059921 -72.3677103750123 31
1694509060252 -70.01251710691061 32
1694509060610 -67.75281062958037 33
1694509060903 -65.58445955016417 34
1694509061256 -63.503517312512386 35
1694509061593 -61.50621377923019 36
1694509061964 -59.58894720083397 37
1694509062286 -57.74827655411835 38
1694509062588 -55.98091423266446 39
1694509062938 -54.28371907321295 40
1694509063264 -52.65368970237881 41
1694509063612 -51.08795818890618 42
1694509063934 -49.58378398734649 43
1694509064277 -48.138548159698914 44
1694509064606 -46.749747862175006 45
1694509064906 -45.414991084845504 46
1694509065180 -44.1319916324939 47
1694509065534 -42.89856433554303 48
1694509065868 -41.712620480436385 49
