1694509049645 169.0412805510867 0
1694509049977 162.33196330810702 1
1694509050300 155.91528065061445 2
1694509050601 149.7780680748593 3
1694509050910 143.907762685483 4
1694509051214 138.29237547150203 5
1694509051539 132.9204648658402 6
1694509051840 127.78111152882344 7
1694509052158 122.86389429882257 8
1694509052495 118.15886725587028 9
1694509052814 113.65653784659835 10
1694509053130 109.34784602124193 11
1694509053448 105.22414433574788 12
1694509053808 101.2771789742073 13
1694509054124 97.4990716489142 14
1694509054479 93.88230233733607 15
1694509054804 90.41969281717594 16
1694509055115 87.10439096250818 17
1694509055394 83.929855765692 18
1694509055733 80.88984305140595 19
1694509056037 77.97839185071085 20
1694509056358 75.18981140454025 21
1694509056673 72.51866876743867 22
1694509057008 69.95977698372371 23
1694509057335 67.50818380954097 24
1694509057670 65.15916095551282 25
1694509057997 62.908193825857296 26
1694509058349 60.750971730973916 27
1694509058657 58.68337855156129 28
1694509059020 56.70148383335057 29
1694509059404 54.801534292509274 30
1694509059721 52.979945712696924 31
1694509060018 51.233295215636296 32
1694509060356 49.55831388790652 33
1694509060711 47.95187974746676 34
1694509060998 46.411011034184966 35
1694509061349 44.93285980937565 36
1694509061706 43.514705850047264 37
1694509062050 42.15395082422263 38
1694509062382 40.84811273432917 39
1694509062681 39.59482061625867 40
1694509063036 38.39180948227199 41
1694509063365 37.23691549647206 42
1694509063709 36.128071372092485 43
1694509064036 35.06330198034677 44
1694509064368 34.04072016105968 45
1694509064704 33.05852272575509 46
1694509064993 32.11498664430747 47
1694509065266 31.20846540667621 48
1694509065635 30.337385551635386 49
