1694354057496 35.46347013695463 0
1694354057714 19.343389997563218 1
1694354057943 1.8516849416408754 2
1694354058169 0.5362701439164415 3
1694354058377 0.5790337359855863 4
1694354058616 5.369626796615762 5
1694354058831 6.13417380478286 6
1694354059043 0.005373405084082294 7
1694354059305 0.7588394611457927 8
1694354059523 5.284959997628495 9
1694354059785 7.36200041006639 10
1694354059996 3.092499536455953 11
1694354060207 4.951264547802777 12
1694354060455 0.11064453444242231 13
1694354060671 10.24387473263008 14
1694354060887 2.684294307662153 15
1694354061102 5.627594133093923 16
1694354061341 0.18538921955656704 17
1694354061547 0.06496782978234177 18
1694354061784 0.318889374058629 19
1694354062028 4.122875013831997 20
1694354064216 2.583639279964114 21
1694354064450 0.0023467835868119145 22
1694354064716 1.0026272412838937 23
1694354064932 2.213739366420656 24
1694354065158 4.875318804573964 25
1694354065381 0.8546331317266158 26
1694354065593 5.151463190957748 27
1694354065800 18.236233561438176 28
1694354066011 5.506610337458713 29
1694354066213 2.6156558202527243 30
1694354066432 0.003596377746071824 31
1694354066680 0.051586374604603864 32
1694354066911 0.25545830356098376 33
1694354067124 2.1251117613719646 34
1694354067333 5.893543274016281 35
1694354067538 0.09511706544163735 36
1694354067764 1.7312014380634497e-05 37
1694354067978 9.72040135561571 38
1694354068181 0.2659100093419908 39
1694354068388 3.1016130047737374 40
1694354068613 18.995781028962305 41
1694354068860 0.33774495447280933 42
1694354069069 10.108648158548714 43
1694354069282 5.405955101886322 44
1694354069515 2.937467578216806 45
1694354069747 0.5834262804287076 46
1694354069963 9.91808514209605 47
1694354070165 2.871541087540453 48
1694354070367 0.8979441314737453 49
1694354070571 19.348100000603328 50
1694354070773 7.391087708562417e-05 51
1694354071008 5.3545806169120445 52
1694354071242 0.035604215355864714 53
1694354071475 7.912702404120043 54
1694354071736 0.7606473470116415 55
1694354071954 3.5590741495449976 56
1694354072179 0.15513990918243398 57
1694354072395 3.575682138641573e-05 58
1694354072620 4.596969051999183 59
1694354072893 2.2234242170133425 60
1694354073124 0.9830126251643524 61
1694354073366 0.017250485898693976 62
1694354073615 0.9023489153717521 63
1694354073863 32.75072582940035 64
1694354074102 0.3620072927613764 65
1694354074341 2.3190994905646662 66
1694354074547 0.35507737366847236 67
1694354074797 0.0914622947474401 68
1694354075075 0.04001432416016033 69
1694354075301 0.6834711920497996 70
1694354075525 0.39729812636009937 71
1694354075759 5.052691570417625 72
1694354075997 0.00027507088138963297 73
1694354076212 33.13719686018501 74
1694354076463 0.2981543170292641 75
1694354076710 2.342037488167443 76
1694354076987 0.18774988266411838 77
1694354077297 3.5241465993794896 78
1694354077612 23.45007005299214 79
1694354077879 5.585106655776209 80
1694354078150 12.007586212181094 81
1694354078409 0.6802134994502543 82
1694354078654 1.0140677838260859 83
