1694492814983 11.421019348731342 0
1694492815335 4.7971684335633515 1
1694492815697 3.6874200498924483 2
1694492816089 3.2017650795563344 3
1694492816507 2.8946572149683667 4
1694492816858 2.6684020311901633 5
1694492817276 2.477371171894096 6
1694492817710 2.307494836375107 7
1694492818134 2.1682389974310614 8
1694492818653 2.0281096770485934 9
1694492819130 1.9122123397299686 10
1694492819597 1.7920517783086822 11
1694492820010 1.6899256694537668 12
1694492820531 1.5889079546278242 13
1694492821024 1.493361332124975 14
1694492821524 1.4112109347037696 15
1694492822036 1.3332692616871784 16
1694492822401 1.2651126055485298 17
1694492822745 1.1995198178873112 18
1694492823251 1.129455217372474 19
1694492823670 1.064774716032296 20
1694492824054 1.0083899810993129 21
1694492824439 0.9580096999503233 22
1694492824785 0.9072863539921353 23
1694492825164 0.8716477625515638 24
1694492825622 0.8215433538620655 25
1694492826082 0.784917126894507 26
1694492826534 0.7505241942369992 27
1694492827009 0.7127562060850191 28
1694492827396 0.6797819948967755 29
1694492827899 0.6572792495232361 30
1694492828298 0.6225974173457697 31
1694492828731 0.6011104649257079 32
1694492829126 0.5759690766282847 33
1694492829521 0.5497527961127151 34
1694492829893 0.5324174894879706 35
1694492830264 0.5165513450642053 36
1694492830595 0.4973477097922607 37
1694492830974 0.4777597819876309 38
1694492831345 0.46860218614743165 39
1694492831717 0.45272557767420446 40
1694492832057 0.438056124864501 41
1694492832527 0.4288612013528164 42
1694492832903 0.42252378431779053 43
1694492833266 0.4100330299370956 44
1694492833619 0.4055703464852058 45
1694492833990 0.39496977833784286 46
1694492834369 0.3904786344905978 47
1694492834870 0.37814589231149076 48
1694492835239 0.37096020078749464 49
