1694492815123 -15.001739946269893 0
1694492815446 -5.72120757424884 1
1694492815875 -4.166363431263679 2
1694492816268 -3.4859228942467126 3
1694492816661 -3.0556407946776565 4
1694492817023 -2.7386396145057237 5
1694492817479 -2.470990463512236 6
1694492817893 -2.23298045223403 7
1694492818368 -2.0378721477349413 8
1694492818885 -1.8415400275326523 9
1694492819330 -1.6791588078174642 10
1694492819775 -1.5108044782299919 11
1694492820198 -1.3677178249530817 12
1694492820736 -1.226184118262466 13
1694492821232 -1.0923158391403538 14
1694492821744 -0.9772167174351731 15
1694492822182 -0.8680143472695687 16
1694492822541 -0.7725215498373375 17
1694492822958 -0.6806209323480317 18
1694492823411 -0.5824549558581789 19
1694492823819 -0.4918325227427969 20
1694492824223 -0.4128331061594446 21
1694492824593 -0.34224639820017244 22
1694492824944 -0.27117902965414475 23
1694492825363 -0.22124658011786646 24
1694492825805 -0.1510463910165285 25
1694492826255 -0.09973018698496561 26
1694492826749 -0.05154300267412326 27
1694492827188 0.0013728979340759118 28
1694492827638 0.0475723426820851 29
1694492828055 0.07910044613324552 30
1694492828453 0.12769240123098724 31
1694492828865 0.15779729943360665 32
1694492829262 0.19302234766612258 33
1694492829668 0.22975340383189347 34
1694492830058 0.254041522083687 35
1694492830409 0.27627122936872506 36
1694492830741 0.30317702194833474 37
1694492831106 0.3306212383746744 38
1694492831497 0.34345174524043753 39
1694492831846 0.36569611347588293 40
1694492832241 0.38624916236297957 41
1694492832656 0.3991319682113178 42
1694492833013 0.4080111843503579 43
1694492833412 0.4255117066093289 44
1694492833770 0.43176427460516154 45
1694492834147 0.446616498351342 46
1694492834540 0.45290894158346817 47
1694492835019 0.47018807640923876 48
1694492835374 0.48025579134694907 49
