1694492814868 12.907882391752958 0
1694492815235 2.456898999223118 1
1694492815570 2.138970118075277 2
1694492815986 2.1038092409119447 3
1694492816377 5.21841707732548 4
1694492816764 2.4990216086692922 5
1694492817141 1.587854063381644 6
1694492817587 1.7890826762611882 7
1694492818007 1.3762456105154184 8
1694492818507 2.584541135739481 9
1694492819000 2.07776870631629 10
1694492819471 1.8891114779780251 11
1694492819895 1.2129348445714543 12
1694492820357 2.7379176224697845 13
1694492820889 2.2896982069045144 14
1694492821392 0.7996230169497744 15
1694492821901 1.2478063881323942 16
1694492822284 1.0308810389017615 17
1694492822637 0.7899904414409774 18
1694492823074 1.1685228455692063 19
1694492823519 0.8599085769268193 20
1694492823945 1.013386850324064 21
1694492824329 0.6723524859365575 22
1694492824690 0.4792892873036071 23
1694492825069 0.7842176635245609 24
1694492825511 0.5130166716037072 25
1694492825957 0.38874785067325773 26
1694492826397 0.6500076258674157 27
1694492826869 0.8138078776190847 28
1694492827295 0.73682120712013 29
1694492827769 0.7900441900808761 30
1694492828170 0.7952827125930798 31
1694492828607 0.7796189465673585 32
1694492828984 0.5126063884545389 33
1694492829377 0.49555785081516857 34
1694492829779 0.4550756007744258 35
1694492830167 0.7521655273874814 36
1694492830504 0.3418871060133612 37
1694492830851 0.38379050352347444 38
1694492831221 0.3110954592745871 39
1694492831594 0.2910437538037388 40
1694492831947 0.39522880522841836 41
1694492832376 0.34051314345191774 42
1694492832779 0.5518212173936188 43
1694492833116 0.5135406037371835 44
1694492833512 0.36298367483992605 45
1694492833867 0.2563621586326114 46
1694492834243 0.22838619211650144 47
1694492834681 0.2998087873821695 48
1694492835118 0.2965035511154741 49
