1694493977867 163.54772273465562 0
1694493978276 158.5617819204586 1
1694493978793 153.7361692488952 2
1694493979273 149.06608746124613 3
1694493979776 144.54125717087268 4
1694493980212 140.1622293500467 5
1694493980596 135.92077184583727 6
1694493981018 131.8149978796421 7
1694493981431 127.8392762231695 8
1694493981903 123.98956926989104 9
1694493982258 120.26275056265675 10
1694493982629 116.65354259172449 11
1694493983080 113.15915011019311 12
1694493983532 109.77571115103902 13
1694493984005 106.49919993675663 14
1694493984466 103.32677768221009 15
1694493984826 100.25477363680977 16
1694493985295 97.27915403051959 17
1694493985661 94.39950624582698 18
1694493985990 91.60966104969975 19
1694493986377 88.90756329688406 20
1694493986858 86.29197784434774 21
1694493987318 83.75814800078479 22
1694493987735 81.30477236330768 23
1694493988117 78.9286462647543 24
1694493988455 76.62814449757514 25
1694493988929 74.40026860486084 26
1694493989310 72.24199300762668 27
1694493989728 70.15177405965731 28
1694493990169 68.12742891753746 29
1694493990620 66.16671188943162 30
1694493991006 64.26797275302756 31
1694493991472 62.429230243218896 32
1694493991850 60.64782046001736 33
1694493992207 58.92207595938804 34
1694493992576 57.25128471937865 35
1694493992939 55.632750846886736 36
1694493993313 54.06501494198036 37
1694493993694 52.54656640573752 38
1694493994113 51.075433542357885 39
1694493994485 49.65051445493496 40
1694493994931 48.270094841515444 41
1694493995359 46.932904535050326 42
1694493995748 45.63754923894832 43
1694493996155 44.382932085013664 44
1694493996576 43.16691469884437 45
1694493996958 41.9894111472808 46
1694493997370 40.84886233104645 47
1694493997814 39.743213099683054 48
1694493998153 38.672800343406124 49
