1694493978029 -240.17996118776443 0
1694493978448 -232.82731211417564 1
1694493978963 -225.71109516309588 2
1694493979417 -218.8242359304774 3
1694493979940 -212.15157564780236 4
1694493980353 -205.69392682085746 5
1694493980766 -199.43914968828653 6
1694493981190 -193.38446186227952 7
1694493981600 -187.5215591035716 8
1694493982022 -181.84448724924596 9
1694493982380 -176.3486357868389 10
1694493982767 -171.02622209747017 11
1694493983222 -165.87312409660163 12
1694493983703 -160.88364663274308 13
1694493984147 -156.05185298695815 14
1694493984596 -151.37355686990313 15
1694493985002 -146.84334511244336 16
1694493985452 -142.45526920924678 17
1694493985793 -138.20872068302003 18
1694493986133 -134.09460191162327 19
1694493986534 -130.10988222092507 20
1694493986997 -126.25274017468905 21
1694493987447 -122.51616119267294 22
1694493987862 -118.89822612679781 23
1694493988261 -115.39420913014351 24
1694493988629 -112.00171354754933 25
1694493989081 -108.71631762548107 26
1694493989452 -105.5335596141209 27
1694493989889 -102.45116313487993 28
1694493990311 -99.46590920016618 29
1694493990781 -96.57448614130784 30
1694493991177 -93.77446041446483 31
1694493991605 -91.06291029481297 32
1694493991986 -88.43590739200208 33
1694493992361 -85.89099276572473 34
1694493992715 -83.42711641403687 35
1694493993096 -81.04030276709904 36
1694493993453 -78.7283996823252 37
1694493993850 -76.48917951518885 38
1694493994275 -74.31973465249519 39
1694493994647 -72.21844015292008 40
1694493995082 -70.18276797589137 41
1694493995521 -68.21084503608283 42
1694493995922 -66.30061519726621 43
1694493996302 -64.45046093383822 44
1694493996727 -62.65722883560972 45
1694493997116 -60.92079217898131 46
1694493997501 -59.238851797099954 47
1694493997947 -57.608377008159344 48
1694493998312 -56.02986461619772 49
