1694493977689 167.77245804507365 0
1694493978164 158.1827395052716 1
1694493978612 155.4726391769212 2
1694493979121 148.3798070197614 3
1694493979599 141.53794898766316 4
1694493980090 138.8927908895517 5
1694493980460 137.76977043470382 6
1694493980904 129.50712205433473 7
1694493981305 122.95293970107299 8
1694493981758 125.37323114604068 9
1694493982128 118.26905083850724 10
1694493982511 118.57350926269412 11
1694493982875 117.3609099054299 12
1694493983368 110.37259840007893 13
1694493983851 105.51751420449061 14
1694493984298 105.10091952931623 15
1694493984722 105.38987839603834 16
1694493985128 97.68772772125425 17
1694493985562 97.61836463101761 18
1694493985897 90.84926464679393 19
1694493986219 93.20645676806109 20
1694493986692 83.83579620271819 21
1694493987129 95.44074299216402 22
1694493987573 76.84699816628729 23
1694493987979 79.08465003525977 24
1694493988366 71.18030919968353 25
1694493988769 72.02626029889947 26
1694493989202 69.34041097271938 27
1694493989589 73.04236174152224 28
1694493990035 73.23519753663523 29
1694493990471 68.14496507423968 30
1694493990890 64.30460502225255 31
1694493991337 62.23294686530236 32
1694493991740 55.95887630060397 33
1694493992085 64.17765150955542 34
1694493992464 57.42645696215778 35
1694493992833 53.71565344733117 36
1694493993209 53.295144034912184 37
1694493993562 50.55458325111135 38
1694493993990 47.86201081316611 39
1694493994372 51.95020605191349 40
1694493994780 52.31975324683267 41
1694493995183 46.53263598287435 42
1694493995617 41.77273884655438 43
1694493996029 37.62406134830198 44
1694493996414 47.4504928042731 45
1694493996847 43.535475642869244 46
1694493997251 38.04616942257192 47
1694493997663 43.030113785039084 48
1694493998055 30.688412218974296 49
