1694494255582 162.0140191022444 0
1694494256003 155.60938718898151 1
1694494256427 149.46915966361752 2
1694494256826 143.58232150079417 3
1694494257237 137.93831874168055 4
1694494257632 132.5270392615409 5
1694494257989 127.33879420694632 6
1694494258456 122.36430021497833 7
1694494258822 117.59466238140787 8
1694494259166 113.02135794623278 9
1694494259466 108.6362206662937 10
1694494259934 104.43142584596902 11
1694494260293 100.39947599817475 12
1694494260635 96.53318710907087 13
1694494260998 92.8256754809984 14
1694494261405 89.27034512925057 15
1694494261831 85.86087570931033 16
1694494262190 82.59121095217623 17
1694494262556 79.45554758634322 18
1694494262987 76.44832472591133 19
1694494263370 73.56421370516253 20
1694494263720 70.79810834077655 21
1694494264077 68.14511560365264 22
1694494264428 65.60054668306574 23
1694494264742 63.15990842661501 24
1694494265111 60.81889514012225 25
1694494265476 58.57338073230621 26
1694494265829 56.41941118970013 27
1694494266208 54.353197367893465 28
1694494266569 52.37110808576692 29
1694494266918 50.46966350995225 30
1694494267267 48.64552881728836 31
1694494267613 46.89550812356066 32
1694494267958 45.21653866730578 33
1694494268321 43.60568523793714 34
1694494268617 42.06013483790047 35
1694494268955 40.57719156900264 36
1694494269294 39.154271733473415 37
1694494269656 37.78889914071809 38
1694494270038 36.47870061110038 39
1694494270369 35.22140166846076 40
1694494270714 34.014822413424994 41
1694494271054 32.856873569893345 42
1694494271369 31.745552697421417 43
1694494271715 30.678940562511606 44
1694494272083 29.6551976621282 45
1694494272431 28.672560893031388 46
1694494272749 27.729340360795586 47
1694494273145 26.823916322636123 48
1694494273520 25.954736258416 49
