1694494255712 -237.9182446908701 0
1694494256154 -228.47348538493483 1
1694494256576 -219.41863698050926 2
1694494256950 -210.73745588004303 3
1694494257388 -202.41437840989605 4
1694494257757 -194.43449245872543 5
1694494258121 -186.78351010338025 6
1694494258581 -179.44774138798144 7
1694494258948 -172.4140692074977 8
1694494259267 -165.66992524919337 9
1694494259626 -159.20326694729442 10
1694494260062 -153.00255540810812 11
1694494260430 -147.05673426463844 12
1694494260758 -141.35520942147306 13
1694494261141 -135.88782965237388 14
1694494261529 -130.64486801459302 15
1694494261955 -125.61700404545554 16
1694494262317 -120.79530670820792 17
1694494262687 -116.17121805552469 18
1694494263123 -111.73653758040345 19
1694494263490 -107.48340722545535 20
1694494263840 -103.40429702282509 21
1694494264198 -99.49199133814692 22
1694494264529 -95.73957569306685 23
1694494264852 -92.14042414193716 24
1694494265245 -88.68818717932047 25
1694494265595 -85.37678015592645 26
1694494265955 -82.20037218155065 27
1694494266331 -79.15337549448911 28
1694494266695 -76.23043527776993 29
1694494267027 -73.42641990337246 30
1694494267376 -70.73641158640122 31
1694494267737 -68.15569743194118 32
1694494268084 -65.67976085805216 33
1694494268423 -63.30427337905725 34
1694494268727 -61.02508673394972 35
1694494269069 -58.83822534538299 36
1694494269441 -56.739879095322244 37
1694494269786 -54.726396404023426 38
1694494270155 -52.794277599568154 39
1694494270506 -50.9401685657223 40
1694494270831 -49.16085465640167 41
1694494271153 -47.45325486552301 42
1694494271490 -45.81441624149161 43
1694494271832 -44.24150853603056 44
1694494272206 -42.73181907749064 45
1694494272542 -41.282747859195894 46
1694494272874 -39.89180283377837 47
1694494273273 -38.556595404836926 48
1694494273643 -37.27483610762007 49
