1694494255421 169.35337134490703 0
1694494255831 162.70867850110014 1
1694494256282 156.343775605812 2
1694494256678 150.2403114904438 3
1694494257089 144.38741308903553 4
1694494257490 138.77466249016874 5
1694494257865 133.3920779341733 6
1694494258280 128.2300954724391 7
1694494258690 123.27955140035526 8
1694494259055 118.531665431169 9
1694494259357 113.97802457944314 10
1694494259791 109.61056772411807 11
1694494260163 105.42157082245396 12
1694494260516 101.40363274734489 13
1694494260857 97.54966172166147 14
1694494261245 93.85286232439391 15
1694494261643 90.30672304443495 16
1694494262051 86.90500435886528 17
1694494262413 83.6417273135834 18
1694494262833 80.51116258505897 19
1694494263233 77.50782000288808 20
1694494263599 74.62643851368769 21
1694494263941 71.86197656769065 22
1694494264307 69.2096029101915 23
1694494264633 66.66468776074795 24
1694494264963 64.22279436376667 25
1694494265346 61.87967089479488 26
1694494265698 59.6312427075013 27
1694494266058 57.473604906966685 28
1694494266420 55.40301523551139 29
1694494266796 53.41588725787021 30
1694494267119 51.50878383308264 31
1694494267465 49.67841086100081 32
1694494267843 47.92161129182883 33
1694494268187 46.235359387597 34
1694494268514 44.6167552249443 35
1694494268832 43.063019429030625 36
1694494269166 41.57148812883142 37
1694494269526 40.139608124479 38
1694494269897 38.764932257709596 39
1694494270249 37.445114976852814 40
1694494270589 36.177908088162276 41
1694494270933 34.961156685632744 42
1694494271252 33.792795251780795 43
1694494271592 32.67084392218409 44
1694494271931 31.593404906878654 45
1694494272317 30.558659062004875 46
1694494272632 29.564862605372475 47
1694494272994 28.61034396988171 48
1694494273376 27.69350078899429 49
