1694513320460 169.67933504821522 0
1694513320763 169.61201011613508 1
1694513321073 169.54471339564614 2
1694513321419 169.4774448747646 3
1694513321750 169.4102045415117 4
1694513322061 169.34299238391384 5
1694513322339 169.27580839000265 6
1694513322733 169.20865254781472 7
1694513323031 169.14152484539184 8
1694513323364 169.07442527078086 9
1694513323708 169.00735381203376 10
1694513324056 168.94031045720763 11
1694513324376 168.8732951943647 12
1694513324702 168.80630801157224 13
1694513325003 168.7393488969027 14
1694513325315 168.67241783843352 15
1694513325659 168.6055148242474 16
1694513326042 168.5386398424319 17
1694513326368 168.4717928810799 18
1694513326668 168.40497392828925 19
1694513327004 168.3381829721629 20
1694513327303 168.27142000080894 21
1694513327591 168.20468500234045 22
1694513327977 168.13797796487572 23
1694513328275 168.07129887653798 24
1694513328597 168.00464772545564 25
1694513328917 167.93802449976212 26
1694513329245 167.87142918759594 27
1694513329573 167.80486177710077 28
1694513329928 167.73832225642516 29
1694513330242 167.6718106137229 30
1694513330549 167.60532683715275 31
1694513330872 167.53887091487854 32
1694513331198 167.47244283506924 33
1694513331540 167.40604258589883 34
1694513331850 167.3396701555463 35
1694513332203 167.27332553219568 36
1694513332582 167.20700870403618 37
1694513332952 167.14071965926192 38
1694513333364 167.07445838607217 39
1694513333723 167.0082248726712 40
1694513334074 166.94201910726832 41
1694513334448 166.87584107807783 42
1694513334804 166.80969077331918 43
1694513335141 166.74356818121674 44
1694513335507 166.67747329000005 45
1694513335890 166.61140608790353 46
1694513336236 166.54536656316674 47
1694513336610 166.4793547040342 48
1694513336963 166.4133704987555 49
