1694513320601 -236.73399823538008 0
1694513320854 -236.63967074830106 1
1694513321212 -236.54538278786427 2
1694513321529 -236.45113433727948 3
1694513321857 -236.35692537976354 4
1694513322152 -236.26275589854052 5
1694513322495 -236.1686258768417 6
1694513322840 -236.07453529790547 7
1694513323143 -235.98048414497745 8
1694513323499 -235.88647240131033 9
1694513323857 -235.79250005016397 10
1694513324170 -235.69856707480548 11
1694513324488 -235.6046734585091 12
1694513324813 -235.51081918455608 13
1694513325121 -235.41700423623507 14
1694513325424 -235.32322859684163 15
1694513325791 -235.22949224967863 16
1694513326148 -235.13579517805587 17
1694513326480 -235.0421373652905 18
1694513326806 -234.9485187947067 19
1694513327118 -234.8549394496358 20
1694513327406 -234.76139931341626 21
1694513327747 -234.6678983693936 22
1694513328097 -234.5744366009206 23
1694513328371 -234.481013991357 24
1694513328709 -234.38763052406978 25
1694513329024 -234.2942861824329 26
1694513329357 -234.2009809498275 27
1694513329689 -234.107714809642 28
1694513330037 -234.01448774527154 29
1694513330362 -233.92129974011863 30
1694513330674 -233.82815077759284 31
1694513330990 -233.73504084111073 32
1694513331346 -233.64196991409608 33
1694513331644 -233.54893797997974 34
1694513331962 -233.45594502219956 35
1694513332342 -233.36299102420045 36
1694513332707 -233.27007596943457 37
1694513333081 -233.17719984136093 38
1694513333533 -233.0843626234458 39
1694513333832 -232.99156429916243 40
1694513334210 -232.89880485199117 41
1694513334575 -232.80608426541932 42
1694513334914 -232.7134025229414 43
1694513335278 -232.62075960805885 44
1694513335651 -232.5281555042803 45
1694513336006 -232.4355901951213 46
1694513336374 -232.34306366410453 47
1694513336729 -232.2505758947597 48
1694513337082 -232.15812687062348 49
