1694513320314 168.96280212490677 0
1694513320676 168.89501583157633 1
1694513320936 168.82725810121497 2
1694513321299 168.7595289216536 3
1694513321632 168.6918282807283 4
1694513321952 168.62415616628033 5
1694513322245 168.5565125661562 6
1694513322588 168.48889746820765 7
1694513322927 168.42131086029153 8
1694513323242 168.35375273027003 9
1694513323590 168.2862230660104 10
1694513323939 168.2187218553851 11
1694513324254 168.15124908627195 12
1694513324573 168.08380474655368 13
1694513324899 168.01638882411845 14
1694513325213 167.9490013068595 15
1694513325522 167.88164218267522 16
1694513325894 167.81431143946932 17
1694513326247 167.74700906515056 18
1694513326563 167.6797350476329 19
1694513326882 167.61248937483555 20
1694513327199 167.54527203468277 21
1694513327492 167.4780830151041 22
1694513327835 167.41092230403422 23
1694513328179 167.34378988941288 24
1694513328468 167.27668575918514 25
1694513328788 167.2096099013012 26
1694513329112 167.14256230371632 27
1694513329457 167.07554295439093 28
1694513329779 167.0085518412907 29
1694513330126 166.94158895238647 30
1694513330452 166.8746542756541 31
1694513330781 166.80774779907472 32
1694513331088 166.74086951063452 33
1694513331446 166.67401939832484 34
1694513331742 166.6071974501423 35
1694513332061 166.54040365408846 36
1694513332458 166.47363799817018 37
1694513332817 166.4069004703993 38
1694513333192 166.34019105879298 39
1694513333619 166.2735097513733 40
1694513333940 166.2068565361677 41
1694513334315 166.1402314012085 42
1694513334681 166.07363433453332 43
1694513335013 166.00706532418488 44
1694513335380 165.94052435821098 45
1694513335762 165.8740114246645 46
1694513336115 165.80752651160356 47
1694513336481 165.74106960709122 48
1694513336848 165.6746406991958 49
