1694507404629 4.807027201105727 0
1694507404945 4.5291926862851675 1
1694507405302 4.540587646399009 2
1694507405651 4.4490604295469165 3
1694507405957 4.538813139524367 4
1694507406298 4.4342137663765175 5
1694507406593 4.429186451748312 6
1694507406922 4.499732952893312 7
1694507407236 4.403032571904405 8
1694507407556 4.340756684745393 9
1694507407851 4.388759672455064 10
1694507408206 4.4019718517435775 11
1694507408559 4.522428613389514 12
1694507408919 4.540360876721576 13
1694507409277 4.514982311911965 14
1694507409605 4.344111419707238 15
1694507409929 4.205163988752442 16
1694507410249 4.535118267845309 17
1694507410552 4.316751559118937 18
1694507410856 4.525326351223722 19
1694507411190 4.462231460049963 20
1694507411500 4.3026448659349255 21
1694507411858 4.511747606449613 22
1694507412169 4.3410370320852625 23
1694507412508 4.440134271584996 24
1694507412819 4.447900402922985 25
1694507413118 4.539220687039104 26
1694507413409 4.406965315184714 27
1694507413747 4.404571885728639 28
1694507414079 4.4204991475680675 29
1694507414395 4.40999699246361 30
1694507414722 4.494565765582293 31
1694507415025 4.517951716344196 32
1694507415319 4.337212470261909 33
1694507415645 4.335159539687301 34
1694507415962 4.507114674545437 35
1694507416300 4.575631299500367 36
1694507416640 4.430678103671086 37
1694507416969 4.563927641393616 38
1694507417278 4.32195862491829 39
1694507417613 4.356533004284574 40
1694507417929 4.449466305725528 41
1694507418238 4.478438072385356 42
1694507418539 4.4930531440594175 43
1694507418877 4.396901085141878 44
1694507419202 4.45240673107996 45
1694507419545 4.371827954787103 46
1694507419863 4.578439617968976 47
1694507420171 4.497643792098479 48
1694507420512 4.591909782538215 49
