1694507404739 -5.801894281982723 0
1694507405080 -5.408761287590533 1
1694507405437 -5.424885039506048 2
1694507405751 -5.29537496458722 3
1694507406097 -5.422374130443335 4
1694507406392 -5.274367088180357 5
1694507406700 -5.267253489444021 6
1694507407018 -5.367076066408361 7
1694507407355 -5.230246017191521 8
1694507407666 -5.14212627435444 9
1694507407993 -5.210050010576569 10
1694507408345 -5.22874510902211 11
1694507408691 -5.3991901936842455 12
1694507409061 -5.424564162733828 13
1694507409402 -5.388653753318273 14
1694507409711 -5.146873189984393 15
1694507410049 -4.950263997531683 16
1694507410357 -5.417145924840365 17
1694507410656 -5.10815926732371 18
1694507410987 -5.4032904630566865 19
1694507411303 -5.314011837922549 20
1694507411644 -5.088198440872813 21
1694507411953 -5.384076678201408 22
1694507412303 -5.142522962970554 23
1694507412617 -5.28274454244455 24
1694507412922 -5.293733538789078 25
1694507413217 -5.422950806004789 26
1694507413543 -5.235810808675264 27
1694507413896 -5.232424130495481 28
1694507414192 -5.2549610429573725 29
1694507414497 -5.240100600990856 30
1694507414817 -5.359764549257666 31
1694507415121 -5.392855430193293 32
1694507415409 -5.137111247140992 33
1694507415749 -5.134206371392938 34
1694507416102 -5.377521126982438 35
1694507416431 -5.474471449916848 36
1694507416769 -5.269364161645312 37
1694507417065 -5.457910893501381 38
1694507417392 -5.115527212127181 39
1694507417742 -5.164449605006617 40
1694507418034 -5.295949275225166 41
1694507418329 -5.336944028476633 42
1694507418661 -5.357624205286887 43
1694507418982 -5.221570026188081 44
1694507419321 -5.300109947001749 45
1694507419661 -5.186091803399509 46
1694507419962 -5.478445191802316 47
1694507420280 -5.364119925269564 48
1694507420622 -5.497505336779194 49
