1694507404533 11.27330875581378 0
1694507404859 0.023317372796071895 1
1694507405217 0.4621462464383698 2
1694507405565 0.819408975352995 3
1694507405882 7.909035291181539 4
1694507406201 0.8488284016916897 5
1694507406505 1.1656205369042376 6
1694507406825 24.440793050331973 7
1694507407142 0.761601906477734 8
1694507407473 2.0503835800767156 9
1694507407776 3.9587760377646704 10
1694507408114 3.5574238884199803 11
1694507408466 0.26134582028960085 12
1694507408830 0.07653713109522979 13
1694507409186 0.09147848419867359 14
1694507409526 2.3361326242138016 15
1694507409845 0.03140151195569108 16
1694507410169 2.556366055265654 17
1694507410468 6.117084178134789 18
1694507410772 0.5128222589050848 19
1694507411103 0.005852341306190032 20
1694507411411 7.811085907314022 21
1694507411763 5.364117827839102 22
1694507412072 0.513454176370623 23
1694507412419 2.891057908184529 24
1694507412738 11.88817129998449 25
1694507413032 5.953003436216811 26
1694507413335 3.050347668410825 27
1694507413658 23.766859227926446 28
1694507414001 5.170860144233724 29
1694507414301 26.988318375010785 30
1694507414628 0.3775774516169859 31
1694507414940 1.515001006734709 32
1694507415230 25.028608055485854 33
1694507415552 5.121841087244665 34
1694507415869 0.3363813606999504 35
1694507416213 0.9256659544466763 36
1694507416556 8.082375747889396 37
1694507416885 21.781262374601837 38
1694507417183 7.858177346598136 39
1694507417511 0.673386607858604 40
1694507417850 3.4687938298901457 41
1694507418153 11.2891424133435 42
1694507418444 0.7393155826759676 43
1694507418783 0.06906625074382099 44
1694507419121 0.2258285866156703 45
1694507419450 0.4197554217095294 46
1694507419780 11.150800935749286 47
1694507420091 0.47561289002380225 48
1694507420417 1.346260022919136 49
