1694510530165 120.35221257550077 0
1694510530476 86.43848845582916 1
1694510530797 62.65465604149712 2
1694510531094 45.92949063146156 3
1694510531415 34.1484011685602 4
1694510531715 25.823007324777137 5
1694510531992 19.913700062125365 6
1694510532275 15.695331717270356 7
1694510532574 12.670724832164927 8
1694510532855 10.48566339975485 9
1694510533141 8.896269773549093 10
1694510533451 7.732051917760245 11
1694510533742 6.866609330631629 12
1694510534056 6.215684804462509 13
1694510534374 5.720276483538837 14
1694510534672 5.337718847416541 15
1694510534954 5.035349315838884 16
1694510535238 4.7937593683983035 17
1694510535515 4.596315414458165 18
1694510535785 4.43174452683493 19
1694510536068 4.292107724179725 20
1694510536354 4.17265692773402 21
1694510536643 4.067767299220528 22
1694510536892 3.975252018151768 23
1694510537176 3.8921570978463285 24
1694510537435 3.816689230159678 25
1694510537724 3.747733719294903 26
1694510538035 3.684206632950165 27
1694510538345 3.6252689579740602 28
1694510538628 3.570056340624457 29
1694510538902 3.518215070831474 30
1694510539152 3.4694966859846894 31
1694510539471 3.4232476399563727 32
1694510539756 3.379395078449441 33
1694510540079 3.337501297382312 34
1694510540412 3.2973808007255525 35
1694510540673 3.259086064174168 36
1694510540963 3.2221329663715226 37
1694510541228 3.1865213296318093 38
1694510541542 3.1522417627238863 39
1694510541857 3.1192418667104485 40
1694510542152 3.087304276141449 41
1694510542445 3.0562572825288608 42
1694510542737 3.0261589786996708 43
1694510543034 2.996867815739477 44
1694510543325 2.9683683814683817 45
1694510543602 2.9407907609903257 46
1694510543874 2.913869839265526 47
1694510544161 2.8876886999432747 48
1694510544444 2.8619970404174273 49
