1694510530315 -176.4805633027023 0
1694510530623 -126.46879591059198 1
1694510530924 -91.39534039148677 2
1694510531232 -66.73113426863036 3
1694510531533 -49.357840089401485 4
1694510531820 -37.080578562659504 5
1694510532095 -28.366262811744253 6
1694510532393 -22.145534716749864 7
1694510532681 -17.685218431322323 8
1694510532968 -14.462959981924339 9
1694510533265 -12.119118767440966 10
1694510533562 -10.402274212357728 11
1694510533893 -9.126026484270659 12
1694510534180 -8.166123470443086 13
1694510534484 -7.435556528790718 14
1694510534787 -6.871407824734765 15
1694510535071 -6.4255106231664 16
1694510535341 -6.069243637770298 17
1694510535626 -5.778077705577525 18
1694510535906 -5.535388907311566 19
1694510536177 -5.329469814818879 20
1694510536461 -5.153318548577383 21
1694510536727 -4.998640292525319 22
1694510537009 -4.862210194176352 23
1694510537287 -4.739672079190299 24
1694510537549 -4.628381398432121 25
1694510537850 -4.526694336356478 26
1694510538180 -4.433012443617111 27
1694510538446 -4.3460984473501245 28
1694510538727 -4.264677705521414 29
1694510539004 -4.188228610251028 30
1694510539294 -4.116384759599916 31
1694510539602 -4.0481823845403895 32
1694510539876 -3.983514048562485 33
1694510540227 -3.9217342798024406 34
1694510540525 -3.862569531649939 35
1694510540775 -3.8060971887721156 36
1694510541071 -3.751603328846781 37
1694510541372 -3.699087689844877 38
1694510541679 -3.6485364227398023 39
1694510541984 -3.5998722560571883 40
1694510542257 -3.5527746461053873 41
1694510542567 -3.5069903784355203 42
1694510542858 -3.462605121166491 43
1694510543143 -3.419410135459807 44
1694510543434 -3.37738269333805 45
1694510543702 -3.336714628229376 46
1694510543978 -3.2970149812507366 47
1694510544254 -3.258406273896024 48
1694510544582 -3.2205193908279783 49
