1694510530073 125.1809877159252 0
1694510530395 84.27566935818628 1
1694510530705 66.91580423198435 2
1694510531010 40.649202554978814 3
1694510531319 31.39378333257115 4
1694510531625 26.33750151379103 5
1694510531901 17.289518619324085 6
1694510532186 15.154177091978429 7
1694510532481 12.062289611220121 8
1694510532769 11.0713000843019 9
1694510533050 11.501665101103368 10
1694510533361 9.47045533411147 11
1694510533652 7.646764055392393 12
1694510533976 5.6160154092420385 13
1694510534272 4.45430224631394 14
1694510534584 4.122499242384343 15
1694510534873 5.0294703189287855 16
1694510535152 4.502615767699132 17
1694510535434 4.933442647394111 18
1694510535700 3.9163942902252376 19
1694510535985 4.426613572172238 20
1694510536267 3.3644254550291715 21
1694510536555 3.72319889677347 22
1694510536807 2.6977254078132984 23
1694510537095 3.982183654636142 24
1694510537357 2.3378519970294414 25
1694510537628 2.623489532526279 26
1694510537941 4.314142751968895 27
1694510538263 3.196312687757336 28
1694510538534 2.1175047989259035 29
1694510538814 4.1040066731180795 30
1694510539081 3.791678213039266 31
1694510539380 3.6536300846405068 32
1694510539683 3.8412836805194797 33
1694510539970 3.2977058960950294 34
1694510540321 3.700395528309004 35
1694510540602 3.440012602236577 36
1694510540868 2.254145885526666 37
1694510541152 5.214160332581037 38
1694510541452 3.420885874989591 39
1694510541767 1.856407414818281 40
1694510542070 2.0524717091401103 41
1694510542350 3.1528102777402647 42
1694510542648 1.8443402613253725 43
1694510542944 2.0375489733927674 44
1694510543227 2.828220656332484 45
1694510543517 2.494064673328761 46
1694510543777 1.59472739082908 47
1694510544066 1.915384637496978 48
1694510544348 1.9657191645021332 49
