1694508993133 169.58737247084122 0
1694508993456 169.52010988521687 1
1694508993828 169.45287682337388 2
1694508994132 169.3856732719097 3
1694508994473 169.31849921742776 4
1694508994814 169.25135464653786 5
1694508995122 169.18423954585595 6
1694508995451 169.11715390200408 7
1694508995803 169.05009770161058 8
1694508996136 168.98307093130984 9
1694508996492 168.9160735777425 10
1694508996816 168.84910562755545 11
1694508997104 168.7821670674015 12
1694508997426 168.71525788393987 13
1694508997788 168.64837806383582 14
1694508998148 168.58152759376077 15
1694508998497 168.5147064603924 16
1694508998810 168.44791465041433 17
1694508999148 168.38115215051656 18
1694508999474 168.31441894739507 19
1694508999787 168.2477150277521 20
1694509000128 168.18104037829588 21
1694509000429 168.11439498574097 22
1694509000809 168.04777883680794 23
1694509001169 167.98119191822352 24
1694509001492 167.91463421672051 25
1694509001827 167.84810571903796 26
1694509002135 167.78160641192093 27
1694509002518 167.71513628212068 28
1694509002864 167.64869531639454 29
1694509003144 167.58228350150597 30
1694509003498 167.5159008242245 31
1694509003846 167.44954727132588 32
1694509004154 167.38322282959183 33
1694509004491 167.31692748581025 34
1694509004818 167.25066122677518 35
1694509005114 167.18442403928663 36
1694509005427 167.11821591015084 37
1694509005769 167.05203682618 38
1694509006085 166.98588677419258 39
1694509006382 166.91976574101292 40
1694509006709 166.85367371347158 41
1694509006997 166.7876106784052 42
1694509007281 166.72157662265644 43
1694509007607 166.65557153307407 44
1694509007933 166.58959539651292 45
1694509008274 166.5236481998339 46
1694509008605 166.45772992990396 47
1694509008948 166.3918405735961 48
1694509009290 166.3259801177895 49
