1694508993258 -236.60515148335256 0
1694508993613 -236.5109113485266 1
1694508993938 -236.41671257882376 2
1694508994264 -236.32255515546598 3
1694508994602 -236.2284390596837 4
1694508994925 -236.13436427271617 5
1694508995244 -236.04033077581124 6
1694508995568 -235.94633855022548 7
1694508995935 -235.852387577224 8
1694508996265 -235.75847783808064 9
1694508996612 -235.66460931407786 10
1694508996916 -235.57078198650683 11
1694508997204 -235.47699583666724 12
1694508997568 -235.38325084586754 13
1694508997940 -235.28954699542467 14
1694508998301 -235.19588426666434 15
1694508998607 -235.10226264092088 16
1694508998941 -235.00868209953705 17
1694508999272 -234.91514262386443 18
1694508999583 -234.82164419526308 19
1694508999886 -234.72818679510183 20
1694509000244 -234.6347704047579 21
1694509000567 -234.54139500561723 22
1694509000927 -234.44806057907442 23
1694509001299 -234.3547671065325 24
1694509001610 -234.2615145694032 25
1694509001936 -234.16830294910673 26
1694509002264 -234.07513222707203 27
1694509002660 -233.9820023847365 28
1694509002962 -233.88891340354613 29
1694509003271 -233.79586526495552 30
1694509003623 -233.70285795042776 31
1694509003959 -233.6098914414346 32
1694509004255 -233.51696571945624 33
1694509004621 -233.42408076598144 34
1694509004919 -233.33123656250768 35
1694509005227 -233.23843309054075 36
1694509005561 -233.14567033159508 37
1694509005876 -233.0529482671936 38
1694509006178 -232.96026687886788 39
1694509006485 -232.8676261481579 40
1694509006804 -232.77502605661215 41
1694509007091 -232.6824665857878 42
1694509007386 -232.58994771725034 43
1694509007748 -232.49746943257387 44
1694509008066 -232.405031713341 45
1694509008392 -232.31263454114284 46
1694509008725 -232.22027789757897 47
1694509009064 -232.12796176425744 48
1694509009400 -232.03568612279489 49
