1694510232900 2.906425999277226 0
1694510233262 2.121025769223939 1
1694510233586 1.5044170363388207 2
1694510233934 1.1421443374447615 3
1694510234284 0.8478187375807574 4
1694510234593 0.6903040591817691 5
1694510234914 0.5591238803168174 6
1694510235227 0.4506592445908429 7
1694510235554 0.4000624441997108 8
1694510235873 0.3661103078642187 9
1694510236233 0.34059239488766274 10
1694510236574 0.3346270546524313 11
1694510236880 0.32305137387010385 12
1694510237179 0.32230784289230474 13
1694510237527 0.3143073953842494 14
1694510237875 0.32583086696340835 15
1694510238212 0.3252166286253466 16
1694510238581 0.3208614258823056 17
1694510238900 0.3356712178124707 18
1694510239231 0.31658942543560215 19
1694510239599 0.3465101562631921 20
1694510239910 0.3161616571597279 21
1694510240264 0.331363793937923 22
1694510240573 0.3196971209347974 23
1694510240876 0.3236401357865013 24
1694510241200 0.3277384233620759 25
1694510241542 0.3215780160527412 26
1694510241848 0.31573845151074553 27
1694510242178 0.33532802226207964 28
1694510242495 0.3096128864830052 29
1694510242840 0.31819968228002155 30
1694510243156 0.31702925269752935 31
1694510243495 0.3166368821993545 32
1694510243842 0.3190949339577059 33
1694510244162 0.31505888780791985 34
1694510244509 0.31598034235703987 35
1694510244830 0.33508818846740757 36
1694510245122 0.33282369182005384 37
1694510245425 0.31530362654293337 38
1694510245753 0.3150680260656994 39
1694510246113 0.34051889600371554 40
1694510246430 0.31974935099669044 41
1694510246766 0.31958790443262775 42
1694510247094 0.33885343372743293 43
1694510247425 0.31821413438752205 44
1694510247761 0.322729873056373 45
1694510248046 0.34196014612781744 46
1694510248366 0.3298105399135623 47
1694510248669 0.3208583624576314 48
1694510248984 0.34214988424134285 49
