1694510233028 -3.072129780489157 0
1694510233372 -1.9717227282544303 1
1694510233713 -1.1078057440561082 2
1694510234068 -0.6002334039409496 3
1694510234386 -0.18786025538509454 4
1694510234694 0.03283010897725347 5
1694510235027 0.21662378309753227 6
1694510235341 0.36859120748042973 7
1694510235669 0.4394812758053869 8
1694510236010 0.4870508700484082 9
1694510236348 0.5228034587582551 10
1694510236677 0.5311613662462409 11
1694510236982 0.5473797989381017 12
1694510237303 0.5484215438984636 13
1694510237657 0.5596307955920881 14
1694510237976 0.543485512070752 15
1694510238353 0.5443461079467045 16
1694510238682 0.5504480870765416 17
1694510239000 0.5296984121229489 18
1694510239378 0.5564334932921515 19
1694510239703 0.5145122129680253 20
1694510240045 0.5570328300500009 21
1694510240354 0.5357334493270951 22
1694510240677 0.5520793692256477 23
1694510240973 0.5465548975182905 24
1694510241325 0.5408128765999336 25
1694510241651 0.5494440882910359 26
1694510241960 0.5576257742112907 27
1694510242294 0.5301792558883247 28
1694510242633 0.5662081691451328 29
1694510242935 0.5541773977122099 30
1694510243270 0.555817260953186 31
1694510243632 0.556367002660355 32
1694510243947 0.5529230802038205 33
1694510244286 0.558577896024371 34
1694510244619 0.5572868662469841 35
1694510244931 0.5305152817626786 36
1694510245224 0.5336880183944731 37
1694510245534 0.5582349979455845 38
1694510245885 0.5585650926116383 39
1694510246219 0.5229064364340081 40
1694510246544 0.5520061908304212 41
1694510246887 0.5522323900736296 42
1694510247214 0.5252398791348436 43
1694510247540 0.5541571491810728 44
1694510247843 0.5478302466833291 45
1694510248170 0.5208871324665415 46
1694510248468 0.5379096795049274 47
1694510248792 0.5504523791737252 48
1694510249104 0.52062129455332 49
