1694510232798 0.6340549251116847 0
1694510233166 0.0632188478272936 1
1694510233494 0.3953218494768512 2
1694510233837 0.021342995857875264 3
1694510234197 0.17046368158193426 4
1694510234515 0.13316587421714735 5
1694510234816 3.903877220839578e-06 6
1694510235138 0.13028010803780674 7
1694510235474 0.8264807534431341 8
1694510235788 0.11576390509841529 9
1694510236134 0.0034398157310124478 10
1694510236485 1.5335854913616056 11
1694510236795 0.030604315846164312 12
1694510237100 0.8914119593081258 13
1694510237428 0.572348021325639 14
1694510237779 0.02562826662122897 15
1694510238107 0.08191954066635675 16
1694510238489 0.2038319988608238 17
1694510238801 0.0514341859862523 18
1694510239131 0.0015338848374558775 19
1694510239512 0.19800908645491633 20
1694510239815 0.01379984219286763 21
1694510240165 0.01804739296692695 22
1694510240480 0.02657871100447338 23
1694510240791 0.06260040237848306 24
1694510241097 0.10323099100771806 25
1694510241442 0.23318715661875472 26
1694510241763 0.18314914234645327 27
1694510242092 0.08610642025302372 28
1694510242418 0.12213221341398192 29
1694510242750 0.09913059247340285 30
1694510243062 0.0032557335122608004 31
1694510243406 0.15869887362846313 32
1694510243757 0.04252933479501099 33
1694510244079 0.0105215338638134 34
1694510244416 0.27847647705412604 35
1694510244734 0.26590797235614994 36
1694510245043 1.3733841839370282 37
1694510245340 0.15235938900186555 38
1694510245658 0.1796519677702958 39
1694510246018 0.4009405627059804 40
1694510246345 0.025934990708191125 41
1694510246661 0.4623913610118956 42
1694510247013 0.010497496468807379 43
1694510247326 1.0085635549709502 44
1694510247659 0.7277011617654939 45
1694510247965 0.4045531732028552 46
1694510248280 0.32773349329384477 47
1694510248580 0.0005808543387107992 48
1694510248900 0.013680861659139135 49
