1694492904502 120.85568387425323 0
1694492904927 87.33277585979178 1
1694492905326 63.73307079063809 2
1694492905688 47.06953026812437 3
1694492906076 35.26114916298151 4
1694492906420 26.857827969586175 5
1694492906793 20.853336753411284 6
1694492907176 16.536445994570943 7
1694492907588 13.415539586782206 8
1694492907968 11.13677348285706 9
1694492908343 9.461151172725511 10
1694492908720 8.21279876353145 11
1694492909053 7.27346714276071 12
1694492909436 6.55954317563874 13
1694492909797 6.0052009710062455 14
1694492910234 5.571312157347857 15
1694492910610 5.224928265249942 16
1694492911005 4.944020856511653 17
1694492911372 4.711619075051903 18
1694492911764 4.5167989803243955 19
1694492912162 4.352033653036902 20
1694492912576 4.2093631228659945 21
1694492912955 4.085387174433109 22
1694492913368 3.976260946999112 23
1694492913746 3.879170522152718 24
1694492914116 3.79141858445375 25
1694492914514 3.7114452480205697 26
1694492914922 3.6388050228062467 27
1694492915307 3.5720568518029534 28
1694492915682 3.510101401037889 29
1694492916059 3.452502743705682 30
1694492916509 3.398676760150579 31
1694492916935 3.3481276068835344 32
1694492917326 3.3005471963909763 33
1694492917720 3.2556270929620417 34
1694492918119 3.212906982474455 35
1694492918546 3.1720063015620115 36
1694492918914 3.1331854103138554 37
1694492919253 3.096160750395851 38
1694492919670 3.060376614655278 39
1694492920174 3.0259825529748743 40
1694492920583 2.992735184130944 41
1694492921089 2.9609963171961597 42
1694492921491 2.9301247286239858 43
1694492921953 2.900291429985114 44
1694492922269 2.8713568619342267 45
1694492922631 2.8431854418835685 46
1694492922959 2.8160390941323574 47
1694492923335 2.7895823726748503 48
1694492923752 2.7638514834873282 49
