1694492904663 -170.00955553159858 0
1694492905086 -122.5749838515073 1
1694492905470 -89.18164275923488 2
1694492905859 -65.60290349776328 3
1694492906193 -48.89416511157967 4
1694492906565 -37.003551644305716 5
1694492906941 -28.507258038952102 6
1694492907335 -22.398901805447537 7
1694492907729 -17.98285118587573 8
1694492908124 -14.758420475623218 9
1694492908471 -12.387432059450996 10
1694492908847 -10.62102617931716 11
1694492909221 -9.29188155148223 12
1694492909576 -8.281686446153858 13
1694492909993 -7.497297901174511 14
1694492910383 -6.883349671391164 15
1694492910768 -6.393220009863604 16
1694492911158 -5.99573890203379 17
1694492911531 -5.666892760270735 18
1694492911924 -5.3912243205253665 19
1694492912311 -5.15808306904919 20
1694492912725 -4.9562057293175314 21
1694492913113 -4.780781031376346 22
1694492913517 -4.6263685366380365 23
1694492913889 -4.488986579355571 24
1694492914277 -4.364818485792418 25
1694492914664 -4.251657033393979 26
1694492915098 -4.148871858304147 27
1694492915459 -4.0544238796083585 28
1694492915825 -3.966757550988537 29
1694492916246 -3.885256040477487 30
1694492916654 -3.809092824741713 31
1694492917058 -3.737566290319963 32
1694492917483 -3.6702404965342987 33
1694492917864 -3.60667901001118 34
1694492918280 -3.546230490979638 35
1694492918683 -3.488356446172161 36
1694492919049 -3.433425282449692 37
1694492919395 -3.3810357676720963 38
1694492919808 -3.330401581906825 39
1694492920327 -3.281734336707072 40
1694492920793 -3.2346896501327 41
1694492921236 -3.189779478317848 42
1694492921663 -3.1460964965081155 43
1694492922071 -3.1038826843254537 44
1694492922406 -3.0629405667248504 45
1694492922760 -3.0230782957325353 46
1694492923108 -2.9846664915506897 47
1694492923471 -2.9472305015150115 48
1694492923896 -2.910821556711313 49
