1694344467048 13.751693474711924 0
1694344467646 8.940721310471417 1
1694344468096 7.835686930499088 2
1694344468686 7.388444202850831 3
1694344469226 5.116787679995851 4
1694344469760 2.2146674175196397 5
1694344470254 5.9813908582728486 6
1694344470734 4.103479967108001 7
1694344471225 3.7461041100019568 8
1694344471752 1.8934691236456405 9
1694344472259 4.4028988119220465 10
1694344472804 2.8316443111151117 11
1694344473338 3.4370307382323064 12
1694344473884 4.583021622346392 13
1694344474424 5.459786911124113 14
1694344475000 4.20504352654246 15
1694344475528 5.743498166492004 16
1694344476016 5.126934521070741 17
1694344476474 6.089547579518179 18
1694344476948 6.337568842798996 19
1694344477410 5.085265491005583 20
1694344477884 3.125199516301415 21
1694344478347 4.85098870228899 22
1694344478782 3.181366046884016 23
1694344479249 2.3748799709109663 24
1694344479731 2.834227366983206 25
1694344480191 2.6904327937659316 26
1694344480655 4.010373651964187 27
1694344481165 5.225372845294768 28
1694344481815 4.539713111371594 29
1694344482310 6.683818980538404 30
1694344482784 5.955669243650224 31
1694344483390 5.6922863209099015 32
1694344483921 4.437490013825297 33
1694344484529 3.6316556468014065 34
1694344485042 3.345859437097201 35
1694344485503 4.240301889500898 36
1694344486060 6.655832477296471 37
1694344486584 3.272675732452388 38
1694344487099 5.817587194617201 39
1694344487623 3.9040695616614065 40
1694344488185 3.572360563464994 41
1694344488725 3.52707375506688 42
1694344489238 3.550773447504149 43
1694344489754 3.9134779633046493 44
1694344490230 2.4930180104299655 45
1694344490805 4.125900063991376 46
1694344491359 3.357857709476387 47
1694344491865 2.1519067307816417 48
1694344492300 4.459851440462959 49
1694344492750 4.497931512888291 50
1694344493220 3.480697616264104 51
1694344493695 4.146636038415553 52
1694344494156 5.811559238973235 53
1694344494726 6.097330245811949 54
1694344495250 4.359759418601387 55
1694344495800 5.7586585118791085 56
1694344496295 6.651248396420847 57
1694344496830 4.219595569276246 58
1694344497376 3.890899811414772 59
1694344497897 3.9721059024166956 60
1694344498437 3.1370952499991276 61
1694344498950 3.7151004677455353 62
1694344499458 5.087848287015784 63
1694344499952 6.894123438204144 64
1694344500413 3.3714632315859965 65
1694344500930 3.6389090426477173 66
1694344501490 5.660827401298825 67
1694344501991 3.75164375868792 68
1694344502538 3.7689917509995468 69
1694344503059 7.34354383575884 70
1694344503575 6.291899315898585 71
1694344503999 3.406469006638682 72
1694344504544 6.55715408301691 73
1694344505027 3.6143704011789755 74
1694344505611 4.30989738673308 75
1694344506208 2.568627919861755 76
1694344506803 5.037505680880849 77
1694344507334 4.341731270765779 78
1694344507887 6.317843072130114 79
1694344508371 3.6934842795570852 80
1694344508903 6.327010112495723 81
1694344509493 4.7458620753929885 82
1694344509997 3.525300251385052 83
1694344510531 4.354831675499884 84
1694344511019 5.447668638277338 85
1694344511619 3.790768216711993 86
1694344512114 5.559520530714053 87
1694344512642 6.334585710813753 88
1694344513179 3.921420633136183 89
1694344513654 8.787698456574265 90
1694344514143 4.671380708077683 91
1694344514644 3.8228768874690564 92
1694344515126 3.8371198975787335 93
1694344515682 3.4007602563583674 94
1694344516045 5.881094491697902 95
1694344516387 5.704059305465 96
1694344516767 3.4000073170548006 97
1694344517107 4.1539335060061715 98
1694344517463 4.9601270790800225 99
