1694493460636 3.038900013725319 0
1694493461068 2.1394745911409663 1
1694493461500 1.6304116587097768 2
1694493461904 1.2298840279212992 3
1694493462413 0.9337989899331384 4
1694493462879 0.7995997768090001 5
1694493463298 0.5828083749314235 6
1694493463684 0.5152351354126871 7
1694493464178 0.40370626339571747 8
1694493464555 0.3425527728041843 9
1694493465052 0.3109421154607353 10
1694493465450 0.2742540384144306 11
1694493465868 0.29502958408581076 12
1694493466283 0.24078342922549462 13
1694493466736 0.22727830010144096 14
1694493467128 0.23193678545702714 15
1694493467521 0.21012203107106184 16
1694493467905 0.21476290961128322 17
1694493468358 0.20027136264525178 18
1694493468784 0.20097890365869986 19
1694493469200 0.19543345154770467 20
1694493469599 0.2654028460148355 21
1694493469988 0.22472560811940964 22
1694493470375 0.1954738635851574 23
1694493470750 0.21925925815195915 24
1694493471142 0.19777746792662862 25
1694493471544 0.21884433935754802 26
1694493471959 0.1959669668338127 27
1694493472369 0.2098385143562721 28
1694493472775 0.19538663496963302 29
1694493473184 0.19223666882007348 30
1694493473620 0.20192530005802228 31
1694493474059 0.21839735992751985 32
1694493474518 0.20780721536875088 33
1694493474932 0.20348439856010656 34
1694493475361 0.19825357995662576 35
1694493475827 0.19737324828062294 36
1694493476186 0.21104013809930233 37
1694493476583 0.19230796109042153 38
1694493477007 0.20516352236889684 39
1694493477406 0.21980481222335344 40
1694493477841 0.19767845997421418 41
1694493478237 0.2013573641917274 42
1694493478638 0.2014274390366983 43
1694493479043 0.19330383823086958 44
1694493479434 0.20566334582653975 45
1694493479843 0.20903560342859237 46
1694493480290 0.19547843740226864 47
1694493480689 0.240219188236491 48
1694493481126 0.19484978585741677 49
