1694493460778 -3.4813940243783277 0
1694493461238 -2.1550326120453334 1
1694493461647 -1.4043295375361353 2
1694493462095 -0.8136809070754254 3
1694493462570 -0.37705129966646367 4
1694493463017 -0.17915089193519873 5
1694493463423 0.14054626444468454 6
1694493463876 0.24019492363697148 7
1694493464319 0.4046639151619027 8
1694493464711 0.4948455223450946 9
1694493465191 0.5414610115963996 10
1694493465589 0.5955640516762508 11
1694493466004 0.5649268455146738 12
1694493466459 0.6449223679532397 13
1694493466880 0.6648380626722639 14
1694493467258 0.6579683044239213 15
1694493467655 0.6901380071146996 16
1694493468042 0.68329421322083 17
1694493468489 0.704664555016959 18
1694493468933 0.7036211610074992 19
1694493469358 0.7117989081661578 20
1694493469746 0.6086166959057473 21
1694493470110 0.6686024572040636 22
1694493470497 0.7117393134896841 23
1694493470886 0.676663554301254 24
1694493471265 0.7083422426141124 25
1694493471664 0.677275425240567 26
1694493472114 0.7110121457836245 27
1694493472525 0.6905561025129463 28
1694493472927 0.7118679474673077 29
1694493473321 0.7165131280970992 30
1694493473771 0.7022255326059521 31
1694493474208 0.6779345752414558 32
1694493474649 0.693551611119116 33
1694493475051 0.6999263668949708 34
1694493475506 0.7076401314566122 35
1694493475952 0.7089383357721513 36
1694493476325 0.6887840963800542 37
1694493476725 0.716407995071044 38
1694493477152 0.6974502027010461 39
1694493477564 0.6758590386066016 40
1694493477947 0.7084882473014373 41
1694493478360 0.70306305420454 42
1694493478766 0.702959716486914 43
1694493479183 0.7149393985900602 44
1694493479571 0.6967131248616276 45
1694493480000 0.69174013628081 46
1694493480416 0.7117325685896945 47
1694493480821 0.6457544408036164 48
1694493481266 0.7126596261644063 49
