1694493460479 1.8610664036144706 0
1694493460954 0.4639820830696971 1
1694493461385 11.21820745299728 2
1694493461795 0.25850911698472 3
1694493462254 1.5630555247961537 4
1694493462710 0.004800666016654594 5
1694493463173 0.41394531811890545 6
1694493463554 0.18784098670804647 7
1694493464026 5.37114575580546 8
1694493464443 0.49809266308980105 9
1694493464874 1.4071397833431063 10
1694493465341 3.6084471867275622e-06 11
1694493465738 0.029834126847129893 12
1694493466147 0.052956057899822294 13
1694493466586 0.10403145734868034 14
1694493467018 0.555544957803526 15
1694493467393 0.2597354213561593 16
1694493467789 0.013641441598015433 17
1694493468195 0.014396840643311086 18
1694493468634 0.0015849940324313898 19
1694493469077 0.0025112993589079227 20
1694493469488 0.016200877021566553 21
1694493469874 0.3694995721543668 22
1694493470252 0.0064879478539817455 23
1694493470633 0.8950771869142777 24
1694493471030 0.1074077168183745 25
1694493471411 0.28608674374701565 26
1694493471825 0.9617174393025512 27
1694493472251 0.07350921833748299 28
1694493472656 0.09776330069547128 29
1694493473053 0.09697481074204331 30
1694493473503 0.00018351806967903237 31
1694493473929 1.0644677750635858 32
1694493474400 0.00071506347180506 33
1694493474817 0.045896122914311714 34
1694493475201 0.22356868272553554 35
1694493475644 0.035580606847042666 36
1694493476075 0.20496258107710555 37
1694493476459 0.2565771138786799 38
1694493476877 0.02612906641304064 39
1694493477280 0.040269083745888334 40
1694493477708 0.0024725046360688503 41
1694493478088 0.18282874351379086 42
1694493478489 0.9588732035858336 43
1694493478900 0.6294574384396929 44
1694493479323 0.6968265378978737 45
1694493479709 0.007126328994626784 46
1694493480158 1.8415856857589732 47
1694493480557 0.026388253288737454 48
1694493480995 0.5170347145151014 49
