1694493727090 -3.065243460036159 0
1694493727561 -1.9460021887965682 1
1694493727969 -1.2286967633103432 2
1694493728399 -0.6843557098543793 3
1694493728829 -0.3186495205337534 4
1694493729285 -0.07229378824504917 5
1694493729773 0.14600391852495065 6
1694493730242 0.26760003364244833 7
1694493730695 0.373497018202677 8
1694493731151 0.47693064338594626 9
1694493731610 0.5259175293551894 10
1694493732090 0.5600913391743715 11
1694493732598 0.6147359148303304 12
1694493733017 0.6250511896568867 13
1694493733422 0.6192943517020202 14
1694493733902 0.6347350352705903 15
1694493734367 0.652357355031175 16
1694493734830 0.658560710318725 17
1694493735323 0.6719208780100315 18
1694493735778 0.6821139121886097 19
1694493736201 0.677309008998001 20
1694493736705 0.6742426549270836 21
1694493737182 0.6720015384180454 22
1694493737656 0.688006376774278 23
1694493738130 0.6907546581862121 24
1694493738625 0.6815090343696417 25
1694493739136 0.6770422956660906 26
1694493739596 0.6784999589239655 27
1694493740092 0.6819494054503356 28
1694493740622 0.7027770368072717 29
1694493741135 0.6963345739423487 30
1694493741571 0.6852902661625795 31
1694493742105 0.6964938577379647 32
1694493742645 0.7006919170593935 33
1694493743093 0.6851299702607023 34
1694493743544 0.6989295569706784 35
1694493744002 0.6887230613448783 36
1694493744520 0.6889468290130961 37
1694493745010 0.6901325637842189 38
1694493745432 0.6905369580667622 39
1694493745930 0.6831385940188504 40
1694493746383 0.683813716995645 41
1694493746853 0.6868135131883399 42
1694493747347 0.6955785945759679 43
1694493747849 0.7035302300014572 44
1694493748364 0.6952393365574985 45
1694493748838 0.6939663244155946 46
1694493749335 0.6790821550356267 47
1694493749812 0.6782434423794934 48
1694493750258 0.6951506808239594 49
