1694493726790 0.5295894350758663 0
1694493727256 0.4134515532643551 1
1694493727697 0.03828069455581058 2
1694493728109 3.1786094392432287 3
1694493728549 0.08747801987559865 4
1694493728998 0.08265237111125574 5
1694493729461 0.10360002291477617 6
1694493729916 0.7821677932987179 7
1694493730410 2.5969836640905764e-05 8
1694493730858 0.6391760613965702 9
1694493731328 0.0011824650054789605 10
1694493731771 0.03640271106478268 11
1694493732277 0.1629516356865466 12
1694493732738 0.1804109573611104 13
1694493733174 0.3049938077216878 14
1694493733597 0.06311518200315076 15
1694493734049 0.04881750530690167 16
1694493734521 0.06126072122314279 17
1694493735049 0.04269329214473474 18
1694493735486 0.010497707254267144 19
1694493735920 0.5839572769955121 20
1694493736347 0.014560491428179553 21
1694493736905 0.2022424903885772 22
1694493737362 0.15135088470743457 23
1694493737835 0.7876841173086422 24
1694493738286 0.018376218667881458 25
1694493738816 0.005039856500811317 26
1694493739310 0.0015714511283517491 27
1694493739779 0.0037426669988606166 28
1694493740244 0.020734193060568007 29
1694493740838 0.0010625151539390564 30
1694493741299 0.03632893778604817 31
1694493741817 0.0004540713345185522 32
1694493742318 0.0877948058650423 33
1694493742793 0.1632063383129128 34
1694493743271 0.0007168218778938957 35
1694493743727 0.46798350850385834 36
1694493744173 0.046389682870034955 37
1694493744720 0.20489532954301137 38
1694493745156 0.25790095885298614 39
1694493745589 0.5654127838179757 40
1694493746083 0.056235312566575886 41
1694493746535 0.06903041057780368 42
1694493747043 0.43981930071685194 43
1694493747488 0.0013769327612686468 44
1694493748061 0.14916024518939416 45
1694493748534 0.07513059233134943 46
1694493749010 0.10170167277329153 47
1694493749503 0.10734655343835445 48
1694493749956 0.0005828744996552181 49
