1694511991011 2.837660244115871 0
1694511991395 2.0826467561565436 1
1694511991784 1.5856556179083245 2
1694511992167 1.1898380956335055 3
1694511992525 0.9426071117415455 4
1694511992887 0.7302090823769846 5
1694511993224 0.5873066908151319 6
1694511993548 0.5069452686969607 7
1694511993932 0.426232023908092 8
1694511994280 0.3748943800404505 9
1694511994656 0.3399089194935562 10
1694511995038 0.3044774464700963 11
1694511995442 0.2726333407842045 12
1694511995811 0.2575904568506472 13
1694511996204 0.243890874381305 14
1694511996544 0.23347474885063016 15
1694511996944 0.22713343561560567 16
1694511997336 0.22478254128016958 17
1694511997729 0.23022414268673033 18
1694511998099 0.22370671116264101 19
1694511998497 0.21735510175435183 20
1694511998885 0.23271030501498013 21
1694511999241 0.22433827053859073 22
1694511999596 0.21469026763889576 23
1694511999931 0.22323447299332874 24
1694512000291 0.22373937741527414 25
1694512000674 0.22912219970583508 26
1694512001053 0.21870667526054716 27
1694512001382 0.23250411864012505 28
1694512001790 0.2271064077986959 29
1694512002186 0.21089831906363593 30
1694512002584 0.21995456583420345 31
1694512002963 0.21583289032182768 32
1694512003308 0.20937990725673616 33
1694512003692 0.21719136908918554 34
1694512004044 0.22512478667036326 35
1694512004407 0.21653919731272417 36
1694512004770 0.22079493856486349 37
1694512005143 0.2128444673712638 38
1694512005507 0.22233020204855083 39
1694512005898 0.21366091843750507 40
1694512006290 0.22110577981524843 41
1694512006636 0.2162530480686632 42
1694512007025 0.2305622490365698 43
1694512007399 0.2122732039928496 44
1694512007764 0.21056915074318727 45
1694512008095 0.21427973839410938 46
1694512008450 0.21584685802590844 47
1694512008831 0.2254374301501482 48
1694512009216 0.22262385693246645 49
