1694511991170 -3.015260197450446 0
1694511991548 -1.946923840753921 1
1694511991938 -1.2436864676287893 2
1694511992299 -0.6836087254328709 3
1694511992642 -0.333779414028752 4
1694511993013 -0.03323837671011787 5
1694511993348 0.16896704451625633 6
1694511993687 0.28267763418628267 7
1694511994064 0.3968860493338804 8
1694511994432 0.46952828988401785 9
1694511994796 0.5190323584259462 10
1694511995187 0.5691675300565668 11
1694511995594 0.6142266136269485 12
1694511995966 0.635512140405049 13
1694511996337 0.6548969093621158 14
1694511996699 0.669635620362381 15
1694511997079 0.6786085136764968 16
1694511997478 0.6819350050959899 17
1694511997876 0.6742351948091663 18
1694511998265 0.6834572936994576 19
1694511998632 0.6924447559933452 20
1694511999028 0.6707173005645252 21
1694511999384 0.6825636436475051 22
1694511999707 0.6962154689878928 23
1694512000068 0.6841255058749245 24
1694512000438 0.6834110712863728 25
1694512000812 0.6757944328469911 26
1694512001182 0.690532293317587 27
1694512001538 0.6710090521742991 28
1694512001939 0.6786467577607513 29
1694512002342 0.7015810374052505 30
1694512002750 0.6887665409300114 31
1694512003089 0.6945986695881077 32
1694512003443 0.7037295745686498 33
1694512003840 0.6926764360384908 34
1694512004172 0.6814507313722926 35
1694512004542 0.6935992524261665 36
1694512004905 0.6875774221186812 37
1694512005279 0.6988272574718856 38
1694512005661 0.6854050400051314 39
1694512006052 0.6976719875708316 40
1694512006421 0.6871375849313419 41
1694512006777 0.6940041506773194 42
1694512007177 0.6737567777852006 43
1694512007540 0.6996355893045509 44
1694512007883 0.7020468072091233 45
1694512008236 0.6967963636668446 46
1694512008589 0.6945789054298152 47
1694512008983 0.6810083440488011 48
1694512009363 0.6849895213504164 49
