1694511990921 0.7169832152578629 0
1694511991306 0.022786484162288092 1
1694511991679 1.1945071829701195 2
1694511992070 6.191347289991575 3
1694511992419 0.014578154200877486 4
1694511992768 0.13967894586382185 5
1694511993136 0.09622437626950538 6
1694511993461 0.14012228220203754 7
1694511993838 0.7913843827538333 8
1694511994189 0.3927620362872388 9
1694511994572 0.012471087130223733 10
1694511994949 0.1326820518824505 11
1694511995345 0.013598949911770224 12
1694511995721 0.5801268136726911 13
1694511996118 0.0034351994657715445 14
1694511996458 0.022516576306302938 15
1694511996850 0.07540266708231147 16
1694511997230 1.4046402331542474 17
1694511997633 0.0730951133350715 18
1694511998000 0.04222925672778632 19
1694511998407 0.14270037458134344 20
1694511998785 0.16862857367684514 21
1694511999149 0.003533043650602827 22
1694511999504 0.2270007017398428 23
1694511999835 0.08405275085738442 24
1694512000181 0.006733749643871828 25
1694512000580 0.04468531377776272 26
1694512000957 1.0934632070678501e-06 27
1694512001300 0.001442856575439435 28
1694512001684 0.0026572221037052 29
1694512002098 0.00011409994675141699 30
1694512002479 0.28497037032901384 31
1694512002873 0.003641044761961351 32
1694512003212 0.021764209467001253 33
1694512003592 0.09643122954283984 34
1694512003957 0.05324850696317104 35
1694512004319 0.00421737950171224 36
1694512004672 0.048105551197336456 37
1694512005047 0.2221139449468751 38
1694512005425 0.0678153952890078 39
1694512005808 0.004550883808872974 40
1694512006199 0.01631100905374094 41
1694512006539 3.786737941316904e-05 42
1694512006929 1.0528753409315061 43
1694512007304 0.37294867881633376 44
1694512007663 0.020491128020328066 45
1694512008005 0.2640437811998786 46
1694512008362 0.0765545005513191 47
1694512008728 0.011762690709795904 48
1694512009136 0.0076102549337550875 49
