1694492794721 10.32208271646502 0
1694492795092 4.404716717247987 1
1694492795459 3.565324499574437 2
1694492795825 3.160714980868898 3
1694492796168 2.8680734847540874 4
1694492796548 2.642867705651419 5
1694492796902 2.4455628145975226 6
1694492797374 2.282584413569765 7
1694492797755 2.1332170503617336 8
1694492798113 1.9889423169396052 9
1694492798468 1.8703892717158923 10
1694492798994 1.7589397266662963 11
1694492799379 1.6577960109127992 12
1694492799743 1.5637009533818826 13
1694492800107 1.4715167007723107 14
1694492800469 1.3845782682929986 15
1694492800880 1.3120828820554602 16
1694492801231 1.2325420034449674 17
1694492801624 1.1687752427686544 18
1694492801937 1.0998444345381806 19
1694492802265 1.0531155165012227 20
1694492802607 0.9884542297722885 21
1694492802946 0.9447116172311647 22
1694492803334 0.900973870889675 23
1694492803750 0.8554468401303535 24
1694492804209 0.8135405782788746 25
1694492804626 0.7681115135949651 26
1694492804968 0.7285175820247359 27
1694492805317 0.7075578793891102 28
1694492805691 0.677105910357523 29
1694492806047 0.639419418566469 30
1694492806441 0.6219067956498362 31
1694492806878 0.5954792003232564 32
1694492807216 0.5687412206597586 33
1694492807611 0.5520588312682583 34
1694492807974 0.5275664377412764 35
1694492808283 0.5104724093848927 36
1694492808583 0.49623924699210115 37
1694492808906 0.48428246961910426 38
1694492809361 0.46304382166245145 39
1694492809826 0.4491825250856872 40
1694492810233 0.4349112000390069 41
1694492810608 0.42624704807053815 42
1694492810995 0.41576088590201343 43
1694492811306 0.4057907259665346 44
1694492811647 0.4048741822141907 45
1694492811971 0.3985556702772237 46
1694492812307 0.3897802501205414 47
1694492812633 0.38394374571074064 48
1694492812996 0.3725300792880381 49
