1694492794853 -14.221731414584896 0
1694492795223 -5.4955316353289705 1
1694492795613 -4.257699771364285 2
1694492795966 -3.6610316772696683 3
1694492796314 -3.229480179671569 4
1694492796702 -2.8973745400756927 5
1694492797087 -2.6064136806344416 6
1694492797535 -2.3660732847116472 7
1694492797903 -2.145804764558183 8
1694492798245 -1.9330462251832365 9
1694492798637 -1.7582188514500308 10
1694492799157 -1.5938668415289543 11
1694492799513 -1.4447125944876062 12
1694492799873 -1.305952837128673 13
1694492800273 -1.170010898624454 14
1694492800601 -1.0418048470788488 15
1694492801024 -0.934897614457648 16
1694492801395 -0.8176005607576498 17
1694492801733 -0.7235652259463277 18
1694492802042 -0.6219145922616305 19
1694492802398 -0.5530045612929655 20
1694492802745 -0.45765009005439583 21
1694492803090 -0.39314389321767207 22
1694492803490 -0.3286448724505333 23
1694492803890 -0.26150723624301553 24
1694492804350 -0.19970906236527952 25
1694492804768 -0.13271589441369658 26
1694492805113 -0.07432765934868213 27
1694492805467 -0.043418881264570386 28
1694492805855 0.0014879177193870552 29
1694492806221 0.05706329642530783 30
1694492806589 0.08288874752120656 31
1694492807022 0.12186089772039643 32
1694492807360 0.16129076436515644 33
1694492807757 0.18589188970451065 34
1694492808108 0.22201024354925802 35
1694492808398 0.2472184031408412 36
1694492808699 0.2682077113138568 37
1694492809057 0.28584008830163543 38
1694492809531 0.317160220457659 39
1694492809969 0.3376011469010065 40
1694492810368 0.3586467326377193 41
1694492810763 0.3714235527642241 42
1694492811126 0.3868872482686647 43
1694492811451 0.4015900074759934 44
1694492811765 0.40294161288462294 45
1694492812091 0.41225937309700156 46
1694492812460 0.42520027779078784 47
1694492812770 0.4338072328953342 48
1694492813160 0.450638697001402 49
