1694492794610 10.572002543097275 0
1694492794963 2.203863780538993 1
1694492795351 3.033410228265747 2
1694492795712 2.140462588885376 3
1694492796060 4.405288070920748 4
1694492796411 3.7088182626296335 5
1694492796788 2.627955204312768 6
1694492797236 2.12357895662961 7
1694492797639 1.0889952048792388 8
1694492797994 2.584535931554767 9
1694492798352 2.1256992199426734 10
1694492798846 1.3914843442670852 11
1694492799250 1.4892147231580977 12
1694492799601 0.7608495417013872 13
1694492799973 1.0521393688673732 14
1694492800362 1.2111009019932428 15
1694492800708 1.1190427927089661 16
1694492801128 1.4088908839549552 17
1694492801498 1.6375689925167065 18
1694492801836 0.6972864566160392 19
1694492802151 1.4452733030891352 20
1694492802512 0.753008389470502 21
1694492802837 1.1181502044184308 22
1694492803218 0.7298440869098435 23
1694492803619 0.49805123950294056 24
1694492804069 1.1413625135129046 25
1694492804482 0.5925287568817743 26
1694492804866 0.6288989646883476 27
1694492805214 0.4647433571745154 28
1694492805564 0.44604523473620317 29
1694492805944 0.385038804914863 30
1694492806323 0.5253175391032794 31
1694492806717 0.4552730015089863 32
1694492807121 0.5328295594884415 33
1694492807474 0.3387902147227885 34
1694492807854 0.4061342445373527 35
1694492808195 0.3975366748837171 36
1694492808499 0.4705105877058659 37
1694492808805 0.43953247462012857 38
1694492809185 0.6748547995570721 39
1694492809667 0.34228767921531583 40
1694492810102 0.6175273452113704 41
1694492810496 0.5391986737788873 42
1694492810899 0.362380785243724 43
1694492811214 0.5053336398567332 44
1694492811545 0.3904309073836286 45
1694492811876 0.32566444910004366 46
1694492812188 0.26218963595653605 47
1694492812545 0.42150357568770674 48
1694492812884 0.39478029540496384 49
