1694510265437 34.378146572695435 0
1694510265800 10.542949341173118 1
1694510266127 5.734252438969949 2
1694510266525 4.441166822110223 3
1694510266832 3.8992382134126005 4
1694510267155 3.574271700694366 5
1694510267515 3.3454421954766014 6
1694510267820 3.1628470662110195 7
1694510268132 3.007097734196693 8
1694510268487 2.872538349750034 9
1694510268820 2.7512856954329927 10
1694510269151 2.6416101358327055 11
1694510269477 2.542906908033295 12
1694510269824 2.4503417746652927 13
1694510270161 2.362560068615996 14
1694510270532 2.2805777856232172 15
1694510270840 2.202978844725441 16
1694510271151 2.1303977531378666 17
1694510271465 2.060142325478093 18
1694510271804 1.994774532475846 19
1694510272142 1.9297225174292747 20
1694510272539 1.8709039165957992 21
1694510272880 1.8135754642046127 22
1694510273231 1.7612408574972924 23
1694510273562 1.7082325549068145 24
1694510273924 1.6555441196455132 25
1694510274282 1.6075018537037673 26
1694510274645 1.559832629183237 27
1694510275017 1.5124199478987521 28
1694510275379 1.468676202267615 29
1694510275751 1.4277029362322782 30
1694510276111 1.3888793894495186 31
1694510276441 1.349571084436836 32
1694510276813 1.3114570469418394 33
1694510277159 1.2726344945637293 34
1694510277520 1.2385763458309733 35
1694510277873 1.2033344968575808 36
1694510278216 1.1728200673038434 37
1694510278563 1.1379363623540455 38
1694510278924 1.1073290435747782 39
1694510279301 1.0778507554167642 40
1694510279624 1.0488116812465968 41
1694510279988 1.0189340329987604 42
1694510280369 0.9909963586752878 43
1694510280708 0.9663888606940557 44
1694510281059 0.9434478913670514 45
1694510281423 0.9184294047509655 46
1694510281745 0.8964856565887382 47
1694510282097 0.8746515790591369 48
1694510282436 0.853274433578003 49
