1694510265564 -49.69664020673666 0
1694510265912 -14.547438205753098 1
1694510266283 -7.4561665399365555 2
1694510266623 -5.549283743453564 3
1694510266952 -4.75011443295031 4
1694510267276 -4.270893997384446 5
1694510267619 -3.9334445345351456 6
1694510267915 -3.664175813130833 7
1694510268261 -3.434495954419625 8
1694510268589 -3.236064410551861 9
1694510268947 -3.0572559870952825 10
1694510269263 -2.895520031587303 11
1694510269606 -2.7499647144497406 12
1694510269932 -2.6134611000933634 13
1694510270294 -2.4840114929452786 14
1694510270621 -2.363114157906489 15
1694510270931 -2.248680833852803 16
1694510271251 -2.1416472135775906 17
1694510271600 -2.0380431949285223 18
1694510271922 -1.9416468555873134 19
1694510272289 -1.8457161865337763 20
1694510272668 -1.7589777860905507 21
1694510273005 -1.6744368723347933 22
1694510273340 -1.5972602647770913 23
1694510273681 -1.5190901738236224 24
1694510274049 -1.441391783660272 25
1694510274397 -1.3705449895780255 26
1694510274771 -1.300248310862632 27
1694510275142 -1.2303299503939118 28
1694510275530 -1.1658220826161267 29
1694510275883 -1.1053997756166511 30
1694510276229 -1.0481476087893031 31
1694510276584 -0.9901805804577817 32
1694510276925 -0.9339747102075051 33
1694510277279 -0.8767240098051907 34
1694510277662 -0.8264992628497101 35
1694510277989 -0.7745289411266867 36
1694510278341 -0.7295300330869987 37
1694510278700 -0.6780878578906644 38
1694510279050 -0.6329519683055689 39
1694510279415 -0.5894810334924543 40
1694510279747 -0.5466577971661835 41
1694510280143 -0.5025979354676755 42
1694510280491 -0.46139890746321055 43
1694510280840 -0.4251108118003293 44
1694510281184 -0.3912803065546324 45
1694510281543 -0.354386135665846 46
1694510281869 -0.32202620890204403 47
1694510282208 -0.28982801082805754 48
1694510282566 -0.2583036396461371 49
