1694510265353 14.813259264961317 0
1694510265698 9.506050186041339 1
1694510266041 1.9888844256822278 2
1694510266422 0.19808051934967635 3
1694510266752 5.410445945049588 4
1694510267074 6.8275043590454505 5
1694510267410 2.218911716473837 6
1694510267747 0.09481100398985982 7
1694510268035 0.39550978402042586 8
1694510268391 3.184619512568736 9
1694510268713 0.31199300137381664 10
1694510269070 0.1410189154243949 11
1694510269383 11.027541701851808 12
1694510269735 0.06833128898381445 13
1694510270062 3.7329530559151975 14
1694510270429 4.250472249351538 15
1694510270748 0.9967189997800112 16
1694510271064 3.515466680621041 17
1694510271373 1.122937868150595 18
1694510271722 17.690083860618515 19
1694510272045 0.0013006477310413972 20
1694510272431 0.0486013746448424 21
1694510272797 0.049145349114236694 22
1694510273128 11.85448538636829 23
1694510273468 0.4677457180259386 24
1694510273832 1.1287570040183164 25
1694510274187 0.5820573184431567 26
1694510274542 0.21414761976171282 27
1694510274922 6.998147701131982 28
1694510275285 0.0014757910136054995 29
1694510275659 0.6407562836720184 30
1694510276017 0.6372802395257873 31
1694510276347 0.18321871345428856 32
1694510276714 0.02399434341527977 33
1694510277062 0.26264230380352227 34
1694510277419 0.000516370584275367 35
1694510277783 0.6156823606173676 36
1694510278118 0.905561071690713 37
1694510278465 0.10399447404219815 38
1694510278831 0.0071548391594278655 39
1694510279198 0.3923356864453997 40
1694510279533 0.00010991276231342434 41
1694510279883 0.6296608898632595 42
1694510280280 2.5119482000414273 43
1694510280617 0.025768340343669656 44
1694510280965 0.15085887173922527 45
1694510281335 5.779761095674071e-05 46
1694510281663 2.390635178128087 47
1694510282004 0.05588678852511941 48
1694510282339 0.15544262002676637 49
