1694493431746 0.42497753341708266 0
1694493432208 0.2792384262635725 1
1694493432662 0.22288274235055372 2
1694493433058 0.21276892657767407 3
1694493433520 0.23805829043400875 4
1694493433942 0.21530684856858587 5
1694493434399 0.25029023091500563 6
1694493434800 0.2339041318047324 7
1694493435223 0.21922925207795416 8
1694493435648 0.22100962780416128 9
1694493436053 0.25412641898518257 10
1694493436501 0.22891672567610816 11
1694493436916 0.23987863124134073 12
1694493437291 0.23840244350845946 13
1694493437752 0.2233450756666579 14
1694493438169 0.25290163591316045 15
1694493438659 0.23556643486831771 16
1694493439091 0.24097918698303764 17
1694493439580 0.26625948025263024 18
1694493439994 0.21174620558566618 19
1694493440457 0.24009181861419565 20
1694493440916 0.2221928678030299 21
1694493441395 0.21755784545849513 22
1694493441878 0.2392787480717784 23
1694493442353 0.22485107737414403 24
1694493442783 0.2177369505104394 25
1694493443284 0.22165599628828817 26
1694493443813 0.20810269221585895 27
1694493444194 0.21243546005281275 28
1694493444644 0.23152671076521952 29
1694493445045 0.21933825697419934 30
1694493445439 0.2427002994121009 31
1694493445867 0.21309843596168765 32
1694493446283 0.253080290734799 33
1694493446714 0.23477778917806583 34
1694493447147 0.24796805392078017 35
1694493447621 0.21826327972375553 36
1694493448089 0.2709962956490632 37
1694493448517 0.2645134131877731 38
1694493448956 0.24639436689822403 39
1694493449393 0.21087044694054682 40
1694493449819 0.2153428512929589 41
1694493450270 0.22752931907808172 42
1694493450697 0.21573468759149333 43
1694493451119 0.23383542594979354 44
1694493451537 0.21875136459233116 45
1694493451999 0.210784326066017 46
1694493452402 0.236647745001058 47
1694493452820 0.23830608758164995 48
1694493453242 0.2560708644414765 49
