1694493431888 0.3986611405369498 0
1694493432384 0.6048804852872158 1
1694493432795 0.6846232011339276 2
1694493433238 0.6989341469215347 3
1694493433678 0.6631499559417509 4
1694493434125 0.6953430132840694 5
1694493434544 0.6458418853745387 6
1694493434947 0.6690280478777448 7
1694493435382 0.6897928524703623 8
1694493435777 0.6872736390427613 9
1694493436228 0.6404137185247349 10
1694493436644 0.6760851764957007 11
1694493437043 0.6605741923334643 12
1694493437495 0.662662982864358 13
1694493437894 0.6839690042243582 14
1694493438349 0.6421467740340403 15
1694493438809 0.6666759060590919 16
1694493439245 0.6590169172249046 17
1694493439741 0.6232455610325088 18
1694493440146 0.700381286656047 19
1694493440594 0.660272534383187 20
1694493441092 0.6855993665567086 21
1694493441582 0.6921578757273872 22
1694493442004 0.661423020877635 23
1694493442517 0.6818380272245922 24
1694493443014 0.6919044439123117 25
1694493443504 0.686359034254333 26
1694493443942 0.7055368207771602 27
1694493444375 0.6994059986406522 28
1694493444786 0.6723920743119636 29
1694493445198 0.6896386116580142 30
1694493445611 0.6565815607561079 31
1694493446031 0.698467894516209 32
1694493446464 0.6418939792902385 33
1694493446897 0.6677918316377532 34
1694493447320 0.6491277420501866 35
1694493447776 0.6911596934632873 36
1694493448247 0.6165430157354084 37
1694493448687 0.6257162280555035 38
1694493449115 0.6513544930779096 39
1694493449542 0.7016204761741061 40
1694493450016 0.6952920697976268 41
1694493450434 0.6780483426295911 42
1694493450845 0.6947376254462694 43
1694493451267 0.6691252659591695 44
1694493451688 0.690469058370579 45
1694493452153 0.7017423363299814 46
1694493452563 0.6651458632901963 47
1694493452950 0.6627993255144371 48
1694493453411 0.6376623481085762 49
