1694493431610 0.4429147694869336 0
1694493432033 0.08095431392043126 1
1694493432540 0.006336333714355095 2
1694493432950 0.0542700191750292 3
1694493433392 0.0001248681314295159 4
1694493433806 0.06528139210575688 5
1694493434258 0.05377625141745091 6
1694493434681 0.01618457686426219 7
1694493435096 0.03958205251601047 8
1694493435544 0.003922084023378876 9
1694493435936 0.0007146870028704541 10
1694493436379 0.03164449503304198 11
1694493436794 1.4730563130351908 12
1694493437192 0.06305639089726621 13
1694493437636 0.13725413088736446 14
1694493438033 0.09466515211315943 15
1694493438521 0.006876222697279151 16
1694493438970 0.006788515909925508 17
1694493439423 0.23306889732731798 18
1694493439872 0.045727795960749565 19
1694493440317 0.19248189886872777 20
1694493440770 1.4391856924371564 21
1694493441257 0.011390842553463591 22
1694493441744 0.535664139263671 23
1694493442196 0.008315316320256116 24
1694493442664 0.12361244872209173 25
1694493443166 0.029467455453069915 26
1694493443666 0.008605846874393345 27
1694493444076 0.0015698392782625497 28
1694493444520 0.09990181870672021 29
1694493444924 0.2852215605107217 30
1694493445326 0.003547903525578564 31
1694493445764 0.12524558315075973 32
1694493446168 0.0969909135966452 33
1694493446587 0.04848537583465949 34
1694493447026 0.002951116532441387 35
1694493447470 0.03543746442003712 36
1694493447922 0.3524252537224194 37
1694493448379 0.19478620823703666 38
1694493448834 0.09268700963761442 39
1694493449280 0.20415885803907965 40
1694493449683 0.09702879769313355 41
1694493450145 0.3642319207605365 42
1694493450570 0.05481909541781405 43
1694493450983 0.00700044392300277 44
1694493451410 1.700964592982106 45
1694493451828 0.006216243271576274 46
1694493452294 0.05223897492065272 47
1694493452702 0.06300090198344316 48
1694493453090 0.07372506395192382 49
