1694513338393 168.81933368504525 0
1694513338777 168.75202811160048 1
1694513339164 168.68475070719668 2
1694513339565 168.61750145991144 3
1694513339932 168.55028035782738 4
1694513340297 168.4830873890323 5
1694513340663 168.41592254161893 6
1694513341056 168.3487858036851 7
1694513341453 168.28167716333377 8
1694513341858 168.21459660867293 9
1694513342225 168.14754412781565 10
1694513342640 168.08051970887993 11
1694513342990 168.01352333998904 12
1694513343383 167.9465550092711 13
1694513343771 167.87961470485942 14
1694513344155 167.81270241489221 15
1694513344561 167.74581812751293 16
1694513344945 167.67896183086995 17
1694513345318 167.61213351311662 18
1694513345683 167.54533316241154 19
1694513346053 167.4785607669181 20
1694513346396 167.4118163148049 21
1694513346810 167.34509979424553 22
1694513347162 167.2784111934186 23
1694513347536 167.21175050050772 24
1694513347906 167.1451177037016 25
1694513348263 167.07851279119393 26
1694513348600 167.01193575118333 27
1694513348982 166.94538657187363 28
1694513349348 166.87886524147353 29
1694513349701 166.81237174819682 30
1694513350100 166.74590608026233 31
1694513350424 166.67946822589374 32
1694513350793 166.61305817331996 33
1694513351159 166.5466759107747 34
1694513351516 166.48032142649683 35
1694513351903 166.41399470873017 36
1694513352263 166.34769574572354 37
1694513352636 166.28142452573073 38
1694513352999 166.21518103701058 39
1694513353339 166.14896526782687 40
1694513353732 166.08277720644844 41
1694513354086 166.01661684114904 42
1694513354480 165.95048416020748 43
1694513354870 165.88437915190747 44
1694513355235 165.8183018045379 45
1694513355590 165.75225210639232 46
1694513355964 165.68623004576955 47
1694513356336 165.6202356109732 48
1694513356691 165.55426879031205 49
