1694513338540 -237.87762902949856 0
1694513338898 -237.782392332054 1
1694513339318 -237.68719549351405 2
1694513339705 -237.5920384970086 3
1694513340100 -237.49692132567472 4
1694513340431 -237.40184396265678 5
1694513340805 -237.30680639110605 6
1694513341229 -237.21180859418118 7
1694513341594 -237.1168505550479 8
1694513341995 -237.02193225687915 9
1694513342417 -236.92705368285507 10
1694513342752 -236.83221481616278 11
1694513343143 -236.73741563999673 12
1694513343549 -236.6426561375584 13
1694513343914 -236.5479362920565 14
1694513344319 -236.45325608670683 15
1694513344689 -236.35861550473237 16
1694513345076 -236.26401452936327 17
1694513345448 -236.16945314383662 18
1694513345809 -236.07493133139693 19
1694513346168 -235.98044907529555 20
1694513346529 -235.88600635879118 21
1694513346941 -235.79160316514955 22
1694513347298 -235.69723947764354 23
1694513347692 -235.60291527955303 24
1694513348047 -235.50863055416522 25
1694513348372 -235.41438528477423 26
1694513348741 -235.32017945468132 27
1694513349130 -235.22601304719495 28
1694513349463 -235.13188604563064 29
1694513349838 -235.03779843331094 30
1694513350220 -234.94375019356562 31
1694513350575 -234.84974130973137 32
1694513350930 -234.75577176515213 33
1694513351293 -234.6618415431788 34
1694513351667 -234.5679506271695 35
1694513352030 -234.47409900048928 36
1694513352401 -234.3802866465104 37
1694513352777 -234.28651354861213 38
1694513353115 -234.19277969018074 39
1694513353474 -234.0990850546097 40
1694513353865 -234.00542962529946 41
1694513354235 -233.91181338565758 42
1694513354629 -233.81823631909862 43
1694513355007 -233.72469840904418 44
1694513355356 -233.63119963892314 45
1694513355717 -233.53773999217105 46
1694513356118 -233.4443194522308 47
1694513356464 -233.35093800255217 48
1694513356833 -233.25759562659215 49
