1694513338241 169.0120284050584 0
1694513338629 168.94449248208267 1
1694513338998 168.87698485436917 2
1694513339415 168.80950550994413 3
1694513339796 168.74205443683888 4
1694513340188 168.67463162308988 5
1694513340529 168.6072370567386 6
1694513340913 168.5398707258316 7
1694513341318 168.47253261842064 8
1694513341688 168.40522272256234 9
1694513342094 168.33794102631862 10
1694513342515 168.2706875177564 11
1694513342851 168.20346218494757 12
1694513343239 168.13626501596917 13
1694513343640 168.06909599890335 14
1694513344012 168.00195512183728 15
1694513344412 167.9348423728632 16
1694513344795 167.86775774007842 17
1694513345176 167.80070121158525 18
1694513345540 167.73367277549116 19
1694513345913 167.66667241990856 20
1694513346271 167.599700132955 21
1694513346631 167.53275590275308 22
1694513347034 167.4658397174304 23
1694513347402 167.39895156511966 24
1694513347774 167.33209143395848 25
1694513348134 167.26525931208974 26
1694513348478 167.19845518766112 27
1694513348842 167.1316790488255 28
1694513349224 167.06493088374083 29
1694513349569 166.99821068056985 30
1694513349930 166.9315184274806 31
1694513350317 166.86485411264604 32
1694513350665 166.79821772424413 33
1694513351015 166.73160925045784 34
1694513351391 166.6650286794753 35
1694513351756 166.59847599948952 36
1694513352126 166.53195119869855 37
1694513352500 166.46545426530554 38
1694513352876 166.39898518751858 39
1694513353223 166.33254395355073 40
1694513353575 166.2661305516202 41
1694513353960 166.19974496995005 42
1694513354333 166.13338719676847 43
1694513354723 166.06705722030858 44
1694513355099 166.00075502880856 45
1694513355449 165.9344806105115 46
1694513355820 165.86823395366562 47
1694513356212 165.802015046524 48
1694513356550 165.73582387734476 49
